# stan_version_major = 2
# stan_version_minor = 35
# stan_version_patch = 0
# model = all_spp_load_nbinom_constr_brightload_model
# start_datetime = 2024-09-01 04:24:37 UTC
# method = sample (Default)
#   sample
#     num_samples = 500
#     num_warmup = 1000 (Default)
#     save_warmup = false (Default)
#     thin = 1 (Default)
#     adapt
#       engaged = true (Default)
#       gamma = 0.05 (Default)
#       delta = 0.8 (Default)
#       kappa = 0.75 (Default)
#       t0 = 10 (Default)
#       init_buffer = 75 (Default)
#       term_buffer = 50 (Default)
#       window = 25 (Default)
#       save_metric = false (Default)
#     algorithm = hmc (Default)
#       hmc
#         engine = nuts (Default)
#           nuts
#             max_depth = 10 (Default)
#         metric = diag_e (Default)
#         metric_file =  (Default)
#         stepsize = 1 (Default)
#         stepsize_jitter = 0 (Default)
#     num_chains = 1 (Default)
# id = 8
# data
#   file = C:/Users/alexf/AppData/Local/Temp/Rtmpuqkmfz/standata-492c6975b21.json
# init = 2 (Default)
# random
#   seed = 1004733116
# output
#   file = C:/Users/alexf/Desktop/PhD_Fuster-Calvo/naesiotus_nematodes/naesiotus_nematodes/output/models/missing_data_load_nbinom_constr_brightload/all_spp_load_nbinom_constr_brightload-202409010024-8-40e61d.csv
#   diagnostic_file =  (Default)
#   refresh = 0
#   sig_figs = -1 (Default)
#   profile_file = C:/Users/alexf/Desktop/PhD_Fuster-Calvo/naesiotus_nematodes/naesiotus_nematodes/output/models/missing_data_load_nbinom_constr_brightload/all_spp_load_nbinom_constr_brightload-profile-202409010024-8-73451a.csv
#   save_cmdstan_config = false (Default)
# num_threads = 1 (Default)
# stanc_version = stanc3 v2.35.0
# stancflags = --warn-pedantic --name=all_spp_load_nbinom_constr_brightload_model
lp__,accept_stat__,stepsize__,treedepth__,n_leapfrog__,divergent__,energy__,mu_ln_bright,sd_ln_bright_sp,sd_ln_bright_island,sp_effect_bright.1,sp_effect_bright.2,sp_effect_bright.3,sp_effect_bright.4,sp_effect_bright.5,sp_effect_bright.6,sp_effect_bright.7,sp_effect_bright.8,sp_effect_bright.9,sp_effect_bright.10,sp_effect_bright.11,sp_effect_bright.12,sp_effect_bright.13,sp_effect_bright.14,sp_effect_bright.15,sp_effect_bright.16,sp_effect_bright.17,sp_effect_bright.18,sp_effect_bright.19,sp_effect_bright.20,sp_effect_bright.21,sp_effect_bright.22,sp_effect_bright.23,sp_effect_bright.24,sp_effect_bright.25,sp_effect_bright.26,sp_effect_bright.27,sp_effect_bright.28,sp_effect_bright.29,sp_effect_bright.30,sp_effect_bright.31,sp_effect_bright.32,sp_effect_bright.33,sp_effect_bright.34,sp_effect_bright.35,sp_effect_bright.36,sp_effect_bright.37,sp_effect_bright.38,sp_effect_bright.39,sp_effect_bright.40,sp_effect_bright.41,sp_effect_bright.42,sp_effect_bright.43,sp_effect_bright.44,sp_effect_bright.45,sp_effect_bright.46,island_effect_bright.1,island_effect_bright.2,island_effect_bright.3,island_effect_bright.4,island_effect_bright.5,island_effect_bright.6,island_effect_bright.7,island_effect_bright.8,island_effect_bright.9,island_effect_bright.10,island_effect_bright.11,island_effect_bright.12,island_effect_bright.13,island_effect_bright.14,island_effect_bright.15,slope_arbor_bright,slope_arid_bright,slope_age_bright,slope_area_bright,sigma_bright,mu_load,sd_load_sp,sd_load_island,sp_effect_load.1,sp_effect_load.2,sp_effect_load.3,sp_effect_load.4,sp_effect_load.5,sp_effect_load.6,sp_effect_load.7,sp_effect_load.8,sp_effect_load.9,sp_effect_load.10,sp_effect_load.11,sp_effect_load.12,sp_effect_load.13,sp_effect_load.14,sp_effect_load.15,sp_effect_load.16,sp_effect_load.17,sp_effect_load.18,sp_effect_load.19,sp_effect_load.20,sp_effect_load.21,sp_effect_load.22,sp_effect_load.23,sp_effect_load.24,sp_effect_load.25,sp_effect_load.26,sp_effect_load.27,sp_effect_load.28,sp_effect_load.29,sp_effect_load.30,sp_effect_load.31,sp_effect_load.32,sp_effect_load.33,sp_effect_load.34,sp_effect_load.35,sp_effect_load.36,sp_effect_load.37,sp_effect_load.38,sp_effect_load.39,sp_effect_load.40,sp_effect_load.41,sp_effect_load.42,sp_effect_load.43,sp_effect_load.44,sp_effect_load.45,sp_effect_load.46,island_effect_load.1,island_effect_load.2,island_effect_load.3,island_effect_load.4,island_effect_load.5,island_effect_load.6,island_effect_load.7,island_effect_load.8,island_effect_load.9,island_effect_load.10,island_effect_load.11,island_effect_load.12,island_effect_load.13,island_effect_load.14,island_effect_load.15,slope_bright_load,slope_arbor_load,slope_arid_load,slope_age_load,slope_area_load,phi_load,arboreal_prob_bright.1,arboreal_prob_bright.2,arboreal_prob_bright.3,arboreal_prob_bright.4,arboreal_prob_bright.5,arboreal_prob_bright.6,arboreal_prob_bright.7,arboreal_prob_bright.8,arboreal_prob_bright.9,arboreal_prob_bright.10,arboreal_prob_bright.11,arboreal_prob_bright.12,arboreal_prob_bright.13,arboreal_prob_bright.14,arboreal_prob_bright.15,arboreal_prob_bright.16,arboreal_prob_bright.17,arboreal_prob_bright.18,arboreal_prob_bright.19,arboreal_prob_bright.20,arboreal_prob_bright.21,arboreal_prob_bright.22,arboreal_prob_bright.23,arboreal_prob_bright.24,arboreal_prob_bright.25,arboreal_prob_bright.26,arboreal_prob_bright.27,arboreal_prob_bright.28,arboreal_prob_bright.29,arboreal_prob_bright.30,arboreal_prob_bright.31,arboreal_prob_bright.32,arboreal_prob_bright.33,arboreal_prob_bright.34,arboreal_prob_bright.35,arboreal_prob_bright.36,arboreal_prob_bright.37,arboreal_prob_bright.38,arboreal_prob_bright.39,arboreal_prob_bright.40,arboreal_prob_bright.41,arboreal_prob_bright.42,arboreal_prob_bright.43,arboreal_prob_bright.44,arboreal_prob_bright.45,arboreal_prob_bright.46,arid_prob_bright.1,arid_prob_bright.2,arid_prob_bright.3,arid_prob_bright.4,arid_prob_bright.5,arid_prob_bright.6,arid_prob_bright.7,arid_prob_bright.8,arid_prob_bright.9,arid_prob_bright.10,arid_prob_bright.11,arid_prob_bright.12,arid_prob_bright.13,arid_prob_bright.14,arid_prob_bright.15,arid_prob_bright.16,arid_prob_bright.17,arid_prob_bright.18,arid_prob_bright.19,arid_prob_bright.20,arid_prob_bright.21,arid_prob_bright.22,arid_prob_bright.23,arid_prob_bright.24,arid_prob_bright.25,arid_prob_bright.26,arid_prob_bright.27,arid_prob_bright.28,arid_prob_bright.29,arid_prob_bright.30,arid_prob_bright.31,arid_prob_bright.32,arid_prob_bright.33,arid_prob_bright.34,arid_prob_bright.35,arid_prob_bright.36,arid_prob_bright.37,arid_prob_bright.38,arid_prob_bright.39,arid_prob_bright.40,arid_prob_bright.41,arid_prob_bright.42,arid_prob_bright.43,arid_prob_bright.44,arid_prob_bright.45,arid_prob_bright.46,arboreal_prob_load.1,arboreal_prob_load.2,arboreal_prob_load.3,arboreal_prob_load.4,arboreal_prob_load.5,arboreal_prob_load.6,arboreal_prob_load.7,arboreal_prob_load.8,arboreal_prob_load.9,arboreal_prob_load.10,arboreal_prob_load.11,arboreal_prob_load.12,arboreal_prob_load.13,arboreal_prob_load.14,arboreal_prob_load.15,arboreal_prob_load.16,arboreal_prob_load.17,arboreal_prob_load.18,arboreal_prob_load.19,arboreal_prob_load.20,arboreal_prob_load.21,arboreal_prob_load.22,arboreal_prob_load.23,arboreal_prob_load.24,arboreal_prob_load.25,arboreal_prob_load.26,arboreal_prob_load.27,arboreal_prob_load.28,arboreal_prob_load.29,arboreal_prob_load.30,arboreal_prob_load.31,arboreal_prob_load.32,arboreal_prob_load.33,arboreal_prob_load.34,arboreal_prob_load.35,arboreal_prob_load.36,arboreal_prob_load.37,arboreal_prob_load.38,arboreal_prob_load.39,arboreal_prob_load.40,arboreal_prob_load.41,arboreal_prob_load.42,arboreal_prob_load.43,arboreal_prob_load.44,arboreal_prob_load.45,arboreal_prob_load.46,arid_prob_load.1,arid_prob_load.2,arid_prob_load.3,arid_prob_load.4,arid_prob_load.5,arid_prob_load.6,arid_prob_load.7,arid_prob_load.8,arid_prob_load.9,arid_prob_load.10,arid_prob_load.11,arid_prob_load.12,arid_prob_load.13,arid_prob_load.14,arid_prob_load.15,arid_prob_load.16,arid_prob_load.17,arid_prob_load.18,arid_prob_load.19,arid_prob_load.20,arid_prob_load.21,arid_prob_load.22,arid_prob_load.23,arid_prob_load.24,arid_prob_load.25,arid_prob_load.26,arid_prob_load.27,arid_prob_load.28,arid_prob_load.29,arid_prob_load.30,arid_prob_load.31,arid_prob_load.32,arid_prob_load.33,arid_prob_load.34,arid_prob_load.35,arid_prob_load.36,arid_prob_load.37,arid_prob_load.38,arid_prob_load.39,arid_prob_load.40,arid_prob_load.41,arid_prob_load.42,arid_prob_load.43,arid_prob_load.44,arid_prob_load.45,arid_prob_load.46,true_ln_bright.1,true_ln_bright.2,true_ln_bright.3,true_ln_bright.4,true_ln_bright.5,true_ln_bright.6,true_ln_bright.7,true_ln_bright.8,true_ln_bright.9,true_ln_bright.10,true_ln_bright.11,true_ln_bright.12,true_ln_bright.13,true_ln_bright.14,true_ln_bright.15,true_ln_bright.16,true_ln_bright.17,true_ln_bright.18,true_ln_bright.19,true_ln_bright.20,true_ln_bright.21,true_ln_bright.22,true_ln_bright.23,true_ln_bright.24,true_ln_bright.25,true_ln_bright.26,true_ln_bright.27,true_ln_bright.28,true_ln_bright.29,true_ln_bright.30,true_ln_bright.31,true_ln_bright.32,true_ln_bright.33,true_ln_bright.34,true_ln_bright.35,true_ln_bright.36,true_ln_bright.37,true_ln_bright.38,true_ln_bright.39,true_ln_bright.40,true_ln_bright.41,true_ln_bright.42,true_ln_bright.43,true_ln_bright.44,true_ln_bright.45,true_ln_bright.46,predicted_nematode_load.1,predicted_nematode_load.2,predicted_nematode_load.3,predicted_nematode_load.4,predicted_nematode_load.5,predicted_nematode_load.6,predicted_nematode_load.7,predicted_nematode_load.8,predicted_nematode_load.9,predicted_nematode_load.10,predicted_nematode_load.11,predicted_nematode_load.12,predicted_nematode_load.13,predicted_nematode_load.14,predicted_nematode_load.15,predicted_nematode_load.16,predicted_nematode_load.17,predicted_nematode_load.18,predicted_nematode_load.19,predicted_nematode_load.20,predicted_nematode_load.21,predicted_nematode_load.22,predicted_nematode_load.23,predicted_nematode_load.24,predicted_nematode_load.25,predicted_nematode_load.26,predicted_nematode_load.27,predicted_nematode_load.28,predicted_nematode_load.29,predicted_nematode_load.30,predicted_nematode_load.31,predicted_nematode_load.32,predicted_nematode_load.33,predicted_nematode_load.34,predicted_nematode_load.35,predicted_nematode_load.36,predicted_nematode_load.37,predicted_nematode_load.38,predicted_nematode_load.39,predicted_nematode_load.40,predicted_nematode_load.41,predicted_nematode_load.42,predicted_nematode_load.43,predicted_nematode_load.44,predicted_nematode_load.45,predicted_nematode_load.46,predicted_nematode_load.47,predicted_nematode_load.48,predicted_nematode_load.49,predicted_nematode_load.50,predicted_nematode_load.51,predicted_nematode_load.52,predicted_nematode_load.53,predicted_nematode_load.54,predicted_nematode_load.55,predicted_nematode_load.56,predicted_nematode_load.57,predicted_nematode_load.58,predicted_nematode_load.59,predicted_nematode_load.60,predicted_nematode_load.61,predicted_nematode_load.62,predicted_nematode_load.63,predicted_nematode_load.64,predicted_nematode_load.65,predicted_nematode_load.66,predicted_nematode_load.67,predicted_nematode_load.68,predicted_nematode_load.69,predicted_nematode_load.70,predicted_nematode_load.71,predicted_nematode_load.72,predicted_nematode_load.73,predicted_nematode_load.74,predicted_nematode_load.75,predicted_nematode_load.76,predicted_nematode_load.77,predicted_nematode_load.78,predicted_nematode_load.79,predicted_nematode_load.80,predicted_nematode_load.81,predicted_nematode_load.82,predicted_nematode_load.83,predicted_nematode_load.84,predicted_nematode_load.85,predicted_nematode_load.86,predicted_nematode_load.87,predicted_nematode_load.88,predicted_nematode_load.89,predicted_nematode_load.90,predicted_nematode_load.91,predicted_nematode_load.92,predicted_nematode_load.93,predicted_nematode_load.94,predicted_nematode_load.95,predicted_nematode_load.96,predicted_nematode_load.97,predicted_nematode_load.98,predicted_nematode_load.99,predicted_nematode_load.100,predicted_nematode_load.101,predicted_nematode_load.102,predicted_nematode_load.103,predicted_nematode_load.104,predicted_nematode_load.105,predicted_nematode_load.106,predicted_nematode_load.107,predicted_nematode_load.108,predicted_nematode_load.109,predicted_nematode_load.110,predicted_nematode_load.111,predicted_nematode_load.112,predicted_nematode_load.113,predicted_nematode_load.114,predicted_nematode_load.115,predicted_nematode_load.116,predicted_nematode_load.117,predicted_nematode_load.118,predicted_nematode_load.119,predicted_nematode_load.120,predicted_nematode_load.121,predicted_nematode_load.122,predicted_nematode_load.123,predicted_nematode_load.124,predicted_nematode_load.125,predicted_nematode_load.126,predicted_nematode_load.127,predicted_nematode_load.128,predicted_nematode_load.129,predicted_nematode_load.130,predicted_nematode_load.131,predicted_nematode_load.132,predicted_nematode_load.133,predicted_nematode_load.134,predicted_nematode_load.135,predicted_nematode_load.136,predicted_nematode_load.137,predicted_nematode_load.138,predicted_nematode_load.139,predicted_nematode_load.140,predicted_nematode_load.141,predicted_nematode_load.142,predicted_nematode_load.143,predicted_nematode_load.144,predicted_nematode_load.145,predicted_nematode_load.146,predicted_nematode_load.147,predicted_nematode_load.148,predicted_nematode_load.149,predicted_nematode_load.150,predicted_nematode_load.151,predicted_nematode_load.152,predicted_nematode_load.153,predicted_nematode_load.154,predicted_nematode_load.155,predicted_nematode_load.156,predicted_nematode_load.157,predicted_nematode_load.158,predicted_nematode_load.159,predicted_nematode_load.160,predicted_nematode_load.161,predicted_nematode_load.162,predicted_nematode_load.163,predicted_nematode_load.164,predicted_nematode_load.165,predicted_nematode_load.166,predicted_nematode_load.167,predicted_nematode_load.168,predicted_nematode_load.169,predicted_nematode_load.170,predicted_nematode_load.171,predicted_nematode_load.172,predicted_nematode_load.173,predicted_nematode_load.174,predicted_nematode_load.175,predicted_nematode_load.176,predicted_nematode_load.177,predicted_nematode_load.178,predicted_nematode_load.179,predicted_nematode_load.180,predicted_nematode_load.181,predicted_nematode_load.182,predicted_nematode_load.183,predicted_nematode_load.184,predicted_nematode_load.185,predicted_nematode_load.186,predicted_nematode_load.187,predicted_nematode_load.188,predicted_nematode_load.189,predicted_nematode_load.190
# Adaptation terminated
# Step size = 0.0128217
# Diagonal elements of inverse mass matrix:
# 0.37961, 0.0390163, 1.00994, 0.249239, 0.0557116, 0.0725826, 0.285126, 0.287387, 0.227237, 0.0324929, 0.302323, 0.30849, 0.0611593, 0.052901, 0.0604416, 0.283927, 0.0409723, 0.244257, 0.238117, 0.288524, 0.281817, 0.068844, 0.0320136, 0.0538746, 0.04761, 0.052596, 0.083569, 0.0623462, 0.0788912, 0.0822902, 0.138062, 0.0373059, 0.0469294, 0.0333, 0.156221, 0.0473983, 0.302538, 0.253393, 0.289239, 0.061742, 0.29981, 0.278479, 0.067196, 0.0328835, 0.0634452, 0.0301284, 0.307179, 0.0757679, 0.271963, 0.0782745, 0.0631564, 0.0599936, 0.0415992, 0.069737, 0.0774743, 0.0612751, 0.067563, 0.0466491, 0.0922417, 0.0810919, 0.0557851, 0.0483709, 0.0577299, 0.0523607, 0.218612, 0.254467, 0.0262519, 0.0063869, 0.000608775, 0.819168, 0.0181838, 1.56589, 0.118164, 0.0924212, 0.114313, 0.104314, 0.0904009, 0.0824741, 0.182851, 0.183813, 0.0762713, 0.139172, 0.102775, 0.123318, 0.0932216, 0.0986535, 0.193193, 0.153179, 0.132485, 0.0821676, 0.125164, 0.0814991, 0.0941578, 0.089503, 0.14214, 0.140495, 0.0970524, 0.123238, 0.125105, 0.236879, 0.0896689, 0.134188, 0.0744728, 0.213066, 0.121201, 0.133031, 0.141542, 0.108686, 0.145571, 0.0871169, 0.168608, 0.0946639, 0.0678169, 0.0858442, 0.0716515, 0.105678, 0.150031, 0.470673, 0.063407, 0.0396116, 0.0563215, 0.0395935, 0.0559711, 0.0609023, 0.0503582, 0.0705966, 0.04721, 0.0605731, 0.0448232, 0.0391495, 0.0293178, 0.05991, 0.0415804, 0.0117606, 0.174804, 0.140944, 0.0173512, 0.00454025, 0.0287356
158.064,0.718386,0.0128217,8,255,0,-93.1132,8.97098,0.587286,0.498369,-0.0253556,0.221364,-0.723351,-0.880119,0.565047,-0.631939,-0.0136792,-0.111243,0.458614,-0.153026,0.688064,0.617628,0.383074,-0.274999,0.00393846,0.183449,0.562294,-0.00421911,0.552837,0.0576071,-1.0392,0.28291,-0.346022,-0.238877,-0.282019,-0.803085,-1.09178,0.147569,0.416895,0.256096,0.0539501,-0.394737,-0.283414,-0.608854,-0.305091,-0.500794,0.924565,0.565584,1.04781,-0.533278,0.140882,-1.10564,0.16864,0.0524778,0.187735,0.268401,-0.865887,-0.17792,-0.518226,-0.0652422,0.552996,0.161083,0.241675,0.518323,-1.45153,0.402443,0.718915,0.41444,0.229744,-0.169626,0.184562,0.852096,0.533887,-0.460758,-0.101469,0.35224,0.730323,0.768683,0.250531,-0.72397,0.894346,-0.440038,0.203731,0.335997,0.405028,-1.27182,-1.65803,0.498746,-0.923176,0.679891,-0.682732,1.22259,-0.250034,-0.661194,-0.536102,-1.50631,0.649177,0.226257,-0.0636067,0.45052,0.161559,-0.548325,-1.01975,-0.385831,0.791867,0.908759,-0.92014,-0.130965,-0.658305,-0.501414,0.218447,-0.844235,-0.294555,-1.98774,0.600429,-0.984721,0.978847,-0.860871,0.272174,0.601187,1.04804,0.568371,0.12174,-0.303961,0.503258,-0.416365,0.210083,0.253337,-0.0233378,0.163871,-0.0285011,-0.14599,-0.0261903,0.439833,-0.263307,-0.0625411,-0.397428,-0.197129,0.261528,-0.244028,0.0380567,-0.209654,0.100739,0.211263,0.0869718,15.1324,0.494599,0.547016,0.350609,0.320833,0.618096,0.368543,0.497086,0.47632,0.596471,0.467448,0.642515,0.628615,0.580887,0.441685,0.500839,0.539,0.617542,0.499101,0.615637,0.512269,0.29204,0.559977,0.426818,0.449288,0.440211,0.335301,0.282864,0.531394,0.587886,0.554339,0.511491,0.416695,0.439918,0.373132,0.435372,0.394909,0.687363,0.618204,0.709474,0.388314,0.529975,0.280474,0.535863,0.511177,0.539907,0.556928,0.496616,0.529511,0.404635,0.384644,0.574851,0.416445,0.498174,0.485157,0.560908,0.479587,0.590818,0.581697,0.550952,0.463361,0.500526,0.524466,0.574492,0.499437,0.573257,0.507688,0.364748,0.537689,0.453947,0.46816,0.462429,0.394423,0.358269,0.519686,0.555415,0.534128,0.5072,0.447508,0.462244,0.419443,0.459369,0.433553,0.620957,0.574921,0.636316,0.429299,0.518795,0.356569,0.522494,0.507004,0.525036,0.535763,0.501329,0.4884,0.537841,0.546,0.470419,0.533074,0.500717,0.50583,0.475981,0.50802,0.463999,0.467673,0.479933,0.51441,0.499794,0.490386,0.470562,0.500221,0.471056,0.496981,0.554254,0.485176,0.518128,0.512518,0.514777,0.541993,0.556975,0.492266,0.478163,0.48658,0.497172,0.520678,0.51485,0.531869,0.515985,0.526224,0.451692,0.47039,0.445301,0.527922,0.492616,0.557692,0.491162,0.497249,0.490161,0.485936,0.499361,0.505575,0.481791,0.477849,0.514227,0.48409,0.499655,0.497198,0.511548,0.496146,0.517322,0.51555,0.509646,0.493075,0.500099,0.50462,0.514157,0.499894,0.513919,0.501451,0.473852,0.507125,0.491286,0.493984,0.492898,0.479786,0.472532,0.503716,0.510498,0.506449,0.501359,0.49006,0.492863,0.484671,0.492317,0.48739,0.523268,0.51424,0.526364,0.486573,0.503548,0.472184,0.504247,0.501322,0.504728,0.506759,8.37905,9.02481,7.06033,6.47204,8.66753,7.17333,8.18034,7.82255,8.98415,7.77023,9.55454,9.18165,8.44109,8.06657,8.20241,8.9263,9.11304,7.95661,8.65238,8.26964,7.12221,8.76496,8.31466,8.16539,7.60887,8.0818,7.72913,9.7337,8.93219,9.01717,8.26506,9.33506,8.34179,7.98766,7.18456,8.12181,8.62269,9.45393,10.3807,8.08143,8.58728,7.37835,8.40868,8.26322,8.06602,8.74682,7,9,2,2,4,8,10,12,4,2,5,0,7,3,10,8,8,9,0,3,3,6,5,8,8,3,7,5,4,2,16,7,14,6,21,0,2,3,9,13,10,3,0,1,9,5,11,7,4,7,1,7,2,0,1,2,1,2,4,5,5,11,11,9,7,6,4,11,13,13,11,17,5,18,15,14,13,8,4,1,3,1,3,2,6,4,2,4,5,5,2,7,18,8,14,20,25,12,19,4,4,6,5,5,1,2,1,6,4,10,5,2,2,3,7,8,4,3,4,6,6,3,0,2,1,0,1,0,25,26,23,20,4,21,19,24,9,30,14,13,12,12,8,14,26,15,21,4,4,6,3,1,1,1,4,3,10,4,9,6,10,11,14,34,8,12,18,21,12,24,28,21,11,10,18,29,22,32,16,8,13,14,15,11,9,18,3,3,0,4
163.785,0.970737,0.0128217,9,511,0,-85.9677,9.03134,0.475925,0.581039,0.00202301,0.754488,-0.57391,1.07125,-0.0946294,0.360991,-0.259903,-0.054227,-0.47045,0.275659,0.618927,0.465424,0.0353953,-0.227698,-0.669808,0.028872,-0.339304,-0.250174,1.02156,-0.0977393,-1.04529,0.0668704,-0.0390603,0.503035,0.0581532,0.0284969,0.0258142,0.670124,0.639685,0.272386,-0.244138,0.189667,-0.33667,0.222533,-0.587768,0.358967,0.804495,-0.502216,-0.879059,-0.002681,0.308888,-0.701569,0.0331979,-0.214123,-0.489665,0.0448173,-0.735968,0.235124,-0.52807,0.184526,0.112215,0.476241,0.46665,0.624349,-0.703809,-0.771045,0.260902,-0.446059,0.278103,0.112594,0.667086,0.414145,-0.161179,-0.0371375,-0.156174,0.366431,1.15973,0.739057,0.345225,-0.984198,0.482623,0.477908,0.381698,0.621093,0.124584,-1.05966,-0.105741,0.889041,-0.877394,0.518167,-0.497326,0.802885,0.157737,-0.45716,0.0470039,-1.40026,0.758325,-1.2454,0.231939,0.216654,0.0314247,-0.991048,-0.697551,-0.362816,0.00999165,0.273666,-0.00873098,0.102329,-0.493377,0.278167,0.774064,0.591989,-0.792009,-0.249691,0.720554,-0.715237,1.49387,-0.259788,0.395523,0.0436452,1.36633,0.0900331,-0.0604074,-0.85163,0.441245,0.709292,-0.36054,-0.418263,0.0786913,0.0204705,0.201054,-0.182074,0.328183,-0.526586,0.693322,0.1998,-0.167126,0.0439737,-0.0752026,-0.547147,0.0373429,-0.355291,-1.36769,0.199937,0.104509,26.9416,0.500209,0.577487,0.440858,0.609129,0.490204,0.537306,0.473117,0.494386,0.451445,0.52851,0.563733,0.54804,0.503665,0.476442,0.431092,0.502989,0.464927,0.474121,0.604219,0.489882,0.393433,0.506923,0.495956,0.551895,0.506021,0.50295,0.502673,0.56894,0.565846,0.528172,0.474744,0.519627,0.465199,0.523024,0.439443,0.537098,0.582532,0.448189,0.409978,0.499722,0.531938,0.427869,0.503437,0.477845,0.449475,0.50464,0.499918,0.469636,0.523109,0.456941,0.503813,0.485458,0.510471,0.502185,0.518948,0.488894,0.475081,0.481255,0.498574,0.509174,0.526963,0.498837,0.513669,0.510079,0.458929,0.503938,0.54202,0.497306,0.501574,0.479741,0.497657,0.498852,0.49896,0.473024,0.474247,0.489026,0.509836,0.492358,0.513563,0.491034,0.523666,0.48554,0.467629,0.520226,0.535362,0.500108,0.487556,0.528239,0.498662,0.508627,0.519721,0.498194,0.49982,0.433383,0.5508,0.405981,0.508404,0.46798,0.523069,0.504816,0.54169,0.475535,0.445246,0.458754,0.496856,0.520214,0.559215,0.497436,0.530101,0.522206,0.410246,0.508681,0.591793,0.494061,0.503469,0.455438,0.494835,0.497469,0.497707,0.440757,0.443425,0.475825,0.521671,0.48316,0.529868,0.480244,0.552018,0.468159,0.429025,0.54449,0.577452,0.500238,0.472591,0.561995,0.497051,0.51901,0.543384,0.496019,0.499308,0.262714,0.686742,0.187682,0.532311,0.379016,0.587943,0.518533,0.655529,0.406846,0.300167,0.346025,0.4879,0.577232,0.714245,0.490129,0.613978,0.584715,0.198264,0.53337,0.806846,0.477151,0.513352,0.334478,0.480127,0.490257,0.491174,0.285667,0.294237,0.407927,0.582709,0.43551,0.613124,0.424493,0.690805,0.379668,0.249683,0.665272,0.768931,0.500917,0.395927,0.723028,0.488651,0.572695,0.661439,0.484681,8.29814,9.07043,7.00255,9.74586,7.50537,7.98346,8.18978,7.54777,7.8024,7.89393,9.44044,8.78435,7.64182,8.05708,7.75981,8.8214,7.93998,7.34216,8.67601,8.35994,7.19981,8.36619,8.23797,8.14428,7.6657,7.90897,7.90616,9.81254,8.96712,9.07693,8.20632,9.29838,8.43784,8.51247,8.00581,8.65562,8.63163,7.75202,6.95703,8.27614,8.62013,7.54296,8.49734,8.23782,8.14531,8.34304,0,1,11,8,2,6,13,13,15,9,3,4,4,8,11,7,10,6,6,9,12,8,7,10,11,3,0,2,6,5,17,23,6,15,16,1,2,3,6,2,5,3,11,9,6,9,3,9,13,7,3,2,3,2,2,2,1,2,1,5,9,9,14,1,2,2,9,5,6,10,4,8,3,7,9,5,9,7,1,5,0,2,3,1,1,2,3,6,2,3,7,14,18,25,8,20,18,39,19,2,15,16,18,12,1,2,2,4,4,10,12,8,9,10,3,5,6,1,4,1,0,2,4,4,2,2,0,4,5,6,10,8,13,16,11,13,7,11,11,12,14,12,12,9,8,13,20,7,9,11,13,10,9,1,2,3,23,10,10,3,2,2,1,17,20,16,16,14,22,21,15,15,33,19,17,8,15,16,12,11,4,6,9,2,2,4,1,0,0,2
169.706,0.999837,0.0128217,9,511,0,-92.8161,9.08297,0.425353,0.661873,0.190315,0.609943,-0.603701,-0.138343,0.984719,0.208483,-0.170536,-0.0878252,0.36861,0.0841979,0.465857,0.766463,-0.0796029,0.0448688,0.048157,-0.0456755,-0.459471,-0.0769373,0.833169,-0.13807,-0.787776,0.396791,0.0427563,-0.0697897,-0.0970587,0.27606,-0.0343247,0.672936,0.779694,0.0698771,-0.168895,-0.185141,-0.574888,-0.307573,0.202613,-0.294186,0.243507,-0.169139,0.673367,-0.120614,0.46739,-0.683506,-0.0764198,-0.0309113,-0.22199,-0.486427,-0.446657,-0.41541,0.00168943,0.158305,0.289008,0.565013,0.380641,-1.07879,-0.378436,-1.00558,-0.085699,-0.196919,0.037398,-0.213707,0.81822,0.78455,0.154999,-0.142044,-0.187079,0.355711,1.65087,0.692118,0.323518,-0.954285,0.403137,0.383341,1.51358,0.673382,0.52704,-0.485441,-1.04831,0.371845,-0.535796,1.32956,-1.10852,1.26402,-0.510982,-0.198932,-0.0618226,-0.667346,0.97372,0.531089,0.799248,0.390826,-0.0877888,-0.494666,-0.553001,0.182743,0.327121,0.478693,-0.754285,-0.543488,-0.0951091,0.333439,-0.322475,-0.344413,-0.730614,-0.562847,0.523585,0.306604,0.889951,-0.760295,0.0481843,0.263817,1.00967,1.37643,0.83673,0.550203,-0.121203,0.144243,-0.0634512,0.160769,-0.174241,0.106904,-0.166435,0.358344,0.578589,-0.300487,0.579226,0.415195,0.378552,0.517249,0.236059,-0.394403,0.00929295,-0.630216,-0.888325,-0.107605,0.0597484,17.2357,0.537259,0.617401,0.383757,0.472892,0.684075,0.5408,0.466601,0.482781,0.571799,0.516508,0.590368,0.64596,0.484392,0.5088,0.509444,0.491042,0.410844,0.484914,0.657835,0.472946,0.350225,0.577203,0.508385,0.486315,0.480972,0.553935,0.493268,0.629005,0.64833,0.513702,0.466922,0.463751,0.389116,0.439965,0.539657,0.442554,0.547616,0.466874,0.629084,0.476361,0.590659,0.369062,0.485016,0.493937,0.456569,0.405735,0.507374,0.523618,0.476624,0.494639,0.538084,0.508078,0.493392,0.496597,0.51428,0.503263,0.518044,0.529665,0.496915,0.501739,0.501866,0.49823,0.482203,0.497019,0.53224,0.49465,0.469512,0.515371,0.501657,0.497296,0.496239,0.510696,0.49867,0.526052,0.530176,0.502708,0.493456,0.492826,0.477738,0.488084,0.507851,0.488602,0.509435,0.493446,0.526069,0.495326,0.518103,0.473539,0.497039,0.498802,0.491399,0.48116,0.470051,0.405067,0.593985,0.521783,0.349648,0.4672,0.526843,0.513834,0.442184,0.486737,0.427125,0.381535,0.512539,0.492931,0.492413,0.507196,0.57189,0.512119,0.371666,0.52174,0.621629,0.437808,0.493264,0.510994,0.515287,0.456615,0.505408,0.395537,0.379569,0.488992,0.526585,0.529137,0.589598,0.548308,0.468121,0.546218,0.46171,0.526623,0.395472,0.518994,0.426889,0.606054,0.512038,0.50487,0.534918,0.576044,0.457835,0.367763,0.630947,0.530685,0.294267,0.453832,0.537801,0.519494,0.418862,0.48131,0.397993,0.336068,0.517671,0.490037,0.489307,0.510142,0.600647,0.51708,0.322977,0.530624,0.668144,0.412781,0.490506,0.515494,0.521542,0.438998,0.507622,0.35485,0.33345,0.484487,0.537438,0.541024,0.624968,0.567884,0.455124,0.564964,0.446131,0.537492,0.354763,0.52676,0.397667,0.647296,0.516965,0.506864,0.549141,0.606376,8.27949,8.9639,7.01895,7.73689,8.85251,7.95921,8.27397,7.61561,8.48596,7.81512,9.56482,8.94438,7.62514,8.11085,8.52759,8.97229,7.52663,7.62823,8.67946,8.31161,7.1488,8.51855,8.30778,8.25458,7.6049,8.11268,7.75283,9.73337,8.95955,9.10631,8.27587,9.36064,8.35993,7.90167,8.13227,7.91717,8.59021,8.06205,8.57133,8.11831,8.60013,7.46786,8.3831,8.43588,8.06641,7.4955,4,1,1,3,4,12,8,8,5,5,6,2,4,14,20,7,25,25,5,14,21,14,5,11,10,2,1,0,2,3,4,4,9,5,6,3,0,3,8,8,8,3,2,1,10,11,9,1,3,4,1,1,1,2,0,1,0,2,0,6,19,7,14,10,8,11,0,2,1,4,1,8,4,2,6,3,1,3,2,1,1,1,1,2,2,0,4,11,8,7,2,6,18,3,8,6,8,7,9,5,4,3,0,3,3,2,1,2,3,5,0,1,6,7,0,0,6,2,1,1,3,3,5,5,3,5,1,4,4,5,4,10,6,8,5,10,3,4,20,4,7,12,7,8,9,13,5,10,6,7,7,4,8,1,1,2,0,3,4,7,2,11,9,8,4,0,4,2,3,4,7,1,6,3,2,6,2,3,4,5,8,11,9,8,17,9,9,4,12,9
162.558,0.997941,0.0128217,10,1023,0,-94.1106,9.97749,0.419221,0.641332,-0.197809,0.734817,-0.865115,0.218019,-0.511509,0.181468,-0.136034,0.121473,-0.0558742,-0.126722,0.794893,0.569127,0.791689,-0.180843,-0.246467,-0.00413468,-0.570091,0.0657596,0.590375,-0.150327,-0.781679,0.280829,0.313927,-0.0546547,-0.224994,0.354773,0.0795989,-0.117991,0.527849,0.425705,-0.198888,-0.375224,-0.0751094,0.0995019,-0.0208289,0.245505,0.0918124,0.595146,-0.632448,0.136669,0.31843,-0.397336,0.0318334,0.42773,-0.506661,0.267949,-0.543439,0.141912,-0.872192,-0.279756,-0.260963,0.725244,-0.473244,-0.360632,-0.722624,-1.66997,0.4558,0.0918174,-0.13051,0.177374,-0.288316,1.02714,-0.280814,-0.409834,-0.180638,0.367435,0.692863,0.608634,0.593114,-1.00406,0.268174,0.682806,0.482312,0.599665,0.368591,-0.420204,-0.431536,0.879084,-0.920997,0.384672,-0.514787,0.822388,0.225883,0.193785,0.062954,-0.901825,0.934128,-1.37976,0.865381,0.289168,0.132954,-1.08554,-0.560904,-0.0357351,-0.0403289,0.155388,0.678054,0.0320842,-0.388846,1.04735,0.717256,0.276027,-0.926741,-0.647424,0.574306,-0.40039,0.724,-0.392131,0.188122,-0.250103,1.20384,0.849992,0.321898,0.139837,-0.492493,0.970874,0.478693,-0.212872,-0.199978,0.956938,-0.689752,0.125022,0.626637,-0.634291,0.998756,-0.103608,0.527208,0.324347,-0.172323,0.187568,0.0758717,-1.16547,-0.508103,-0.0229813,0.122284,22.705,0.44938,0.680215,0.2914,0.555751,0.371593,0.546464,0.465125,0.531152,0.485656,0.467506,0.693485,0.642119,0.692785,0.453695,0.437047,0.498938,0.357654,0.51688,0.647118,0.461475,0.309407,0.571617,0.57992,0.485969,0.442481,0.590105,0.520428,0.469739,0.632318,0.607605,0.449106,0.404823,0.480723,0.525528,0.494652,0.56271,0.523559,0.648237,0.343077,0.535037,0.581047,0.399363,0.508174,0.608101,0.372756,0.568374,0.513883,0.448596,0.560437,0.484699,0.535848,0.487263,0.509549,0.491473,0.503922,0.508895,0.444426,0.46013,0.444648,0.512693,0.517296,0.50029,0.539937,0.495384,0.458648,0.510552,0.554657,0.480295,0.477975,0.503837,0.51579,0.475114,0.494412,0.508283,0.463011,0.47015,0.513959,0.526318,0.505273,0.493015,0.501462,0.482771,0.493555,0.458316,0.544284,0.490407,0.47766,0.527865,0.497765,0.470008,0.53551,0.481198,0.557381,0.298091,0.73268,0.436816,0.644774,0.447322,0.539553,0.464666,0.516274,0.536856,0.283651,0.339999,0.28441,0.552497,0.571323,0.501205,0.660253,0.480849,0.334464,0.543689,0.713209,0.418898,0.409539,0.515919,0.565183,0.398079,0.476824,0.534325,0.350876,0.378447,0.557691,0.607618,0.52187,0.471041,0.506069,0.428952,0.473274,0.333227,0.676361,0.460263,0.40827,0.613745,0.490726,0.377892,0.643479,0.422557,0.525106,0.407729,0.608156,0.472334,0.564611,0.476965,0.517273,0.484575,0.507097,0.516091,0.400379,0.428206,0.40077,0.522956,0.531267,0.500525,0.571914,0.491648,0.425564,0.519086,0.598008,0.464388,0.460208,0.506942,0.528549,0.455056,0.48989,0.514983,0.433349,0.446134,0.525242,0.547519,0.50954,0.487363,0.502646,0.468855,0.48834,0.424972,0.579653,0.482647,0.459639,0.550301,0.495956,0.44588,0.564006,0.466016,8.02427,9.017,6.89159,8.68862,7.33447,8.22071,8.18162,8.14381,8.20626,7.82534,9.47225,9.00427,8.99319,8.046,8.04017,8.45771,7.55045,8.07233,8.74104,8.16329,7.28518,8.63789,8.48485,8.21706,7.69943,7.99743,7.64527,9.76543,8.95211,9.00763,8.10107,9.17892,8.36663,8.21033,8.38231,8.3974,8.71838,8.84176,6.73705,8.258,8.68592,7.57412,8.39701,8.90334,8.10965,8.62143,1,1,5,2,4,5,6,5,4,7,6,14,20,18,15,12,15,12,10,5,3,8,7,9,9,0,0,3,3,8,6,8,15,4,12,6,0,3,2,5,8,3,7,2,18,23,11,5,4,4,2,4,3,4,5,0,0,2,0,24,10,28,17,1,3,1,5,5,5,4,2,4,7,1,4,3,6,8,0,1,2,0,3,1,2,2,2,7,13,7,4,11,15,12,7,14,5,9,15,10,6,6,5,6,2,6,5,7,5,2,8,3,18,21,5,3,7,4,4,2,3,3,4,2,3,1,0,2,1,6,0,7,11,4,5,8,6,6,8,6,10,12,9,5,11,8,12,5,2,3,8,2,8,1,2,2,11,7,9,5,2,2,3,7,2,2,6,6,10,3,4,8,8,4,3,4,7,7,6,12,3,5,2,2,3,6,5,6,4,0
165.269,0.981731,0.0128217,9,1023,0,-94.4315,8.92422,0.449936,0.728833,0.269528,0.384444,-0.890138,-0.356613,-0.223616,0.495559,-0.274323,-0.227547,0.931349,-0.202867,0.223807,0.281811,0.380157,-0.290551,-0.222098,-0.038361,-0.192041,0.931866,0.515316,-0.249034,-1.03366,0.229738,-0.187727,-0.757648,-0.312393,-0.0606215,-0.27605,0.628654,0.355424,-0.0843524,-0.269182,-0.163435,-0.603367,-0.838004,-0.572924,-0.156146,0.382901,0.301975,-0.218343,-0.194296,0.0730921,-0.865737,-0.152963,-0.669092,-0.545651,-0.235383,1.68052,1.03691,-0.830371,-0.312507,0.214034,0.49565,-1.12489,0.249827,-1.27347,-0.76856,0.00564272,-0.161392,-0.612672,0.546508,-0.193927,1.06106,0.305608,-0.530514,0.0557227,0.351995,-0.998174,0.640929,0.254707,-1.04729,0.144824,0.345762,0.41262,0.530239,0.113603,-0.824168,-0.410427,0.19124,-0.203601,0.378926,-1.2823,0.968627,-0.585381,-0.29947,-0.267404,-1.62769,0.553433,0.402254,0.281433,0.801219,-0.208477,-0.64791,-0.309457,0.0230591,0.0443432,0.825201,-1.1931,-0.678968,-1.1715,-0.00687155,-0.312288,-0.879199,-0.561471,-0.832674,0.723265,0.199087,0.648648,-0.514367,-0.137384,0.348103,1.32718,0.812028,0.324394,0.399022,0.368069,-0.0544491,-0.0909867,-0.270959,-0.0195553,-0.157997,0.0681781,0.0730829,-0.438849,-0.737181,0.147019,-0.124828,-0.0976315,-0.00203072,-0.161275,0.045936,0.345171,-0.591713,-0.0644124,-0.00287028,0.0145954,18.55,0.571013,0.600589,0.279994,0.406516,0.440959,0.628507,0.427741,0.439931,0.728736,0.446393,0.559091,0.574203,0.599497,0.423531,0.441356,0.489826,0.449234,0.728845,0.633389,0.434322,0.250344,0.560642,0.450366,0.309189,0.417883,0.483925,0.427292,0.66084,0.59318,0.477639,0.429077,0.456755,0.345199,0.29128,0.352537,0.458674,0.600196,0.579425,0.442339,0.448642,0.519379,0.285243,0.459513,0.32961,0.35917,0.437884,0.520581,0.529339,0.432408,0.472781,0.482922,0.537789,0.479053,0.482622,0.57068,0.484506,0.517093,0.521518,0.529012,0.477816,0.483038,0.497069,0.485332,0.570719,0.53929,0.480982,0.421677,0.517545,0.485661,0.442371,0.476151,0.495369,0.478922,0.547883,0.527128,0.493556,0.479446,0.487516,0.454032,0.436322,0.456339,0.488072,0.529221,0.523055,0.483324,0.48516,0.505584,0.434239,0.488315,0.449057,0.458408,0.482024,0.460213,0.443374,0.628715,0.552558,0.533031,0.427214,0.540491,0.53361,0.365611,0.529974,0.466941,0.458409,0.444,0.542875,0.532807,0.505674,0.528378,0.36554,0.424355,0.536773,0.648313,0.466067,0.527742,0.610237,0.546081,0.508967,0.540745,0.408062,0.447616,0.512476,0.539736,0.524158,0.588319,0.621485,0.583949,0.523082,0.443599,0.455448,0.532254,0.52871,0.489189,0.625338,0.522612,0.597705,0.580023,0.534764,0.49566,0.49381,0.51433,0.505742,0.503601,0.492021,0.504417,0.503664,0.485007,0.503267,0.496396,0.495462,0.493879,0.504679,0.503576,0.500618,0.503092,0.484999,0.491703,0.50401,0.516639,0.496301,0.503023,0.512198,0.50503,0.500976,0.504445,0.489878,0.494277,0.501358,0.504335,0.502632,0.509715,0.513491,0.509225,0.502514,0.493834,0.495137,0.503516,0.503129,0.498823,0.513937,0.502463,0.510773,0.508786,0.50379,8.82837,9.10944,6.95689,8.68801,7.80964,8.74458,8.21842,7.80453,9.67285,7.83664,9.47607,8.84432,8.59572,8.09873,8.28631,9.13429,8.22681,9.29742,8.76998,8.25128,7.1547,8.77664,8.36452,8.13244,7.69431,8.1254,7.84486,9.74901,8.93978,9.0743,8.2251,9.32406,8.40268,7.53037,8.4094,8.40566,8.68931,9.00259,7.91987,8.35597,8.57256,7.49559,8.37633,7.71036,8.08747,8.17041,0,3,0,10,0,14,7,9,5,4,7,3,6,11,10,12,6,7,10,5,10,8,9,4,9,3,2,0,3,3,16,13,18,14,15,1,2,2,11,9,8,0,0,3,6,17,13,4,2,2,4,1,1,5,2,1,1,0,1,7,4,3,13,13,11,11,11,6,7,8,4,11,4,2,4,7,9,3,2,2,3,2,4,4,1,4,2,2,1,5,5,6,8,4,9,2,8,9,10,1,1,3,4,4,1,3,1,9,4,5,1,5,3,2,4,1,1,4,3,2,1,0,5,2,0,1,4,4,2,6,2,13,12,11,8,11,5,13,13,24,11,14,8,15,17,14,16,9,6,13,2,18,11,1,2,0,6,3,1,9,7,4,8,11,12,12,15,9,10,11,5,12,21,19,21,10,12,25,18,18,16,9,11,0,2,4,13,8,7,5
163.18,0.978205,0.0128217,10,1023,0,-94.8755,10.8246,0.427713,0.659101,-0.491006,0.883825,-0.571942,0.4172,0.0349748,-0.408461,-0.124128,0.227515,-0.0312277,0.243929,0.600581,0.553894,0.0325615,-0.441718,-0.252359,0.0445841,-0.615589,-0.612584,1.11967,-0.0214072,-1.22461,0.0710819,0.0450969,-0.363301,0.176845,-0.0705204,-0.473329,0.0676872,0.3672,0.344159,-0.211383,-0.431328,-0.387802,-0.0549253,0.246756,0.617577,0.365311,0.152733,0.0215441,0.0728118,0.124351,-0.687633,0.113661,0.302239,-0.138394,0.183543,-0.572391,1.2175,-1.27211,0.129794,-0.341236,-0.181656,-0.841693,1.49663,-1.17727,-0.591426,0.433055,0.629441,0.288174,0.709947,-0.0993906,0.154603,-0.391046,-0.952974,-0.126085,0.361328,1.7614,0.717915,0.278599,-0.524805,0.632987,0.393386,0.420935,0.279455,0.488271,-0.718534,-0.583733,1.2191,-1.34729,0.754506,-0.028885,0.989398,0.329104,-0.875493,-0.399116,-0.841069,1.11312,-0.928557,0.303235,0.393078,0.358939,-0.839152,-0.397722,-0.476295,0.46259,1.23597,-0.00241336,0.581563,-0.251129,0.440662,0.481555,0.418163,-1.18765,-0.74033,0.53807,-1.31607,1.25499,-0.250393,0.371829,0.354677,1.26829,0.632252,0.039249,-0.895389,-0.435626,0.0312211,-0.00895611,0.0915537,-0.0401021,0.192486,-0.0845674,0.266467,0.257019,0.889211,0.0955665,0.0547993,-0.0179158,-0.0983601,0.254814,0.351401,-0.0503127,0.436433,-1.11861,0.185938,0.0141956,21.0054,0.481031,0.534107,0.477908,0.516119,0.501352,0.484218,0.495203,0.508793,0.498793,0.509427,0.523196,0.521395,0.501259,0.482934,0.490247,0.501723,0.476225,0.476341,0.543168,0.499173,0.452809,0.502747,0.501743,0.485962,0.506835,0.497274,0.481714,0.502616,0.514189,0.513299,0.491831,0.483335,0.485016,0.497877,0.509536,0.523852,0.514116,0.505903,0.500833,0.502814,0.504806,0.473448,0.504393,0.51168,0.494651,0.507094,0.547855,0.414446,0.555682,0.459304,0.496581,0.539847,0.512133,0.477772,0.503053,0.476171,0.441555,0.446061,0.496817,0.543076,0.524651,0.495642,0.559892,0.559602,0.392255,0.502093,0.617483,0.493051,0.495591,0.535457,0.482718,0.506894,0.546142,0.493383,0.464164,0.466405,0.520653,0.542068,0.53784,0.505369,0.475895,0.439916,0.464347,0.485073,0.497894,0.492882,0.487846,0.566822,0.48889,0.470487,0.513526,0.482064,0.446631,0.595254,0.437918,0.545395,0.503816,0.455551,0.48646,0.524803,0.496593,0.52659,0.565156,0.560142,0.503553,0.451954,0.472493,0.504864,0.433235,0.433557,0.619791,0.497664,0.369477,0.507755,0.50492,0.460444,0.519286,0.492306,0.448539,0.507385,0.539979,0.53748,0.476953,0.453077,0.457788,0.494007,0.526897,0.566978,0.539774,0.516658,0.502351,0.507944,0.513564,0.425532,0.512399,0.532929,0.484905,0.520015,0.63396,0.271178,0.654703,0.385401,0.49022,0.61228,0.534657,0.436716,0.508732,0.432205,0.338091,0.349875,0.490895,0.621074,0.570108,0.487535,0.665656,0.664908,0.222273,0.505986,0.797357,0.480132,0.487391,0.600222,0.450706,0.519711,0.62936,0.48108,0.398732,0.404926,0.55884,0.618335,0.60678,0.515355,0.431429,0.333849,0.399238,0.457391,0.493975,0.479649,0.465281,0.683346,0.468257,0.416274,0.538625,0.448851,7.99249,9.10098,6.89129,8.7377,7.52494,7.06194,8.24251,7.72599,8.47253,7.74312,9.38406,9.08344,7.52242,8.04394,8.10862,8.80359,7.86246,6.84887,8.6569,8.34977,7.2273,8.57937,8.22552,8.1884,7.67308,8.2469,7.82634,9.62211,8.88855,9.11639,8.1514,9.19086,8.35212,8.12107,8.55975,8.82318,8.72651,8.33791,8.34304,8.25446,8.63499,7.46056,8.49081,8.68771,8.10156,8.6968,4,0,2,3,4,8,13,12,9,4,2,8,6,5,6,5,4,8,2,4,8,8,3,5,7,1,0,0,4,0,18,18,6,14,17,2,0,3,12,16,22,5,6,8,6,12,8,11,9,10,1,2,1,5,3,0,2,3,1,5,10,8,11,2,1,6,6,5,3,11,2,8,2,5,5,12,5,8,1,3,2,1,1,4,2,3,3,5,0,5,5,8,14,4,9,14,15,18,14,4,8,7,5,8,5,2,4,4,10,8,7,1,11,10,5,8,13,13,3,1,1,2,3,1,1,6,1,2,19,11,7,7,26,23,16,22,26,23,19,11,23,27,14,27,15,15,27,0,1,1,1,0,3,5,5,2,6,8,7,6,13,6,10,16,20,7,17,11,11,13,8,17,22,12,13,9,20,7,12,10,12,15,5,6,10,3,2,0,3,1
165.502,0.849555,0.0128217,9,1023,0,-93.7708,10.0575,0.612415,0.696274,-0.0997267,0.607807,-0.37107,-0.682812,0.103073,0.497483,-0.4024,-0.292967,0.556092,0.352798,0.504397,0.377888,0.00227978,-0.294127,-0.0819627,-0.633686,0.556927,0.902224,1.16426,-0.252795,-1.41991,-0.0626067,-0.092699,-0.54562,0.271534,-0.131291,-0.416354,0.306218,0.30868,0.116502,-0.40564,-0.138238,-0.601777,0.188443,0.0171623,-0.407606,0.290643,-0.218744,-0.106835,-0.0936127,-0.00168638,-0.879082,-0.166039,0.103131,-0.360634,-0.601454,0.133813,1.47444,-0.843205,0.611541,-0.344647,0.0320647,-0.503142,1.27781,-1.01581,-0.276328,0.399776,0.798635,0.617582,1.18272,0.3115,0.455633,0.271118,-0.974218,-0.107924,0.356024,1.76305,0.724983,0.241593,-0.844422,0.575955,-0.323418,0.756046,0.252007,0.0814527,-1.05691,-0.971805,0.166074,-0.596768,1.32089,-0.913965,0.807229,-0.119556,-0.671554,0.291009,-1.47864,0.588336,-0.0842316,0.350828,0.241285,0.127736,-0.626641,-0.405563,-0.264915,0.591408,0.748255,0.0666002,-0.329833,-0.530744,0.0160966,0.923723,-0.388231,-0.796115,-0.627968,0.488139,0.270983,1.11045,-0.276519,0.212605,0.555548,1.24632,0.644075,0.542884,0.0851198,0.216332,0.00609065,-0.0351812,0.0186262,-0.225976,-0.0199142,0.009386,-0.208523,-0.173293,-0.71254,0.000805988,0.0280352,-0.0131429,-0.057895,-0.289536,-0.152232,-0.0538863,-0.913952,0.306122,0.0851881,0.0816474,20.942,0.488642,0.568795,0.457832,0.422843,0.511739,0.556426,0.454291,0.466678,0.563007,0.5401,0.557204,0.542939,0.50026,0.466546,0.490665,0.428315,0.5631,0.601348,0.629594,0.471236,0.343675,0.492869,0.489442,0.438167,0.530891,0.485049,0.452716,0.534824,0.535103,0.513267,0.453925,0.484259,0.431879,0.521452,0.501955,0.453703,0.533058,0.475104,0.487833,0.489338,0.499808,0.401183,0.481096,0.511745,0.459013,0.431915,0.493241,0.541104,0.47487,0.453851,0.506986,0.533668,0.472753,0.480153,0.53762,0.523894,0.534135,0.525591,0.500155,0.480075,0.494445,0.457155,0.537677,0.560849,0.578264,0.482872,0.404931,0.495757,0.493717,0.463085,0.518396,0.491102,0.47181,0.520743,0.52091,0.507896,0.472534,0.490631,0.459302,0.51277,0.501163,0.472401,0.519689,0.485178,0.492759,0.493655,0.499886,0.440697,0.488748,0.50699,0.475576,0.459324,0.522771,0.364588,0.583982,0.651141,0.476466,0.38825,0.590921,0.566542,0.375606,0.420081,0.38675,0.414505,0.499479,0.566803,0.518719,0.640874,0.375427,0.30479,0.25653,0.557505,0.785453,0.514301,0.521168,0.622147,0.438274,0.529962,0.594,0.430486,0.429934,0.473406,0.591637,0.531544,0.634134,0.457049,0.496079,0.592071,0.433979,0.549815,0.524391,0.521376,0.500385,0.69071,0.537865,0.476453,0.581663,0.634066,0.492368,0.546382,0.471632,0.447933,0.507888,0.537999,0.469243,0.477594,0.542456,0.526974,0.538525,0.528888,0.500174,0.477505,0.493728,0.451655,0.542519,0.568612,0.58817,0.480663,0.393013,0.495209,0.492906,0.45834,0.520769,0.489954,0.468179,0.523418,0.523606,0.508915,0.468996,0.489422,0.454076,0.514418,0.501313,0.468846,0.522228,0.483266,0.491825,0.492836,0.499871,0.433126,0.487296,0.507892,0.472428,0.4541,8.53147,9.02168,7.02201,7.54963,7.52943,7.95143,8.19156,7.10558,9.23321,7.79666,9.5143,9.0426,7.42155,8.32343,8.53445,8.29662,9.2341,8.38401,8.66364,8.35163,7.12129,8.5712,8.27217,8.24388,7.70971,8.23037,7.92535,9.55931,8.96855,9.09927,8.18809,9.20802,8.33073,8.57306,8.29847,7.9352,8.59172,8.13727,8.25655,8.27119,8.6364,7.4312,8.44447,8.73255,8.04442,7.9947,2,1,3,1,2,11,11,11,9,5,2,2,18,17,11,16,5,7,6,2,9,11,3,6,10,1,0,1,2,1,8,7,4,5,7,3,6,3,15,7,27,1,3,1,19,9,16,5,7,7,3,3,7,2,4,1,0,0,1,8,12,15,16,7,6,10,6,7,6,5,1,6,6,8,6,8,9,5,4,6,1,3,4,5,3,3,8,1,4,3,5,12,5,12,9,8,7,5,13,6,6,3,8,3,3,1,0,2,5,6,3,1,9,4,7,12,2,1,0,6,2,2,4,2,1,4,1,5,5,3,8,9,18,9,10,13,11,5,13,14,16,12,13,8,14,7,16,11,2,10,6,4,5,3,5,4,2,10,4,8,3,15,12,8,16,17,7,13,15,4,19,9,12,20,4,17,17,14,17,11,9,3,10,7,8,2,8,2,6,7
165.31,0.965266,0.0128217,10,1023,0,-98.17,9.11734,0.488718,0.597339,-0.326072,0.596073,-1.1211,0.0538617,0.661609,-0.00163089,0.284298,0.514475,-0.0762547,-0.373591,0.612696,1.19822,-0.418144,0.0178105,-0.266342,-0.989557,0.165431,0.0334598,0.431698,0.423238,-0.928528,0.22096,0.026693,0.0890002,-0.496267,0.426756,0.351251,0.0125473,0.773026,0.198737,0.343602,0.160342,-0.509986,-0.126836,0.285554,-1.16831,-0.155698,0.149062,0.345748,-0.0710996,0.468797,-0.795589,0.574239,-0.386838,0.316278,0.130655,0.602232,-0.631549,-1.03996,-0.272162,0.19822,0.454305,-0.319669,-1.01127,0.0582134,-1.13668,1.13356,0.946798,-0.0652849,0.113551,0.348736,0.379612,0.254068,-0.599981,-0.0365401,0.360624,1.16364,0.62882,0.206424,-0.259977,0.618271,0.279452,0.549093,-0.211795,0.0969267,-1.59821,-0.842304,1.02511,-1.16837,0.0551002,0.322403,0.676565,0.572272,-0.203649,-0.0902858,-1.15854,0.82735,-0.971524,0.16381,0.70493,0.502917,-0.84857,-0.8991,-0.624116,1.0588,0.798104,-0.602245,0.453493,-0.868715,0.109171,0.882908,-0.163916,-1.0513,-0.402532,0.666256,0.0192845,1.04769,-0.30717,0.0874112,0.604677,1.25502,0.388624,0.0756251,0.257931,-0.335044,-0.0237601,-0.0385472,0.0409159,0.241557,-0.050168,0.042299,-0.125032,-0.165192,-0.27439,-0.00283225,0.0915867,0.473415,-0.409221,-0.132203,-0.245188,0.00894436,-0.907368,-0.0551835,0.0451231,0.110683,19.1696,0.469094,0.556329,0.395181,0.505111,0.562461,0.499845,0.526955,0.548671,0.492764,0.464604,0.557886,0.611794,0.4604,0.50169,0.474745,0.407177,0.515695,0.503175,0.540878,0.54008,0.412781,0.520957,0.502533,0.508446,0.453042,0.540412,0.533285,0.501191,0.572841,0.518852,0.532563,0.515212,0.451751,0.487965,0.527073,0.390906,0.485228,0.514143,0.532765,0.493253,0.544373,0.425065,0.554282,0.463354,0.52998,0.512397,0.479301,0.537789,0.429268,0.503421,0.541925,0.499896,0.51805,0.532631,0.495157,0.476288,0.538838,0.575525,0.473466,0.501131,0.483089,0.437475,0.510506,0.502125,0.527393,0.526857,0.441295,0.514031,0.501695,0.505653,0.46852,0.52708,0.522296,0.500797,0.548943,0.512621,0.521811,0.510183,0.467652,0.491944,0.51813,0.426332,0.490112,0.509467,0.521947,0.495484,0.529741,0.449638,0.536409,0.475449,0.520078,0.508298,0.573432,0.367988,0.734437,0.487784,0.35427,0.50037,0.435865,0.38537,0.517291,0.583944,0.364487,0.25214,0.593731,0.49596,0.560125,0.710516,0.462544,0.49241,0.403306,0.405155,0.698995,0.450044,0.493945,0.479822,0.61071,0.404386,0.420989,0.497154,0.331498,0.45504,0.422682,0.463692,0.613665,0.52874,0.435584,0.742708,0.53526,0.466238,0.422207,0.516123,0.395232,0.673024,0.372608,0.586861,0.428743,0.470397,0.504498,0.491777,0.515462,0.499257,0.490874,0.500022,0.496078,0.492903,0.501052,0.505154,0.491548,0.483475,0.505768,0.499754,0.503674,0.513648,0.497718,0.499538,0.494045,0.494161,0.512807,0.496952,0.499632,0.498772,0.506846,0.494113,0.495154,0.499827,0.489337,0.497258,0.49526,0.497788,0.507035,0.50175,0.496061,0.516112,0.502148,0.497944,0.49523,0.500981,0.493533,0.510974,0.492079,0.505337,0.495637,0.498198,7.75393,9.04242,7.05095,6.75734,8.92579,8.2281,8.13182,8.77106,8.01676,7.83677,9.53515,9.35685,7.7899,8.11573,7.55248,7.84994,8.27105,8.26502,8.68399,8.27798,7.12044,8.32947,8.44345,8.21975,7.70773,7.74075,7.66132,9.65123,8.91011,9.09972,8.19421,9.3857,8.3541,8.28191,7.0011,7.18692,8.75878,8.5722,7.65553,8.34055,8.59019,7.57853,8.4368,7.42572,8.02271,8.23446,0,4,1,3,1,8,7,8,6,11,18,5,7,5,11,11,6,8,11,7,11,3,5,7,13,0,2,1,2,3,16,6,7,6,14,6,3,1,2,4,5,6,2,5,14,18,18,2,7,7,7,2,4,3,0,1,2,0,3,25,18,17,18,4,5,3,8,7,2,7,4,5,2,8,4,2,2,7,3,0,2,3,1,1,3,3,3,5,2,6,5,14,14,9,18,17,17,11,13,2,6,4,5,7,2,3,1,6,3,4,6,6,4,5,9,8,1,3,4,0,4,1,3,0,1,2,1,4,3,7,5,9,22,12,10,25,12,13,18,9,12,9,4,10,18,6,12,7,4,4,3,8,4,6,1,2,3,6,2,8,5,3,8,19,18,22,14,14,15,6,10,16,18,11,10,16,10,16,12,6,10,5,14,10,4,4,7,6,4,6
151.634,0.996305,0.0128217,9,767,0,-80.6528,8.92357,0.599745,1.12379,0.176337,0.575964,-0.873779,-0.18587,0.607909,-0.648509,0.362089,-1.13897,1.11095,-0.221063,0.698294,0.56736,0.547152,0.0204049,-0.882629,0.646578,-0.986351,0.700136,0.698996,0.55903,-1.11408,0.40612,-0.0124185,-0.297587,-0.320562,0.513362,0.595,-0.199739,0.573182,0.293942,0.479978,0.567308,-0.42368,-1.19965,0.351318,0.207366,-0.454216,0.644529,-0.0217032,0.0071917,0.364389,-0.882861,0.585934,0.427301,0.551472,0.17956,1.26266,-1.18388,-0.859586,-0.562869,-0.100044,1.33277,-0.604082,-1.19684,0.410474,-1.09966,1.44787,0.327655,-0.153985,-0.223962,0.0339316,0.579873,-0.0247963,-0.548305,0.0252527,0.35913,1.38231,0.645873,0.144541,-0.718821,0.335329,-0.0404569,1.06166,0.472785,0.342409,-1.00331,-0.708325,0.748626,-0.98159,1.15069,-0.492127,0.910343,0.107221,-0.513154,-0.852715,-0.518762,0.4766,0.314815,-0.0213507,0.37037,-0.215033,-0.495996,-1.3505,-0.722169,0.399081,1.16318,0.23473,0.513196,0.105054,-0.325227,0.583493,-0.564467,-0.738868,-0.496384,0.194168,-0.0216908,0.672745,0.293274,0.408734,0.645131,0.767179,0.268612,0.0972451,-0.0921011,-0.103551,0.180456,0.0506979,0.217053,0.181382,-0.0443937,0.0718471,-0.132702,-0.106928,-0.366068,0.29782,0.00730073,0.172083,-0.304391,0.0511588,-0.0996894,-0.0614269,-0.532508,-0.776959,-0.0394099,0.227661,22.7306,0.525541,0.582729,0.375972,0.473081,0.587226,0.407079,0.552299,0.340636,0.655704,0.467997,0.59987,0.581515,0.578661,0.502958,0.374769,0.592651,0.360785,0.600126,0.599967,0.580339,0.343885,0.558604,0.4982,0.456966,0.453662,0.573876,0.58541,0.471077,0.582337,0.542509,0.569136,0.581508,0.438887,0.332779,0.550755,0.530025,0.434531,0.592364,0.496854,0.501043,0.552629,0.374737,0.584134,0.56163,0.579272,0.526007,0.498907,0.49643,0.505416,0.501152,0.496232,0.50402,0.497755,0.50706,0.493114,0.50137,0.495671,0.496483,0.496608,0.499874,0.505471,0.495992,0.506114,0.49566,0.495667,0.496535,0.506906,0.497482,0.500077,0.501845,0.501987,0.496818,0.496312,0.501238,0.496447,0.498178,0.497025,0.496483,0.502626,0.507436,0.497822,0.498715,0.502816,0.496005,0.500135,0.499955,0.497741,0.505473,0.496368,0.497351,0.496581,0.498887,0.476542,0.423919,0.614269,0.524724,0.41977,0.585486,0.451945,0.647145,0.356271,0.529395,0.408095,0.425038,0.42767,0.497284,0.615385,0.414763,0.628372,0.407858,0.408004,0.426123,0.644112,0.446144,0.501653,0.539534,0.542572,0.43208,0.421446,0.526566,0.424281,0.460948,0.436448,0.425045,0.556165,0.654487,0.453366,0.472422,0.560175,0.415028,0.502889,0.499043,0.451642,0.615415,0.422623,0.443359,0.427107,0.476114,0.465802,0.389955,0.663491,0.536041,0.384067,0.623367,0.430128,0.707844,0.29668,0.542834,0.367596,0.391547,0.395293,0.496037,0.665025,0.376985,0.682732,0.367263,0.367469,0.39309,0.703829,0.421763,0.502412,0.557547,0.561946,0.401586,0.386443,0.53872,0.39047,0.443152,0.407835,0.391556,0.58156,0.717497,0.432181,0.459808,0.587322,0.377359,0.504216,0.498603,0.42969,0.665065,0.388114,0.417755,0.394492,0.465179,8.48029,9.07831,6.98815,6.13879,8.59257,7.23149,8.11979,6.70243,9.49052,7.69433,9.54877,8.90383,8.52683,8.31124,6.77193,9.49286,7.22188,8.69229,8.69105,8.33302,7.08433,8.72928,8.44083,8.15367,7.5865,7.90836,7.99669,9.67868,8.91013,9.1111,8.24746,9.39134,8.33328,7.15749,6.72111,8.6791,8.83905,9.15248,7.32855,8.46209,8.68408,7.49866,8.36213,8.19042,8.06602,8.48378,1,2,1,0,2,4,2,9,7,9,8,3,31,36,30,14,30,11,8,7,14,4,18,10,5,0,3,0,2,3,10,6,5,8,7,2,1,3,6,9,12,2,0,0,17,11,18,3,2,3,5,2,0,2,1,2,4,2,3,16,8,9,12,8,11,9,2,6,4,4,1,6,3,5,8,6,4,4,3,1,4,1,1,3,1,2,0,5,1,3,0,12,9,12,5,10,25,18,20,7,4,10,7,9,3,2,8,4,2,0,3,0,3,4,10,8,6,6,0,4,7,4,4,4,2,0,4,3,2,6,5,10,5,12,13,6,12,12,9,10,4,5,11,9,11,6,8,6,5,6,5,14,9,3,5,6,4,3,5,8,4,4,3,7,4,10,3,4,7,6,15,2,3,6,5,6,3,9,10,3,6,7,6,3,2,9,4,5,4,3
168.916,0.905748,0.0128217,10,1023,0,-81.8737,10.0431,0.456474,0.99614,0.0678767,0.754527,-0.75553,-0.307458,0.0955181,-0.61306,-0.225552,0.302682,0.911745,-0.0944644,0.388617,0.739998,-0.0146801,-0.429221,-0.161973,0.713449,0.223582,0.803437,0.865257,-0.155283,-1.27282,-0.25537,0.0439409,-0.554127,-0.148224,-0.651957,-0.97957,0.509995,0.376301,0.0339695,-0.109858,-0.389966,-0.527497,0.215356,0.152663,-0.0238631,0.730278,0.220109,0.2184,0.396628,0.0775669,-0.666861,0.0402437,-0.29194,-0.729602,-0.251777,-1.09706,1.58063,-0.123266,-0.0700216,-0.230448,-1.1802,0.0430033,1.883,-1.26078,-0.367842,-0.270058,0.0894274,0.371794,0.317183,0.49691,0.363991,0.376822,-0.375992,-0.233563,0.356194,0.436214,0.552694,0.136417,-1.18983,0.907882,-0.0252434,0.327539,0.646449,0.597215,-1.62419,-0.305527,0.598298,-0.460778,0.734647,-0.687023,0.980016,-0.209477,-0.180504,-0.768298,-1.36458,0.8073,-0.876118,0.271347,0.0508391,-0.46322,-0.252135,-0.946867,-0.200663,0.701536,1.24199,-0.125476,0.05681,-0.245991,0.284109,0.327208,-0.21027,-0.201126,-1.08254,0.775645,-0.430235,1.26037,-0.150479,0.214472,0.47326,1.25742,0.379358,0.314217,-0.282011,-0.113869,0.210288,0.193311,-0.0146619,-0.234066,0.0717699,0.0727447,-0.126817,-0.185935,0.0104086,0.0760384,-0.0456792,0.14865,0.119566,0.34118,-0.0110615,0.0615271,-0.0291779,0.0765244,0.0748977,0.0741556,25.8965,0.506176,0.568232,0.431678,0.472051,0.508691,0.444443,0.479487,0.527516,0.582214,0.491405,0.535304,0.566934,0.498664,0.461021,0.485265,0.56456,0.520334,0.572594,0.578092,0.485873,0.386204,0.476779,0.503998,0.449746,0.486515,0.44095,0.411794,0.546276,0.534189,0.503091,0.490005,0.464573,0.452146,0.519587,0.513888,0.497829,0.566065,0.520019,0.519863,0.53603,0.507058,0.439613,0.503662,0.473459,0.433995,0.477105,0.506394,0.570606,0.429302,0.471068,0.508997,0.442502,0.478764,0.528483,0.585056,0.491102,0.536545,0.569264,0.498617,0.459653,0.484746,0.566809,0.52105,0.575115,0.580798,0.485376,0.38234,0.475961,0.504139,0.447987,0.48604,0.438889,0.408753,0.547897,0.53539,0.5032,0.489652,0.463329,0.45047,0.520277,0.514378,0.497752,0.568365,0.520724,0.520563,0.537295,0.507307,0.437506,0.503791,0.472525,0.431697,0.476299,0.499505,0.494496,0.505511,0.502243,0.499303,0.504472,0.501645,0.497792,0.49335,0.500689,0.497165,0.494602,0.500107,0.503131,0.501182,0.494796,0.498369,0.49414,0.493689,0.501133,0.509284,0.501863,0.499679,0.504042,0.501081,0.504756,0.507145,0.49628,0.497255,0.499752,0.500801,0.502845,0.503848,0.498429,0.498886,0.500174,0.494673,0.498394,0.498407,0.497107,0.499434,0.504864,0.499706,0.50213,0.505322,0.501837,0.501299,0.514431,0.48555,0.494118,0.501827,0.488274,0.495685,0.50579,0.517436,0.498193,0.507434,0.514153,0.499719,0.491789,0.496901,0.513646,0.504277,0.515366,0.516547,0.497029,0.475669,0.495115,0.500841,0.489401,0.497164,0.48753,0.481269,0.509756,0.507199,0.50065,0.497898,0.49254,0.48991,0.50412,0.502921,0.499543,0.513967,0.504211,0.504178,0.507587,0.501484,0.487245,0.50077,0.494415,0.486046,0.495183,8.60826,9.04189,7.01473,9.47184,7.92384,7.16682,8.17774,8.1452,9.50945,7.72083,9.42704,9.32619,7.80608,8.07712,8.24568,9.77393,8.77465,8.67994,8.7459,8.25283,7.17715,8.26285,8.28288,8.166,7.66338,8.10919,7.7596,9.76122,8.93781,9.04811,8.30137,9.3076,8.44823,8.46605,9.96351,8.21043,8.71203,8.47113,9.03904,8.65972,8.61862,7.52354,8.46177,8.10681,8.10772,8.26669,4,3,1,0,1,3,9,17,9,1,3,4,8,11,11,16,5,13,15,10,13,12,11,12,14,0,0,1,4,8,13,9,24,9,14,9,3,1,6,12,12,3,1,4,4,6,17,6,4,4,3,5,3,1,2,1,0,1,0,7,16,13,8,3,2,3,4,6,7,5,4,6,5,3,3,6,5,4,3,3,2,2,2,0,2,2,0,4,3,2,5,8,7,11,12,9,23,18,22,7,7,7,7,3,3,7,2,6,7,7,5,0,7,11,5,10,3,4,1,3,4,4,0,0,1,0,2,3,10,13,6,5,18,11,9,20,11,18,14,8,21,9,19,14,15,7,9,1,5,1,3,1,6,4,7,2,10,3,5,12,1,3,6,14,16,13,11,15,15,9,13,11,14,14,12,11,7,9,12,10,1,1,4,6,8,9,8,7,4,6
169.276,0.956167,0.0128217,10,1023,0,-97.4787,8.61925,0.472085,1.14941,-0.254292,0.557226,-1.08947,0.164397,0.0845853,-0.345723,-0.189251,-0.732129,0.515115,-0.230112,0.654855,0.714803,0.0623087,0.0588682,-0.30231,0.0756282,-0.350238,0.754641,0.492199,-0.064234,-1.03794,0.180431,-0.0906331,-0.0120295,-0.392107,0.22576,-0.105211,0.187633,0.647018,0.174429,-0.154032,0.382731,-0.310043,-0.78707,0.117505,0.0407427,-0.747364,0.39101,0.0183996,-0.284752,0.348154,-0.761826,-0.0407994,-0.121845,0.573237,-0.173474,1.07718,-1.16536,-0.617563,0.420369,0.415008,1.02525,-0.268021,-1.03958,0.920602,-0.15161,1.37606,0.620387,0.146956,-0.0655669,0.386176,-0.433986,0.497635,-0.433874,0.034817,0.35469,1.49155,0.620949,0.196782,-0.910741,0.384785,0.191048,0.82101,0.225508,0.602501,-0.10345,-0.945431,0.823917,-0.873574,0.544858,-0.206696,0.785823,-0.204737,-0.379243,-0.916504,-1.3324,0.765018,0.0250525,0.329657,0.364874,0.548078,-0.637778,-1.24835,-0.694125,0.70255,1.29153,0.0307481,-0.0394372,0.103034,-0.0440282,0.959966,-0.700271,-1.02759,-0.861322,0.307714,-0.154349,0.645875,-0.15812,0.193599,0.161876,0.824107,0.877657,0.491201,0.0870075,0.101044,-0.0699116,-0.166094,0.406412,-0.241676,-0.263631,0.0911531,0.0780789,0.498914,0.0373752,0.0997923,0.0187393,-0.0277921,0.0161083,0.0697655,-0.235776,-0.0510576,-0.627914,-0.491307,0.0701251,0.155405,27.8403,0.527562,0.439836,0.61605,0.482171,0.490824,0.53744,0.520521,0.578772,0.444343,0.524946,0.429425,0.423062,0.49324,0.493613,0.532753,0.491795,0.537927,0.418848,0.4468,0.506969,0.610747,0.480434,0.509832,0.501305,0.54244,0.475525,0.511413,0.479654,0.430258,0.481084,0.516706,0.45857,0.533588,0.584574,0.487254,0.49558,0.580383,0.457678,0.498004,0.530855,0.462298,0.581911,0.504426,0.513217,0.438125,0.518812,0.468406,0.568883,0.367685,0.520441,0.510522,0.457095,0.476473,0.409911,0.563736,0.471403,0.580756,0.588002,0.507751,0.507323,0.462461,0.509408,0.456537,0.592796,0.56093,0.492009,0.373667,0.522432,0.488726,0.498503,0.451373,0.528057,0.486914,0.523326,0.579806,0.521687,0.480846,0.547472,0.461504,0.403314,0.514614,0.505069,0.408078,0.548492,0.502289,0.464634,0.543205,0.406341,0.494924,0.484846,0.570836,0.478432,0.539834,0.413409,0.664652,0.474216,0.486725,0.554059,0.529673,0.612946,0.419836,0.53606,0.398626,0.389638,0.49022,0.49076,0.547314,0.48813,0.554759,0.383706,0.423345,0.510082,0.657402,0.471706,0.514224,0.501888,0.561243,0.46462,0.51651,0.47058,0.399806,0.472646,0.524161,0.440207,0.548517,0.621098,0.481563,0.493605,0.615213,0.438926,0.497112,0.544581,0.445564,0.617361,0.506404,0.519118,0.410973,0.527205,0.531193,0.431982,0.63071,0.479819,0.489612,0.542362,0.523228,0.588968,0.437066,0.528234,0.420253,0.413094,0.492347,0.49277,0.537064,0.490712,0.542913,0.408357,0.439838,0.507889,0.624794,0.477853,0.51113,0.501478,0.548013,0.472299,0.51292,0.47697,0.421191,0.478589,0.51891,0.453128,0.538008,0.595486,0.485571,0.494996,0.590779,0.452121,0.49774,0.534918,0.457341,0.592495,0.505011,0.514961,0.430053,0.521294,8.01852,9.01323,6.8977,6.40279,8.19718,7.72006,8.21764,7.29223,8.87148,7.84821,9.50702,9.09248,8.17248,8.36578,8.0923,8.86522,7.91217,8.93942,8.64899,8.35627,7.15162,8.50058,8.29511,8.22285,7.66866,8.19977,7.83274,9.66301,9.0175,8.97478,8.25669,9.2477,8.43758,7.52373,6.35079,8.4408,8.58271,8.82913,7.96983,8.07988,8.68651,7.55164,8.38225,8.29238,8.07489,8.10813,0,0,3,4,4,8,7,6,6,5,3,10,16,13,10,9,13,4,13,9,7,8,7,9,6,2,4,2,4,2,4,12,8,16,14,2,2,2,11,9,7,4,2,6,15,3,13,4,5,6,3,3,2,1,2,1,1,0,1,6,15,8,7,7,5,4,4,4,5,7,5,7,8,4,4,7,8,12,1,2,5,3,8,3,1,2,0,1,2,4,3,16,13,18,17,9,23,10,25,3,2,5,5,9,8,5,5,3,1,6,4,5,6,6,7,4,2,2,1,0,3,2,3,2,0,2,4,5,7,7,7,10,10,10,12,9,9,6,8,12,16,16,3,8,11,7,15,2,8,5,4,3,5,7,4,3,10,7,3,9,1,3,5,7,8,9,2,6,1,3,0,1,10,2,6,12,4,11,5,10,5,7,16,9,12,11,6,4,16,6
167.764,0.974692,0.0128217,9,767,0,-84.3789,10.1447,0.61309,0.58065,0.00317782,0.670693,-0.52461,-0.075728,0.0635278,0.177386,-0.304755,0.716631,-0.192814,0.0598285,0.330781,0.107273,-0.110462,-0.229539,0.257448,0.158501,0.192023,-0.436942,0.872181,-0.177846,-1.19319,-0.0362876,0.0555379,-0.101243,0.0150043,-0.994942,-1.1312,-0.0693081,0.196659,0.0192371,-0.285099,-0.689318,-0.543482,0.588339,-0.376991,0.183889,-0.128553,-0.388747,-0.0203332,-0.00248249,-0.00744005,-0.57531,-0.0611405,-0.127962,-0.989899,0.156687,-0.337793,0.448368,-0.772802,-0.335668,0.304518,-0.597769,-0.397458,0.769993,-0.358249,-0.185904,0.176349,-0.821914,0.0428738,0.294233,0.164321,0.652562,-0.745413,-0.199788,-0.160575,0.354251,0.821575,0.657959,0.147337,-0.852197,0.490244,-0.247783,0.257963,0.66405,0.132144,-1.53548,-0.365906,0.782627,-0.777112,0.17137,-1.09781,0.81698,0.250385,-0.670155,-0.418126,-1.14407,1.34089,-0.733559,-0.0257006,0.215737,-0.518493,-1.64334,0.165842,0.287931,0.467773,1.01379,0.154809,0.00761886,-1.59334,0.286619,0.208908,-0.0850787,-1.03307,-0.863489,0.555637,-0.539711,0.785993,0.0309257,0.0878543,0.341056,0.830488,0.428705,-0.268817,0.256775,-0.211953,0.00663785,-0.027716,-0.290316,0.0325976,-0.0214192,-0.0534834,0.241851,0.109563,0.00608743,-0.0239424,-0.303291,-0.00183802,-0.0168763,0.0392032,-0.119709,0.031146,0.0814131,-0.031113,0.058831,0.059951,12.6207,0.500518,0.607703,0.415241,0.487648,0.510362,0.528907,0.450445,0.614827,0.468586,0.509759,0.553755,0.517494,0.481987,0.462623,0.541902,0.525835,0.531286,0.429196,0.638568,0.471019,0.314615,0.49408,0.509059,0.483489,0.502448,0.343156,0.323403,0.488695,0.532039,0.503138,0.453622,0.389403,0.412254,0.59482,0.438806,0.529964,0.47904,0.436918,0.496683,0.499595,0.498786,0.407231,0.490027,0.479136,0.343898,0.52554,0.499408,0.377554,0.596536,0.514108,0.488164,0.466992,0.556549,0.369541,0.53587,0.488853,0.438668,0.48002,0.520573,0.542671,0.45217,0.470497,0.464277,0.580713,0.342959,0.533094,0.70877,0.506762,0.489652,0.518858,0.497204,0.677355,0.699141,0.512913,0.463418,0.496415,0.55293,0.625703,0.599917,0.392085,0.569795,0.465785,0.523938,0.571942,0.503789,0.500463,0.501386,0.605598,0.511392,0.523828,0.676533,0.470834,0.500065,0.513647,0.489324,0.498459,0.501293,0.50361,0.493798,0.514582,0.496076,0.501218,0.506732,0.502183,0.497752,0.495328,0.50524,0.503226,0.503908,0.491108,0.517744,0.49638,0.475734,0.499261,0.50113,0.497939,0.500305,0.479761,0.476993,0.498589,0.504003,0.500392,0.494198,0.485974,0.48894,0.511972,0.492328,0.503743,0.497384,0.492088,0.499586,0.499949,0.499849,0.488293,0.498756,0.497396,0.479863,0.503189,0.499975,0.494783,0.50408,0.500589,0.499506,0.49862,0.50237,0.494426,0.5015,0.499535,0.497427,0.499166,0.500859,0.501785,0.497998,0.498767,0.498506,0.503399,0.493216,0.501383,0.50928,0.500282,0.499568,0.500787,0.499883,0.507738,0.508798,0.500539,0.49847,0.49985,0.502218,0.505361,0.504227,0.495424,0.502932,0.49857,0.501,0.503024,0.500158,0.500019,0.500058,0.504475,0.500476,0.500995,0.507699,0.498781,8.6983,9.04455,6.96902,9.1349,7.70001,7.84175,8.17163,8.50971,8.45429,7.6954,9.43343,8.82793,7.48335,8.40861,8.87132,9.2192,8.93341,7.07759,8.70056,8.32945,7.22456,8.64915,8.28146,8.14905,7.63958,7.91841,7.75302,9.63603,8.93918,9.04581,8.19606,9.26944,8.34663,8.94295,8.76026,8.44124,8.78173,7.72876,9.12258,8.20921,8.68508,7.49774,8.47474,8.39154,8.0719,8.88944,1,3,0,1,1,14,8,12,7,6,7,4,6,8,9,6,6,6,11,9,10,13,6,2,7,2,2,1,4,3,12,11,14,9,12,1,2,1,3,4,6,3,2,2,9,8,10,14,7,5,4,2,1,2,3,2,1,0,1,17,36,25,11,4,1,3,2,4,3,3,4,7,6,4,10,6,3,3,2,0,1,3,5,4,7,8,3,6,8,14,8,2,9,11,6,6,11,18,13,1,9,7,3,3,0,2,0,4,3,4,5,5,17,6,5,4,4,2,6,0,2,3,0,0,4,5,0,3,8,26,9,13,14,14,22,16,19,11,4,14,20,11,7,16,20,16,14,3,1,2,3,3,4,7,9,5,5,7,3,12,13,6,6,4,11,11,7,18,9,13,7,15,5,12,12,13,10,25,14,4,4,8,13,3,2,3,10,3,8,5
172.242,0.864766,0.0128217,8,511,0,-95.8689,9.48611,0.558843,0.402521,-1.22989,0.559006,-0.881655,0.524602,-0.14683,0.725988,-0.220712,-0.286218,1.01726,-0.112197,0.425382,0.845532,0.000367666,-0.14404,-0.367757,-0.0867986,0.346805,0.769938,0.721192,0.086457,-1.28294,0.249736,-0.168525,-0.396532,-0.174815,-0.688152,-0.862368,0.328957,0.453987,-0.0691441,-0.130422,0.0655633,-0.65988,-0.91213,-0.20876,-0.048467,0.327008,0.146098,-0.426456,0.0493461,0.196024,-0.715112,0.106441,-0.141501,-0.501787,0.471563,0.109204,0.161854,-0.357817,-0.0342141,-0.0559598,0.0904945,-0.132806,-0.277467,-0.595051,0.0803407,0.432899,0.162766,0.132967,0.445338,0.545832,0.455426,-0.196778,-0.393749,-0.0949621,0.361672,0.220386,0.563081,0.27964,-0.195995,0.50151,0.440594,0.30112,0.209779,0.185338,-0.409497,-1.29567,0.462411,-0.906032,1.07669,0.479011,0.963561,-0.0346211,-0.353403,-0.143569,-1.15506,0.191274,-0.222263,0.152646,0.39086,0.482649,-0.0952945,-1.02783,-0.955913,0.652303,0.651129,-0.558276,0.147308,0.421871,-0.444413,0.351447,-0.194624,-0.568315,-0.559546,0.373197,-0.504335,1.09512,-0.582597,0.241869,0.46176,1.17208,0.102735,0.40074,-0.373364,0.571521,-0.0969989,0.00408559,0.214413,0.337441,0.152816,-0.0232995,0.355726,-0.139028,0.048014,0.417752,0.35457,0.416253,-0.0793406,-0.159687,-0.292272,0.139594,-0.780801,-0.0522766,0.111359,0.0349949,19.4252,0.363519,0.563305,0.400945,0.559447,0.483289,0.581914,0.474892,0.467458,0.613794,0.487228,0.548282,0.595097,0.500042,0.483606,0.458226,0.490119,0.539404,0.586775,0.581382,0.509842,0.357947,0.528403,0.480822,0.454975,0.480107,0.422284,0.403057,0.537384,0.551506,0.492128,0.485155,0.507464,0.425429,0.397616,0.476249,0.494482,0.537163,0.516628,0.451597,0.505618,0.522304,0.419292,0.512117,0.483895,0.443116,0.553485,0.56021,0.472528,0.543264,0.474215,0.507223,0.464346,0.510856,0.514077,0.450123,0.505519,0.479086,0.4585,0.499982,0.507086,0.518084,0.50427,0.482946,0.462196,0.464581,0.495747,0.562781,0.487717,0.50829,0.519497,0.508599,0.533802,0.542322,0.483823,0.477681,0.503401,0.506416,0.496775,0.532417,0.544752,0.510268,0.502384,0.483919,0.492813,0.520967,0.497572,0.490358,0.535122,0.494764,0.506961,0.524665,0.476818,0.723182,0.392582,0.66561,0.399006,0.52863,0.361963,0.542977,0.555639,0.311251,0.521887,0.41772,0.340696,0.499928,0.528087,0.571297,0.516937,0.432714,0.354076,0.362829,0.48313,0.731397,0.451405,0.532849,0.576791,0.534071,0.631187,0.66225,0.436138,0.412298,0.513494,0.525436,0.487205,0.626033,0.670885,0.54066,0.50946,0.436513,0.471513,0.582484,0.490369,0.461811,0.636073,0.479235,0.527593,0.596715,0.408977,0.516068,0.492695,0.51152,0.493144,0.501919,0.490513,0.502884,0.503741,0.486708,0.501466,0.494441,0.488951,0.499995,0.501882,0.504806,0.501134,0.495468,0.489939,0.490576,0.49887,0.516761,0.496736,0.502202,0.505182,0.502285,0.508993,0.511269,0.495701,0.494067,0.500904,0.501704,0.499143,0.508623,0.511919,0.502728,0.500633,0.495726,0.498091,0.505573,0.499355,0.497438,0.509345,0.498609,0.501849,0.506558,0.493837,7.12039,9.01646,6.98201,8.65925,7.76143,8.6876,8.10672,7.61348,9.50318,7.79819,9.57586,9.32129,7.91768,8.27138,7.95067,9.03223,8.79239,8.73419,8.68252,8.43278,7.0643,8.68937,8.24433,8.20113,7.73172,8.10011,7.91546,9.67129,8.90612,9.05097,8.20256,9.28959,8.42415,7.45565,7.88091,8.37177,8.70252,8.5783,8.37768,8.4756,8.63236,7.66444,8.454,8.1908,8.08011,8.92477,3,1,0,2,3,13,5,6,16,4,6,9,5,4,5,1,6,11,4,13,15,11,8,6,7,2,2,3,0,1,11,7,9,8,6,3,3,4,7,4,11,13,8,10,17,22,14,7,5,6,2,5,5,0,3,2,3,1,1,14,13,21,6,2,11,10,4,6,7,8,9,3,4,2,3,2,6,10,15,12,4,2,0,3,1,2,3,3,5,5,4,9,12,13,8,19,12,13,9,3,4,3,7,4,7,1,4,4,3,4,2,7,2,4,9,7,3,8,4,3,2,0,0,6,2,3,6,3,9,5,1,15,10,20,23,20,32,14,22,11,9,9,16,10,17,6,14,2,5,5,0,3,6,4,4,4,5,6,6,4,14,8,6,21,13,10,20,15,11,20,13,21,14,27,20,17,15,12,16,7,5,11,10,11,7,3,4,4,0,1
167.884,0.921079,0.0128217,9,511,0,-102.796,8.71527,0.563456,0.413855,-0.0357144,0.653482,-0.842515,1.07825,-0.631716,0.137097,-0.162079,0.960256,0.327543,-0.15037,0.92816,0.419355,0.342818,0.359256,0.122969,0.272846,-0.379744,-0.973979,0.629368,0.0785908,-0.724124,0.509869,-0.0108077,-0.640764,-0.147763,0.301364,-0.000684989,0.968665,0.795409,0.419182,-0.10527,0.545773,-0.149234,-0.394445,0.0897808,0.148851,-0.635312,0.835563,0.522319,-0.0485786,0.528493,-0.709438,0.0521975,-0.461878,0.475855,0.186967,-0.206014,-0.266502,0.277212,0.0797529,-0.0912357,0.0919323,-0.152571,0.558179,0.74748,-0.77298,0.0373137,-0.0204892,-0.250793,-0.58216,0.136994,0.737254,-0.198193,-0.238762,-0.0495541,0.358529,-0.759084,0.752386,0.199947,-1.10163,-0.180354,0.777365,0.847974,1.01372,0.71335,-0.338078,-1.78014,0.334223,-0.633807,-0.17449,-0.554101,1.275,-0.214259,-0.497173,-0.67544,-1.3919,1.33093,-0.343128,0.197181,0.322266,-0.129106,-0.370795,-0.698381,-0.442201,1.00167,1.18353,-0.520885,-0.46721,-0.830953,0.378658,0.953117,-1.12736,-1.26193,-0.89389,-0.176739,-0.0871791,0.313275,-0.560001,-0.0669747,-0.218867,0.915661,0.829857,0.700093,-0.142695,1.03248,-0.0234084,-0.227303,0.201073,0.0044066,0.0473068,-0.135347,0.169967,0.204231,-0.0910652,0.276548,0.25935,-0.170787,0.112115,0.286198,0.287961,0.157965,-0.766447,-0.385964,0.121184,0.220917,17.5464,0.493418,0.618169,0.34952,0.688892,0.385626,0.525247,0.470162,0.669949,0.560079,0.472313,0.664696,0.576683,0.562852,0.565831,0.522649,0.55012,0.430462,0.327818,0.613964,0.514481,0.369616,0.592885,0.498008,0.384047,0.472792,0.555318,0.499874,0.671318,0.642543,0.576652,0.480607,0.599258,0.472522,0.427807,0.516542,0.527408,0.384998,0.649313,0.595098,0.491047,0.596194,0.372143,0.50962,0.415683,0.586818,0.534406,0.50177,0.467666,0.541649,0.446777,0.53126,0.493207,0.50803,0.452564,0.483776,0.50745,0.45414,0.479234,0.48302,0.482207,0.493907,0.486484,0.518807,0.54811,0.468856,0.496106,0.535818,0.474758,0.500536,0.531706,0.507321,0.485072,0.500034,0.452151,0.46067,0.479242,0.505216,0.472984,0.507394,0.519534,0.495552,0.492625,0.531437,0.458694,0.474143,0.502407,0.473838,0.535094,0.497414,0.522869,0.47644,0.490737,0.506843,0.377339,0.656051,0.304402,0.618734,0.473755,0.531016,0.323883,0.437566,0.528781,0.329293,0.420331,0.434687,0.431594,0.476455,0.447909,0.572254,0.678416,0.381691,0.484946,0.635295,0.403528,0.502071,0.620368,0.528283,0.442511,0.500131,0.322473,0.352142,0.420364,0.52016,0.396922,0.528564,0.57501,0.482804,0.471509,0.619384,0.345153,0.401233,0.509307,0.400097,0.632683,0.49,0.587588,0.409818,0.464236,0.503446,0.437277,0.580586,0.397435,0.560655,0.486774,0.515634,0.40839,0.468437,0.514505,0.411387,0.459624,0.466969,0.465391,0.488137,0.473697,0.536576,0.592889,0.439569,0.492417,0.56942,0.45096,0.501043,0.561515,0.514254,0.470954,0.500066,0.407606,0.423847,0.459641,0.510156,0.447532,0.514396,0.537987,0.491338,0.485641,0.560997,0.420067,0.449771,0.504687,0.449181,0.56803,0.494964,0.544449,0.454213,0.481967,7.94554,9.00477,6.92499,8.96421,7.16447,8.04376,8.16846,8.98166,8.36151,7.71445,9.60277,8.46646,8.27923,8.39777,8.495,8.85657,7.55171,6.77625,8.60627,8.44416,7.1591,8.5698,8.24538,8.19606,7.71743,8.05537,7.70948,9.69934,8.89475,9.0239,8.23352,9.31958,8.37314,7.80622,7.83901,8.42828,8.63566,9.2116,8.30782,8.20211,8.59105,7.44711,8.41393,7.82555,8.09496,8.20062,2,1,1,1,3,1,4,3,1,6,4,7,16,22,18,13,16,9,4,7,12,6,8,6,13,2,0,2,0,2,6,6,7,16,11,1,1,1,4,10,4,2,8,4,17,13,13,10,5,4,1,3,8,4,3,1,3,1,1,13,17,7,11,2,6,2,2,5,4,2,4,5,7,7,6,5,4,6,4,5,4,2,3,4,2,4,0,3,1,1,2,30,14,13,24,25,15,27,19,8,5,1,5,4,1,2,2,5,7,9,3,7,10,12,16,22,1,2,1,2,0,5,1,1,0,2,0,2,6,5,3,10,11,12,6,8,13,9,6,12,8,11,14,9,6,5,9,4,8,9,8,6,7,2,2,2,2,5,7,5,6,4,6,7,8,4,4,6,6,5,5,8,5,11,8,5,2,10,10,10,3,10,13,10,10,12,4,5,7,7
165,0.986684,0.0128217,9,511,0,-101.843,9.61482,0.600584,0.439226,-0.817097,0.741148,-0.731634,-0.30189,0.356926,0.0936719,0.019274,-0.984183,-0.169318,-0.0721645,0.666582,0.258609,0.0851324,-0.045913,-0.182428,-0.427883,-0.613583,1.11452,0.828112,0.0325437,-1.0252,0.347906,0.0287251,-0.19858,-0.195607,-0.907266,-1.07553,0.416499,0.526696,0.284144,0.0980569,0.058497,-0.372229,-0.614757,0.315096,-0.520498,0.376028,-0.604654,-1.07656,0.116615,0.251389,-0.53323,0.204687,0.762898,-0.693269,-0.404424,0.689689,0.129451,-0.220994,-0.127897,0.0590704,-0.488176,0.0356856,-0.316469,-0.433109,0.330293,0.305999,0.00892127,0.20804,0.514396,0.353093,0.502219,-0.557311,-0.254909,-0.146975,0.354048,1.43768,0.703691,0.430121,-0.137724,0.0465849,0.974487,0.363018,0.276491,0.104401,-0.672209,-0.0639712,1.16275,-0.494449,0.767062,-0.197284,0.954201,0.0945828,-0.637521,0.432516,-0.862774,-0.0200762,-0.696959,-0.306959,1.03916,-0.0780416,-0.0011313,-0.60585,-0.400138,0.356519,1.1755,-0.369319,-0.0967725,0.238471,-0.226566,-0.0849318,0.0369205,-0.91536,-0.499666,0.794077,-1.33193,1.50102,-0.251076,0.156191,0.203354,1.26326,0.344766,-0.363726,-0.259512,-1.52894,0.25247,0.135843,-0.3315,0.10254,-0.271419,-0.113034,0.171295,0.423788,-0.113053,0.0444515,-0.576734,0.28822,-0.0740728,-0.0667083,-0.713626,0.182509,-0.964196,-1.13617,-0.0595852,-0.0322232,20.9244,0.398825,0.591995,0.40916,0.462169,0.544694,0.511759,0.50242,0.378887,0.478754,0.49094,0.58292,0.532424,0.510687,0.494236,0.477111,0.446483,0.423566,0.636391,0.6025,0.504086,0.374051,0.54357,0.503607,0.475088,0.47546,0.388019,0.368152,0.552104,0.565746,0.535615,0.512309,0.507344,0.453401,0.423422,0.539479,0.435019,0.547072,0.424661,0.368032,0.514637,0.531521,0.433448,0.525677,0.594631,0.413826,0.449397,0.611917,0.398181,0.600548,0.541963,0.450434,0.486952,0.497315,0.633787,0.523573,0.510053,0.40818,0.464031,0.488141,0.506397,0.525395,0.559335,0.584666,0.349523,0.386626,0.495466,0.639076,0.451678,0.495998,0.527639,0.527226,0.623781,0.645521,0.442229,0.427139,0.460493,0.486341,0.49185,0.551677,0.584825,0.456211,0.572015,0.4478,0.583457,0.645652,0.483758,0.465032,0.573752,0.471512,0.39528,0.595408,0.55611,0.687368,0.328581,0.669392,0.572261,0.414803,0.477436,0.495354,0.720903,0.540724,0.517388,0.344633,0.437984,0.47949,0.511065,0.543861,0.601702,0.643735,0.254526,0.310355,0.492156,0.728791,0.416915,0.493076,0.547722,0.547011,0.70574,0.738276,0.400931,0.375701,0.431933,0.476381,0.485903,0.588774,0.643995,0.424625,0.622897,0.410339,0.641758,0.738467,0.47192,0.439698,0.625776,0.45082,0.323971,0.661155,0.596269,0.716742,0.301099,0.696621,0.584919,0.399985,0.473418,0.494526,0.753654,0.547946,0.520486,0.319222,0.427068,0.475838,0.513038,0.551632,0.619198,0.667552,0.219894,0.280724,0.490757,0.762204,0.402447,0.491842,0.556167,0.555333,0.737072,0.772413,0.383856,0.354706,0.419985,0.472177,0.483391,0.60418,0.667848,0.411443,0.64368,0.394788,0.665297,0.772618,0.466925,0.429076,0.646991,0.442121,0.295925,0.687331,0.612894,7.41833,9.05781,7.01715,7.93249,8.25744,7.95729,8.23542,6.73087,8.15548,7.76813,9.48489,8.64355,7.94755,8.29624,8.00536,8.23767,7.64946,9.11732,8.79322,8.25056,7.18264,8.74533,8.24648,8.17465,7.62734,8.07733,7.88697,9.7582,8.94893,9.04955,8.32528,9.41276,8.30106,7.51323,8.63609,7.62045,8.80192,7.52472,7.88581,8.34674,8.63532,7.60596,8.44689,9.08222,8.09874,7.8875,0,0,1,3,0,10,11,12,5,10,5,12,5,7,2,12,4,10,5,6,8,2,7,6,14,2,4,3,3,1,10,8,13,7,17,2,6,5,4,9,7,3,5,2,12,15,11,2,6,1,3,2,3,5,2,1,1,0,0,23,19,18,10,6,3,4,5,6,5,6,5,13,9,14,6,3,9,5,6,12,7,2,2,5,2,0,2,3,3,6,3,10,5,1,6,6,12,14,7,2,2,6,7,2,3,1,2,2,7,5,5,6,2,3,3,1,7,10,9,0,0,2,7,7,7,4,2,3,10,8,10,26,11,15,26,24,13,8,16,17,11,16,5,20,18,17,25,1,3,1,2,2,1,6,4,5,4,7,6,9,12,9,11,3,11,5,12,25,9,16,6,10,4,17,5,7,10,17,8,9,9,10,7,8,3,3,2,2,2,4
176.089,0.909371,0.0128217,9,511,0,-99.195,9.56021,0.632448,0.247428,0.0537691,0.844664,-0.789862,-0.445681,-0.0511908,-0.08168,-0.0197461,-0.884879,0.0183707,0.0300068,0.39517,0.91804,1.06013,-0.112128,0.398195,0.201049,-1.46388,1.45777,0.773006,-0.0407511,-1.27339,0.137277,0.0858577,-0.633457,-0.193408,-0.979774,-1.20865,0.28934,0.50494,0.00186893,-0.211591,0.163005,-0.750231,-0.0853518,-1.63565,0.027096,-0.363695,0.0270214,0.375448,0.0558061,0.179266,-0.67154,0.128564,0.796632,-0.586379,0.036906,0.520972,-0.255618,-0.269173,-0.305964,-0.21695,-0.269911,-0.525386,-0.022999,-0.121462,-0.00578426,0.296329,-0.18726,0.00140355,0.240895,0.344704,0.307413,0.101905,-0.344449,-0.0976288,0.363023,1.78394,0.610324,0.220361,-0.648293,0.48913,-0.148009,0.585281,0.301181,0.513258,-1.23177,-0.214888,0.961365,-1.0285,0.704505,-0.836983,0.662327,-0.383828,-0.448916,-0.506437,-0.387723,0.23803,-0.4771,0.359166,0.896515,0.0811948,-1.22693,-0.0536363,0.1362,0.844429,0.642082,-0.288435,0.0960641,-0.552623,0.227951,-0.0732302,0.334358,-0.127023,-0.886332,0.764846,-0.75399,1.31282,-0.855356,0.386658,0.310821,1.46217,0.337967,-0.520964,-0.184461,0.465463,-0.00959079,0.113523,-0.141353,-0.126601,-0.022413,0.686652,0.0104481,0.171515,0.246275,0.357258,-0.147275,0.0234608,-0.00655135,0.0717779,-0.190077,0.0277464,-1.18446,-0.344354,0.144477,0.00915859,19.8047,0.504132,0.564553,0.439593,0.465801,0.496066,0.493723,0.498482,0.43241,0.501412,0.502306,0.530333,0.57009,0.580761,0.491383,0.530564,0.515446,0.389357,0.610197,0.55913,0.496868,0.403367,0.510549,0.506598,0.45147,0.48514,0.425265,0.408165,0.522222,0.538729,0.500144,0.483744,0.512525,0.442596,0.493441,0.376878,0.502082,0.472078,0.502077,0.528822,0.504289,0.513774,0.448572,0.509879,0.56092,0.455056,0.502836,0.50137,0.521506,0.479888,0.488648,0.498696,0.497919,0.499497,0.477472,0.500468,0.500764,0.510066,0.523371,0.526982,0.497143,0.510143,0.505122,0.462775,0.537071,0.519683,0.498962,0.467604,0.503497,0.502187,0.483867,0.495073,0.47506,0.469247,0.507371,0.512861,0.500048,0.49461,0.504153,0.480896,0.497826,0.458426,0.50069,0.490735,0.500688,0.509564,0.501422,0.504567,0.482898,0.503275,0.520284,0.485066,0.50094,0.484084,0.268849,0.718202,0.628991,0.515154,0.524168,0.505847,0.74041,0.49456,0.491115,0.385075,0.252112,0.221719,0.533154,0.384227,0.440746,0.849912,0.151013,0.285856,0.512065,0.818806,0.45944,0.474598,0.679245,0.557022,0.761424,0.807151,0.415151,0.354783,0.499447,0.562329,0.451881,0.708605,0.525252,0.874062,0.491977,0.60606,0.491999,0.390621,0.483481,0.447115,0.688992,0.462004,0.280178,0.666976,0.489073,0.495371,0.427792,0.567582,0.538293,0.504407,0.507031,0.5017,0.575594,0.498418,0.497417,0.466033,0.421619,0.409735,0.509652,0.465774,0.482699,0.623421,0.377073,0.433843,0.503508,0.607901,0.488184,0.492609,0.554318,0.516644,0.583556,0.602575,0.475112,0.45664,0.499839,0.518207,0.485971,0.564229,0.507347,0.637203,0.497667,0.531269,0.497674,0.467723,0.495196,0.484572,0.557556,0.488934,0.431846,0.55031,0.496823,8.56276,9.05626,7.04711,7.52625,7.80506,7.77377,8.27828,6.94964,8.52644,7.88838,9.51548,9.44955,8.94529,8.39252,8.70717,9.31628,7.00589,9.35302,8.65078,8.25673,7.20119,8.64846,8.27767,8.19539,7.65911,7.95456,7.71983,9.69904,9.02574,9.11187,8.08141,9.40451,8.34013,8.10197,6.30586,8.21737,8.62881,8.21729,9.34514,8.24683,8.69155,7.50047,8.43048,9.11597,8.09031,8.54546,4,1,9,2,4,12,9,8,11,1,4,3,13,4,5,6,10,6,8,3,2,10,9,10,3,3,0,1,5,5,25,8,11,21,13,1,3,1,12,5,9,2,3,3,19,14,10,2,2,5,5,4,1,1,1,1,3,2,3,3,11,10,18,5,5,5,7,11,7,2,7,16,10,7,14,13,2,6,1,1,1,2,7,2,2,2,4,3,4,2,6,18,17,12,18,9,15,8,6,5,1,7,9,11,3,2,1,5,1,3,8,8,2,11,8,3,8,4,2,4,6,8,1,3,4,2,1,0,17,15,9,34,17,25,21,16,26,29,14,15,19,28,22,32,12,22,14,4,2,3,5,10,6,4,1,2,11,10,14,6,7,3,14,22,21,23,8,21,14,19,20,15,22,15,10,23,16,16,24,6,14,4,5,3,2,2,2,6,5,5
175.113,0.897918,0.0128217,9,511,0,-101.54,9.3381,0.511898,0.378852,0.37315,0.595469,-0.656153,0.714142,1.22024,1.27933,-0.19515,1.1509,0.117917,0.121703,0.97653,0.890557,0.166875,-0.159062,-0.253048,-0.157192,0.622668,-1.22259,0.779039,-0.0617397,-1.01167,0.11128,-0.0670638,-0.464823,-0.0635059,0.158591,-0.124417,0.918699,0.553233,0.515459,-0.285008,-0.254662,-0.159765,-0.0194725,-0.0714498,0.515512,-0.180743,-0.444092,0.359666,0.161647,0.324352,-0.835934,0.0135835,-0.443648,0.184945,0.373613,-0.0627905,-0.0502636,-0.0230487,0.241098,0.11592,0.445,0.264045,-0.0347716,0.0502148,-0.737753,-0.171158,0.288021,0.348863,-0.252719,0.181325,0.750364,0.221848,-0.412273,-0.170166,0.354059,0.393945,0.819587,0.168133,-0.994384,-0.124087,-0.302953,0.791814,0.360987,0.416711,-1.50244,-1.0184,0.358335,-1.12662,0.653397,-0.841816,0.797592,-0.535427,-0.206985,-0.207453,-1.81072,1.00258,-0.156872,0.258113,0.400453,0.0758108,-2.26286,-0.591637,0.111022,0.778576,1.47063,-0.433202,0.243101,-0.802929,0.373094,0.463785,-0.117132,-1.04749,-1.03961,0.136964,-0.776695,0.474782,-0.084707,-0.332108,0.381976,0.391006,0.511745,0.489342,-0.294733,0.937475,0.0295552,-0.065958,-0.026373,-0.0575115,0.0558267,0.376104,0.184704,-0.0524058,-0.0499512,0.00969691,0.15175,0.0161308,-0.0252596,-0.155093,-0.0587877,0.0530985,-0.0487911,-0.775711,0.0462468,0.185893,21.1045,0.569546,0.609883,0.379339,0.63085,0.714149,0.723114,0.463457,0.703412,0.522106,0.522814,0.675409,0.661109,0.531263,0.470197,0.452673,0.470546,0.614727,0.285491,0.642116,0.48842,0.318838,0.520863,0.487422,0.413677,0.488089,0.529715,0.476678,0.665824,0.602316,0.595508,0.446738,0.452373,0.470065,0.496347,0.4866,0.595517,0.466146,0.417455,0.567063,0.530286,0.560547,0.348133,0.502548,0.417536,0.534638,0.569631,0.520684,0.532978,0.463672,0.539525,0.567267,0.570482,0.489178,0.563487,0.50654,0.506749,0.55395,0.549232,0.509254,0.491179,0.485969,0.491283,0.53448,0.432605,0.5431,0.496576,0.444125,0.506172,0.496281,0.474243,0.496478,0.508795,0.4931,0.550777,0.530645,0.528557,0.484198,0.48588,0.49114,0.49892,0.496037,0.52856,0.489977,0.47539,0.519937,0.508964,0.517981,0.45377,0.500753,0.475414,0.510256,0.52071,0.495449,0.492737,0.508003,0.49129,0.48512,0.4844,0.50238,0.485965,0.498562,0.498516,0.488091,0.489139,0.497965,0.50194,0.503087,0.501917,0.492405,0.514908,0.490499,0.500753,0.512338,0.498643,0.500818,0.50567,0.500775,0.498066,0.501518,0.488796,0.493252,0.493713,0.503476,0.503106,0.501949,0.500238,0.500872,0.493712,0.502205,0.505417,0.495613,0.498028,0.496044,0.510195,0.499834,0.505411,0.497744,0.495443,0.428137,0.386532,0.624569,0.364944,0.279579,0.270441,0.537773,0.290539,0.477149,0.476416,0.319188,0.333852,0.467683,0.530808,0.548916,0.530446,0.381541,0.720788,0.353359,0.511971,0.686705,0.478433,0.513003,0.589178,0.512313,0.469283,0.524109,0.329015,0.39433,0.401349,0.555047,0.549226,0.530943,0.503776,0.513853,0.401339,0.534994,0.58528,0.4307,0.468693,0.437429,0.65666,0.497366,0.585196,0.464195,0.428049,8.72887,9.06574,6.96141,8.54716,9.11201,9.17854,8.17522,9.03378,8.4349,7.85648,9.59023,9.32132,7.90854,8.11557,8.10852,8.28888,9.01535,6.31766,8.6114,8.329,7.13895,8.42725,8.30318,8.14227,7.64293,8.15838,7.83209,9.8314,8.93575,9.06357,8.07171,9.22451,8.28592,8.35805,7.64368,8.97402,8.67981,7.86901,8.38995,8.56687,8.67272,7.42036,8.41585,7.88921,8.04034,8.7294,1,2,1,5,3,4,3,5,3,11,4,1,19,10,14,15,12,10,11,11,9,16,11,15,10,0,2,1,1,1,6,8,7,8,13,2,1,2,18,5,12,4,2,2,14,14,16,1,3,3,3,3,1,3,1,1,3,0,2,28,14,16,9,3,9,5,3,2,5,3,6,8,6,4,6,4,3,10,2,2,3,3,4,6,2,1,4,3,7,5,6,13,6,11,12,20,31,24,35,7,9,5,3,10,2,1,3,6,10,4,5,5,3,3,3,10,5,9,3,0,2,8,4,2,2,0,1,0,8,7,3,8,10,7,6,3,15,6,8,7,7,7,16,3,6,12,9,4,4,3,5,5,1,5,3,6,3,4,3,4,8,13,9,7,8,8,7,5,7,3,4,3,3,3,8,2,3,5,0,1,4,11,2,21,4,6,5,5,4,5
180.608,0.945992,0.0128217,8,255,0,-118.699,9.0505,0.634351,0.241962,-0.618871,0.734693,-0.799953,0.384671,0.327351,0.464338,-0.22614,0.450822,1.10886,0.0176368,1.03707,0.61842,0.364094,-0.229967,0.151431,-0.0790269,0.235409,-0.93841,0.783357,-0.105524,-1.40916,0.0909727,0.100182,-0.137284,-0.0886051,-0.343543,-0.49185,0.815104,0.341889,0.552509,-0.0076857,-0.0767085,-0.21376,0.23248,0.257622,0.291348,0.299008,-0.0655709,-0.306583,-0.13808,0.0791958,-0.717754,-0.00249416,-0.10668,-0.0221412,-0.5671,6.13572e-05,0.212422,-0.162921,0.110468,0.529187,0.103736,0.198836,-0.325242,-0.233059,-0.311112,0.191035,-0.0670122,0.443419,-0.198222,0.267692,0.219366,0.0667496,-0.176273,-0.115978,0.363229,0.419904,0.719672,0.184764,-0.741295,0.236522,0.739636,0.0533482,0.378221,-0.0493857,-1.02567,-0.824597,0.524076,-0.682304,0.363675,-0.707953,1.319,0.138602,-1.14273,-0.382435,-1.4938,1.14028,0.0189469,0.247138,0.0103889,-0.0465522,-1.45936,-0.21195,-0.0348652,1.08632,1.06135,0.231305,-0.0362804,-1.17337,-0.352208,0.904146,-0.024004,-1.24179,-0.679457,0.0946117,-0.413341,0.790574,0.477979,-0.0777192,0.103502,0.868445,0.364395,0.344394,-0.842374,2.11129,-0.0587297,0.124494,-0.197216,0.101253,-0.0383761,-0.520804,0.164016,0.0127407,0.0766518,-0.0748321,-0.13142,-0.241309,0.00810611,0.319723,-0.0734061,0.0401682,-0.96671,0.345181,0.103052,0.158113,20.9886,0.466112,0.540205,0.456242,0.521083,0.517945,0.525443,0.487601,0.524704,0.560514,0.500967,0.556631,0.533863,0.519957,0.487391,0.508304,0.495666,0.512907,0.448717,0.542855,0.494213,0.423329,0.504989,0.505494,0.492472,0.495141,0.481168,0.473052,0.544583,0.518741,0.530263,0.499579,0.495793,0.488279,0.512747,0.514125,0.515973,0.516392,0.496404,0.483193,0.492428,0.504343,0.460718,0.499863,0.49415,0.498786,0.468939,0.489674,0.512258,0.486654,0.506419,0.505462,0.507748,0.496226,0.507522,0.518496,0.500294,0.517299,0.510318,0.506075,0.496163,0.502527,0.498681,0.503928,0.484345,0.513069,0.498239,0.476502,0.501518,0.501672,0.497709,0.498521,0.494267,0.491793,0.513599,0.505705,0.509219,0.499872,0.49872,0.496433,0.503879,0.504299,0.504862,0.50499,0.498906,0.494884,0.497696,0.501322,0.488025,0.499958,0.49822,0.499631,0.490538,0.64526,0.329547,0.684239,0.40809,0.42154,0.389627,0.554436,0.392739,0.255033,0.495738,0.26844,0.35484,0.412904,0.55535,0.463468,0.51909,0.443351,0.712421,0.319237,0.525481,0.796125,0.478028,0.475807,0.53313,0.521401,0.582272,0.616679,0.312605,0.418117,0.369558,0.501857,0.51853,0.551478,0.44405,0.438058,0.430049,0.428235,0.515842,0.573557,0.533321,0.48087,0.666825,0.500603,0.525759,0.505351,0.633723,0.446797,0.563063,0.431403,0.533147,0.528219,0.539985,0.480495,0.538825,0.594538,0.501522,0.588551,0.553165,0.531378,0.480165,0.513065,0.493181,0.520304,0.41972,0.567191,0.490895,0.380738,0.50785,0.508644,0.488155,0.492354,0.470389,0.457657,0.569879,0.529469,0.547535,0.499337,0.493381,0.481562,0.520051,0.522217,0.525121,0.52578,0.494342,0.473568,0.488087,0.506834,0.438376,0.499785,0.490795,0.498089,0.451218,7.91068,9.04086,7.01813,8.74028,8.16023,8.29901,8.139,8.28532,9.66104,7.84644,9.58061,9.16421,8.19745,8.30468,8.52153,8.44989,8.77617,6.87787,8.6222,8.2612,7.11012,8.62984,8.39803,8.13126,7.7388,7.93431,7.78406,9.76515,8.88405,9.08972,8.36033,9.42385,8.31339,8.53207,8.61156,8.59171,8.66455,8.2301,7.97175,8.15664,8.61791,7.56936,8.36559,8.26003,8.0877,7.96313,1,6,4,4,2,5,6,12,11,5,15,7,16,6,11,9,10,6,6,7,5,3,5,1,7,2,2,0,3,0,19,14,17,10,13,4,0,4,3,8,2,2,6,5,11,26,18,14,11,9,3,1,9,3,3,2,0,0,1,6,15,11,8,5,4,5,11,13,9,6,4,4,4,5,4,5,6,12,2,0,1,5,3,4,4,6,4,3,6,4,1,21,13,13,22,12,17,11,15,2,8,5,6,9,1,0,2,4,3,4,4,1,0,5,4,12,8,5,6,5,3,1,2,4,6,8,4,3,5,9,5,8,14,10,7,11,12,10,13,11,8,13,7,4,4,14,13,6,5,4,3,8,3,12,6,7,2,3,7,7,9,8,8,6,6,11,13,10,8,6,5,10,9,5,12,3,13,8,11,3,4,5,8,4,8,4,5,2,6,1
178.393,0.842963,0.0128217,8,255,0,-111.222,8.25439,0.475399,0.337112,-0.118808,0.852198,-0.811859,0.665504,0.172002,-0.0956301,-0.0309923,1.29341,0.347217,-0.166061,1.06582,0.631522,-0.0688903,-0.161907,0.342078,0.295493,0.744813,-0.628714,0.561493,0.0960262,-1.05548,-0.0354499,0.0883552,-0.100769,-0.218059,-0.067737,-0.264799,1.28186,0.527525,0.441921,-0.140453,0.41025,-0.0121865,-0.0157228,0.166117,0.745296,0.38577,0.431942,0.162327,0.484286,0.286034,-0.519171,0.146594,-0.686283,-0.231079,-0.195328,0.0913321,-0.120252,-0.101487,-0.0251204,0.09049,0.489091,-0.0766012,-0.372812,-0.167352,-0.345181,-0.299438,-0.0984079,0.191956,0.0451803,0.148272,0.375174,0.695566,-0.0909289,-0.0707145,0.354275,-0.868842,0.73409,0.166933,-1.14261,0.37337,-0.136293,0.508927,0.457961,0.772258,-0.737103,-0.819089,0.56106,-0.535251,1.06956,-0.769575,0.945005,-0.385356,-1.24781,0.187939,-1.27116,1.0239,-0.364762,0.0160194,0.41953,-0.0109096,-0.715384,-0.642344,-0.630668,0.929013,1.46564,0.518131,0.362233,-0.265685,0.317334,1.16267,0.0318094,-0.899078,-1.261,0.25132,-1.16242,0.417814,0.453696,-0.469632,0.244484,0.595787,0.38373,0.30001,-0.249418,-0.137754,0.193429,0.242377,0.124338,0.174848,0.00765983,-0.0760431,0.170249,-0.0683167,0.0377344,-0.0105898,-0.0911723,-0.224579,0.0208487,0.0503075,-0.181246,0.137498,-0.279441,-0.209767,0.213519,0.201204,19.6251,0.488858,0.579257,0.424436,0.562098,0.516127,0.491031,0.497093,0.618988,0.532521,0.48443,0.598656,0.558957,0.493539,0.484819,0.532041,0.527687,0.569408,0.441303,0.55247,0.509006,0.402276,0.496675,0.508286,0.49055,0.479559,0.493647,0.475184,0.617965,0.549318,0.541355,0.486829,0.538403,0.498857,0.498525,0.515576,0.569452,0.53612,0.540425,0.515221,0.545298,0.526802,0.451459,0.513746,0.435984,0.47834,0.481688,0.479352,0.643998,0.36246,0.613702,0.529874,0.483377,0.494611,0.710878,0.560086,0.471155,0.677291,0.608084,0.488023,0.471876,0.559205,0.551204,0.626696,0.392382,0.596416,0.516692,0.324283,0.493836,0.515359,0.482484,0.462154,0.488223,0.454083,0.709224,0.590717,0.576247,0.475596,0.570859,0.497881,0.497266,0.528854,0.626774,0.566682,0.574551,0.528197,0.583426,0.549575,0.410689,0.525469,0.382877,0.459904,0.466086,0.508299,0.440745,0.556475,0.453641,0.487986,0.50668,0.502165,0.410613,0.475762,0.511599,0.426087,0.455996,0.504813,0.511309,0.476121,0.479368,0.448154,0.54381,0.460854,0.493292,0.573206,0.502477,0.493828,0.507039,0.515229,0.504732,0.518491,0.411394,0.463214,0.469166,0.509811,0.471371,0.500851,0.501098,0.488397,0.448121,0.473076,0.469861,0.488662,0.466219,0.480028,0.536206,0.48976,0.547798,0.516138,0.513642,0.50623,0.455428,0.542473,0.465156,0.490981,0.505015,0.501625,0.432584,0.481799,0.508708,0.444338,0.46693,0.503613,0.50849,0.482069,0.484509,0.46102,0.532923,0.470588,0.494964,0.555126,0.501859,0.495367,0.505284,0.511433,0.503552,0.513883,0.433179,0.472364,0.476842,0.507365,0.478499,0.500639,0.500825,0.491289,0.460995,0.479781,0.477364,0.491488,0.474625,0.485004,0.527199,0.492313,0.535928,0.512116,0.510242,8.20223,9.03784,7.01703,8.84766,8.15174,7.84235,8.1896,9.43764,8.74079,7.76094,9.61456,9.0684,7.87326,8.15241,8.62071,8.7299,9.19856,7.22731,8.60115,8.33645,7.12521,8.29859,8.15789,8.10908,7.70085,8.02521,7.79747,9.7145,8.9487,8.89888,8.06307,9.22984,8.37432,8.03756,8.2718,8.91527,8.71454,8.55471,8.29117,8.61505,8.67015,7.45624,8.3949,7.43367,8.07611,8.11379,3,1,3,1,3,9,5,12,12,3,2,6,12,12,13,20,13,10,10,6,5,6,10,14,12,2,3,2,1,3,17,6,15,9,19,3,2,0,10,9,13,5,5,5,15,12,11,3,2,5,0,3,4,3,7,2,5,1,0,8,7,10,6,2,2,3,3,4,7,6,4,11,7,13,9,10,6,9,2,1,4,10,1,7,1,2,4,1,1,1,4,5,15,24,17,10,32,33,36,15,9,13,4,14,2,4,2,8,4,4,6,9,8,7,15,6,8,6,2,3,4,3,0,0,1,1,1,1,11,4,12,7,7,13,11,4,9,5,9,13,19,10,8,7,8,6,7,5,7,1,2,6,1,4,5,13,1,8,5,9,4,5,6,6,8,4,12,6,12,7,13,6,8,9,10,6,10,6,9,15,9,2,9,4,10,6,2,8,9,9
175.847,0.968298,0.0128217,8,255,0,-104.387,8.47999,0.492807,0.259651,-0.781094,0.609564,-1.0421,-0.558765,-0.221759,0.204033,-0.0112033,-1.45411,-0.341993,-0.376542,0.607232,0.335387,0.203755,-0.304167,0.0351613,-0.546299,-0.396266,0.630694,0.210718,-0.00895915,-0.946111,0.170486,0.0247398,-0.549993,-0.488757,-0.502372,-0.644201,0.45178,0.277618,0.338833,-0.0985174,0.675341,-0.0878574,0.00171816,0.970882,-0.567359,0.167167,0.172756,0.97501,-0.130828,0.0812496,-0.484474,0.0994287,0.338608,-0.218603,0.166432,0.0943372,-0.0211329,0.260198,-0.230408,-0.192453,-0.301844,-0.354491,0.283345,-0.196508,0.264607,0.586136,-0.036802,-0.00237566,-0.0534385,0.0148255,1.00285,-0.679636,-0.0597116,-0.00309747,0.359214,1.20285,0.791556,0.17154,-0.796972,0.1365,0.182019,0.698451,0.430427,0.124052,-1.41661,-0.431006,0.89932,-1.14888,0.61946,-0.451924,1.03813,0.364957,-0.79973,-1.01075,-1.53489,0.743947,-0.107227,0.744403,0.101045,0.840502,-1.31269,-1.11709,0.060644,1.26363,1.22209,0.283067,-0.0463245,-0.986314,0.0390843,1.62874,-0.351389,-0.681261,-0.0718819,-0.0164549,0.450888,0.637867,-0.162169,-0.0152003,0.611273,0.562707,0.654721,0.101136,-0.0217416,-0.483,-0.225259,-0.123314,0.0871892,0.0142433,0.0809003,0.0199005,-0.273009,0.0345146,0.127284,0.0375435,-0.0137698,-0.27188,-0.283263,0.137124,-0.0865129,-0.130426,-0.269129,-0.6916,0.133741,0.295088,13.8014,0.313605,0.648238,0.260172,0.363465,0.44463,0.550976,0.497191,0.188734,0.415089,0.406702,0.647704,0.583302,0.550907,0.424327,0.508814,0.366362,0.401938,0.653054,0.552634,0.497754,0.279125,0.542639,0.506202,0.365502,0.379858,0.376647,0.343883,0.611368,0.569156,0.584142,0.475321,0.663128,0.477987,0.500431,0.725847,0.361473,0.541813,0.543204,0.726669,0.467247,0.520359,0.38087,0.524907,0.584087,0.445412,0.54163,0.629684,0.397886,0.670015,0.593815,0.537608,0.465388,0.501904,0.728745,0.557847,0.563631,0.398266,0.44326,0.465435,0.551497,0.494026,0.591769,0.566925,0.394451,0.464258,0.501522,0.655434,0.471065,0.495797,0.592376,0.582289,0.584538,0.60774,0.423836,0.45297,0.442682,0.516733,0.387226,0.514923,0.499708,0.340774,0.595223,0.471627,0.470681,0.340144,0.522214,0.486198,0.581581,0.483113,0.44272,0.537074,0.471752,0.552361,0.459079,0.569659,0.537524,0.514916,0.486276,0.500754,0.596606,0.522994,0.525313,0.459235,0.47745,0.486294,0.520454,0.497634,0.53669,0.526636,0.457667,0.485826,0.500603,0.563315,0.488531,0.498335,0.536937,0.532837,0.533749,0.543235,0.469641,0.48133,0.477218,0.506628,0.454686,0.505911,0.499884,0.435046,0.538099,0.488755,0.488379,0.434773,0.508801,0.494534,0.53255,0.493311,0.477233,0.514704,0.488804,0.63186,0.39614,0.672765,0.595426,0.538267,0.464781,0.501937,0.73217,0.558856,0.564739,0.396526,0.44227,0.464829,0.552397,0.493921,0.593347,0.568089,0.39265,0.463631,0.501549,0.657986,0.470557,0.495723,0.593964,0.583711,0.585997,0.609576,0.422517,0.452147,0.441682,0.517027,0.385311,0.515186,0.499703,0.33817,0.596857,0.471129,0.470166,0.337531,0.522605,0.485956,0.582991,0.482816,0.441721,0.537725,0.471256,7.4602,9.04971,6.99595,7.65406,8.09127,8.6728,8.26637,6.47239,8.04989,7.88077,9.39555,8.97385,8.67242,8.1013,8.32975,7.82836,7.97626,9.25004,8.68191,8.26944,7.2431,8.74927,8.2559,8.13095,7.72895,8.12414,7.93368,9.75132,8.89529,9.03322,8.14705,9.32389,8.45097,8.22443,9.7191,7.45109,8.61897,8.4581,10.1186,8.04331,8.6274,7.5627,8.41757,8.74355,8.10646,8.74373,4,2,1,0,3,0,5,2,5,4,2,3,14,13,18,22,20,7,11,4,5,6,12,8,3,0,0,1,5,1,5,2,11,12,10,0,1,0,1,5,7,3,1,4,11,10,7,9,4,13,1,4,1,3,2,4,1,1,2,10,5,12,8,4,4,2,11,7,7,7,9,7,2,4,4,5,13,4,1,1,0,3,2,0,1,2,1,9,10,6,4,28,14,27,18,20,23,13,11,9,5,6,8,7,1,1,0,3,3,1,7,6,8,7,14,10,1,2,3,6,6,2,2,2,5,2,2,1,7,4,8,3,9,10,4,2,3,4,10,7,6,9,7,5,11,2,8,12,5,4,14,3,12,0,0,2,6,10,4,5,9,4,8,8,6,8,6,9,3,6,2,7,8,4,5,3,5,3,8,12,8,9,8,13,11,3,2,4,8,8
186.224,0.811568,0.0128217,8,255,0,-103.872,8.39983,0.441398,0.122163,-0.0501027,0.269288,-1.03764,1.10005,-0.625735,0.0940173,-0.128989,0.0325712,0.0246427,-0.436625,0.504767,0.273852,-0.686123,-0.335792,-0.62365,-0.0574177,0.108549,-0.294286,0.205565,-0.0946577,-1.14321,-0.253643,-0.295214,-0.207039,-0.5155,-0.360488,-0.548862,0.768642,0.178148,0.190184,-0.215459,0.384031,-0.290682,0.134894,-0.0209343,0.0201433,-0.0259417,0.101861,0.284145,-0.0174363,-0.0570884,-0.787012,0.00626044,0.0732569,-0.527666,0.370064,-0.12305,0.112891,-0.254609,-0.145933,0.146226,0.0888761,0.00848686,0.103762,0.129183,-0.205625,0.155343,-0.247281,0.119022,0.147686,0.153955,0.951036,-0.674667,-0.00167696,0.0130541,0.347817,0.433985,0.763392,0.211512,-1.08012,-0.206361,0.174948,1.17144,1.07437,0.382739,-0.900912,-0.601304,0.571497,-0.816367,0.802427,-0.148249,1.31548,-0.0327068,-0.867393,-0.92204,-1.61321,0.896562,-0.363147,0.31652,0.177808,0.145174,-1.64694,-0.0879211,0.272332,1.20857,1.40383,0.680689,-0.438608,-0.375612,0.143619,0.894044,-0.244107,-1.00499,-0.118966,0.252035,-0.0827505,0.343458,0.966977,-0.0472781,0.144452,0.620142,0.646836,0.392729,-0.306,-0.250176,0.298411,-0.281762,-0.114645,0.0590379,0.135098,-0.0607282,0.252808,0.13812,-0.435164,0.400813,0.00145875,-0.201852,-0.0291277,0.0758334,0.0507665,-0.0514867,-0.424698,-0.844549,0.16564,0.299007,16.9272,0.48809,0.563678,0.271538,0.740041,0.355466,0.522339,0.46937,0.507743,0.505859,0.397655,0.61776,0.564745,0.34242,0.420834,0.355921,0.486352,0.525786,0.430484,0.54872,0.477509,0.252139,0.439985,0.430268,0.450933,0.379833,0.415121,0.372388,0.675026,0.542255,0.545095,0.448951,0.590305,0.431325,0.532028,0.495023,0.504789,0.493832,0.524199,0.56715,0.495854,0.48643,0.321153,0.501488,0.51741,0.377111,0.587089,0.50845,0.454705,0.668201,0.322531,0.604001,0.484148,0.521742,0.494507,0.495844,0.573116,0.415676,0.453941,0.613703,0.556396,0.603664,0.509683,0.4817,0.549474,0.465384,0.51596,0.6838,0.542677,0.549629,0.534864,0.586082,0.560504,0.591531,0.373185,0.469989,0.467966,0.536277,0.435587,0.548872,0.477264,0.503531,0.496603,0.504375,0.482826,0.45222,0.502941,0.509628,0.62971,0.498944,0.487647,0.588072,0.437905,0.505319,0.47144,0.608422,0.385282,0.566049,0.490019,0.513692,0.496542,0.497384,0.546226,0.446611,0.470957,0.572338,0.535592,0.565831,0.506096,0.488477,0.531205,0.478188,0.510049,0.619051,0.526904,0.531303,0.521968,0.554515,0.5382,0.558013,0.419107,0.481094,0.479818,0.52286,0.459316,0.530824,0.485682,0.502223,0.497861,0.502754,0.489187,0.469868,0.501851,0.506061,0.582791,0.499335,0.492223,0.555791,0.460789,0.510577,0.443387,0.706063,0.283119,0.629125,0.48016,0.527208,0.493123,0.494797,0.591157,0.39501,0.442436,0.640944,0.570427,0.628714,0.512121,0.477097,0.561817,0.456706,0.519975,0.724222,0.55335,0.56201,0.543603,0.607154,0.57553,0.613854,0.34318,0.462457,0.459931,0.545366,0.41962,0.561067,0.47155,0.50442,0.495747,0.505477,0.478507,0.440293,0.503681,0.512051,0.660309,0.498678,0.484538,0.609602,0.422496,8.67706,9.01627,6.99958,10.1478,7.53461,8.49393,8.28375,8.41161,8.77721,7.78468,9.44677,9.11069,7.45527,8.29506,7.62593,8.69619,8.88961,7.97419,8.64322,8.32973,7.24125,8.40468,8.26085,8.09063,7.68011,7.88562,7.63568,9.73293,8.98277,9.02781,8.16806,9.20884,8.38416,8.83655,8.67172,8.68285,8.68478,8.79232,8.7479,8.6325,8.6677,7.61125,8.46493,8.55469,8.01898,9.23897,3,2,1,1,4,2,4,4,1,2,2,5,39,23,31,23,11,8,7,12,13,15,3,7,7,1,2,1,1,1,7,14,5,4,8,2,1,2,4,8,12,5,7,7,12,15,16,8,3,5,0,1,1,4,2,1,0,3,1,13,5,8,13,7,2,2,5,6,1,3,7,7,5,5,5,4,5,8,1,0,0,5,4,9,4,1,4,6,5,0,4,35,26,52,51,16,51,32,42,10,8,1,3,2,1,3,3,4,7,6,6,6,12,11,6,7,2,3,1,4,5,3,5,2,3,2,2,7,6,0,2,15,5,7,6,7,6,3,6,2,2,7,7,8,10,2,5,11,4,15,11,12,11,24,11,14,7,5,4,1,3,2,5,4,4,14,5,2,8,1,10,3,8,10,12,7,12,1,5,2,10,2,2,8,11,3,2,3,4,3
183.51,0.987199,0.0128217,8,255,0,-122.684,8.83711,0.374915,0.22384,-0.184282,0.780805,-1.03309,-0.806272,0.701659,-0.0150463,-0.243899,-0.100379,0.122914,-0.420204,0.624644,0.186504,0.750969,-0.134461,0.449262,0.123348,-0.149258,0.226668,0.226047,-0.106676,-1.12379,-0.034353,0.0994617,-0.410103,-0.495483,-0.126543,-0.281637,0.619291,0.272107,0.158565,-0.124301,0.363585,-0.266786,-0.177215,-0.152042,0.129492,0.194635,-0.0961463,-0.257887,0.47974,0.060937,-0.42337,-0.0178284,-0.0271964,0.0352904,-0.401535,0.182037,-0.207488,0.354869,0.129855,0.0104582,-0.122123,-0.0655954,-0.165034,-0.074601,-0.166808,0.157628,0.120369,0.298232,-0.433648,0.470263,0.768804,-0.860938,-0.0297168,-0.0728555,0.374621,1.10336,0.753026,0.134221,-0.472612,0.658794,0.185073,0.597131,-0.0421929,0.190647,-0.810721,-0.79006,0.860289,-0.663149,0.500975,-1.24335,0.764076,0.00130017,-0.0982083,0.255668,-0.933683,0.647667,-0.181901,0.409072,0.160979,-0.0192859,-0.64808,-1.15636,-0.685651,1.52355,1.34248,0.37985,0.589674,-0.920355,0.316027,0.897007,-0.301685,-1.06596,-0.957036,0.254019,-0.876415,0.603172,-0.423312,-0.257144,0.571022,0.639617,0.546343,0.273697,0.437473,-0.556581,0.0419502,0.334344,0.117933,-0.00380534,-0.333715,-0.0372603,0.0347852,0.143424,-0.156127,0.0304228,0.183408,0.106023,-0.157284,-0.233108,0.0455096,-0.0485977,-0.965464,-0.242967,0.0834899,0.215779,20.4099,0.46464,0.645722,0.311258,0.349812,0.631682,0.497108,0.453259,0.480717,0.523607,0.419931,0.617802,0.535785,0.640457,0.474179,0.5855,0.52369,0.471344,0.543456,0.543337,0.479508,0.29651,0.493398,0.519107,0.421824,0.405903,0.475697,0.44608,0.61683,0.552109,0.530439,0.476127,0.56943,0.448902,0.465992,0.470811,0.524868,0.537339,0.481529,0.450596,0.591175,0.51171,0.419339,0.496573,0.494773,0.506782,0.423432,0.539581,0.337999,0.708772,0.666889,0.35341,0.503238,0.552303,0.521591,0.473569,0.589469,0.368704,0.459944,0.34377,0.528908,0.404491,0.473476,0.532081,0.451367,0.4515,0.522944,0.724624,0.507393,0.478606,0.587363,0.605057,0.52721,0.560323,0.369778,0.4417,0.465924,0.526728,0.422377,0.55717,0.538069,0.532678,0.472158,0.458206,0.520682,0.555279,0.398187,0.486887,0.590128,0.503837,0.505853,0.492405,0.585574,0.544362,0.319985,0.73055,0.685341,0.336836,0.503632,0.558598,0.524209,0.470368,0.600054,0.353641,0.455106,0.326286,0.532409,0.393232,0.470263,0.535964,0.445507,0.445656,0.525725,0.747435,0.508291,0.476012,0.597712,0.617363,0.530505,0.567562,0.354824,0.434698,0.461802,0.529966,0.413133,0.564039,0.54267,0.536632,0.468786,0.453159,0.52319,0.561925,0.386234,0.485296,0.600788,0.504303,0.506564,0.491483,0.595721,0.511192,0.452714,0.562424,0.548818,0.457483,0.500914,0.514811,0.506097,0.492535,0.525502,0.462131,0.488673,0.454511,0.508167,0.472738,0.492508,0.509065,0.486235,0.486273,0.506479,0.56784,0.502087,0.493959,0.52489,0.53006,0.507686,0.5171,0.462454,0.483478,0.49037,0.50755,0.47793,0.516199,0.510763,0.509234,0.492135,0.48818,0.50584,0.515659,0.470893,0.496299,0.525694,0.501083,0.501652,0.497856,0.524371,8.29089,9.12201,6.99735,7.11843,9.28439,8.33523,8.16203,8.2215,8.70025,7.7965,9.59364,8.78493,9.34875,8.35723,9.08412,8.92979,8.33752,8.65724,8.65641,8.34471,7.06281,8.49064,8.22227,8.12715,7.69702,8.20014,7.99377,9.60767,8.89879,8.9767,8.32123,9.19779,8.41011,7.85356,7.98123,8.26228,8.65626,7.96155,8.02533,8.72719,8.61766,7.52672,8.46313,8.45064,8.08331,8.00236,3,0,2,5,2,3,7,7,11,4,2,6,20,15,14,26,11,9,5,8,4,4,7,8,7,0,1,4,4,1,11,19,8,7,16,2,2,2,5,0,5,1,2,2,13,11,16,6,6,1,4,4,6,4,13,2,6,1,1,18,12,6,19,6,7,4,5,5,8,11,8,7,5,9,4,3,5,2,1,3,1,2,3,1,1,2,3,2,1,3,5,20,42,22,28,18,18,36,25,12,6,10,4,5,0,3,1,2,4,5,3,4,7,6,21,16,1,4,0,6,4,5,1,1,0,3,2,0,11,6,5,6,7,3,7,3,6,4,3,4,7,16,6,10,8,7,5,2,3,5,5,2,0,2,4,1,5,3,5,11,1,9,7,5,5,7,9,9,8,5,4,4,4,10,10,7,4,6,2,4,3,8,4,7,14,2,10,5,12,11
181.652,0.953552,0.0128217,8,255,0,-111.567,8.58134,0.421035,0.185506,0.240585,0.37674,-0.880279,0.943298,-0.194851,-0.333861,-0.159224,0.146695,0.284787,-0.321708,0.49374,0.340198,-1.37716,-0.353361,0.187454,-0.820692,0.356368,-0.525889,0.217227,-0.0933162,-0.921326,0.070937,-0.084199,-0.276438,-0.43539,-0.318882,-0.446056,0.454487,0.274967,0.0972169,-0.0431389,0.502937,-0.270577,0.0738777,0.268733,0.48968,-0.108259,-0.211363,1.04411,-0.253216,0.0735966,-0.502399,0.0783593,0.53373,-0.0463559,0.399305,0.0189482,0.0168883,0.0711684,-0.0571432,-0.24262,-0.219728,-0.0522933,0.309999,0.166629,-0.0431197,0.245309,-0.0116442,0.148047,-0.376776,0.302213,1.38055,-0.73697,-0.0759081,-0.0539833,0.357442,1.04928,0.712107,0.259036,-0.608044,-0.171325,0.0757794,0.283546,0.0699674,0.366589,-0.670858,-1.5816,0.919444,-0.70091,0.590498,-0.95276,0.963749,-0.120808,-0.355348,-0.627372,-1.07077,0.648686,-0.63578,0.248301,0.314811,0.117339,-1.62176,0.126846,-0.373995,0.894777,1.67498,0.155115,0.015649,-0.92125,-0.0126874,1.60435,-0.53554,-1.38462,-0.927184,-0.0919552,0.0508918,0.615857,-0.122793,-0.400958,0.489895,0.630281,0.87709,0.53052,0.1077,0.0424497,0.0310686,0.405034,-0.320437,0.122856,0.00152063,-0.224136,0.141532,0.0781998,0.00629714,0.156539,-0.102141,0.314212,-0.1214,0.167409,0.0528757,-0.0319967,-0.322485,-0.831775,0.000457719,0.213323,26.9889,0.58228,0.627173,0.228771,0.786216,0.433152,0.38677,0.445266,0.550458,0.597043,0.390757,0.664103,0.615303,0.129969,0.380404,0.564338,0.243607,0.620573,0.32607,0.574416,0.467838,0.218927,0.524463,0.470973,0.405732,0.354098,0.391686,0.350737,0.651909,0.593778,0.533503,0.485116,0.666929,0.407685,0.525476,0.5917,0.662851,0.462705,0.427564,0.808677,0.413485,0.525379,0.333236,0.527018,0.676304,0.484006,0.634428,0.45579,0.431031,0.656726,0.332881,0.535838,0.561203,0.529302,0.472999,0.447722,0.558996,0.410023,0.437647,0.733983,0.564739,0.465518,0.64676,0.434717,0.595696,0.460063,0.517186,0.663513,0.486933,0.515508,0.550756,0.579536,0.558483,0.58145,0.417038,0.449512,0.482096,0.507947,0.408384,0.549687,0.486392,0.450649,0.410747,0.519935,0.538863,0.316593,0.546518,0.486444,0.59152,0.485567,0.402913,0.50854,0.426957,0.480613,0.469664,0.570496,0.424531,0.515704,0.52689,0.512834,0.488175,0.477056,0.525913,0.460278,0.4726,0.609239,0.528458,0.484892,0.565782,0.471301,0.542297,0.482494,0.507523,0.573737,0.494281,0.506788,0.522272,0.535044,0.525686,0.5359,0.463424,0.477846,0.492163,0.503478,0.459541,0.5218,0.494044,0.478348,0.460603,0.508727,0.517034,0.416609,0.520403,0.494067,0.540416,0.493683,0.457076,0.503737,0.467852,0.450138,0.422294,0.675287,0.313327,0.54043,0.568982,0.533061,0.469533,0.441056,0.566501,0.398749,0.429726,0.758686,0.572955,0.461099,0.664326,0.426433,0.607644,0.454951,0.519395,0.682728,0.485253,0.517502,0.557232,0.58956,0.565923,0.591705,0.406602,0.44307,0.479795,0.508969,0.396916,0.556028,0.484642,0.44435,0.399559,0.522497,0.543839,0.295574,0.552461,0.484701,0.602977,0.483711,0.390802,0.509638,0.417722,8.93668,8.94788,6.93675,9.9103,7.99342,7.77169,8.16564,8.54323,9.00721,7.79097,9.56521,9.09526,6.24653,7.98375,8.72371,7.4958,9.12086,7.47044,8.65637,8.27163,7.12006,8.66427,8.20904,8.17675,7.61154,8.07839,7.87775,9.67544,8.99157,8.93528,8.35247,9.36236,8.34397,8.46382,8.88041,9.12502,8.62086,8.00474,10.1953,7.9378,8.66855,7.54467,8.54831,9.27069,8.0574,9.18864,0,1,1,4,6,5,1,2,7,7,6,4,11,13,18,11,21,4,4,9,7,5,12,9,12,1,2,1,0,2,9,8,6,16,9,7,3,5,14,7,6,2,2,1,15,8,17,3,6,1,1,4,5,3,2,1,1,2,2,13,5,17,11,7,3,7,5,6,0,4,3,4,5,6,9,3,1,1,3,3,1,5,4,1,2,2,0,5,4,3,5,10,21,11,15,13,21,30,32,5,3,0,9,3,2,2,1,3,4,2,3,5,6,1,15,18,2,2,1,3,2,4,1,4,2,1,0,0,6,6,5,10,10,14,12,11,17,9,8,10,6,6,12,7,7,5,14,4,3,6,7,2,3,4,4,1,6,0,3,3,17,5,10,7,4,10,10,3,7,7,2,5,6,3,5,5,6,3,6,9,6,6,5,17,7,11,5,9,5,7
191.266,0.742418,0.0128217,8,255,0,-130.009,9.14788,0.480587,0.139311,-0.283207,0.336511,-0.761632,0.235814,0.0650504,-0.318864,-0.257348,-0.215775,-0.675353,-0.0695056,0.652221,0.363534,0.485144,-0.164228,0.140636,0.377877,-0.669787,-0.0752219,0.69676,-0.158973,-1.16579,-0.0980532,-0.277023,-0.586464,-0.205063,-0.521975,-0.667182,1.02609,0.38806,0.171321,-0.148726,0.15861,-0.31302,0.184531,-0.8296,-0.655903,0.220436,-0.277395,-0.260302,-0.0902541,0.0909445,-0.888619,-0.124938,0.112554,-0.108167,-0.963282,-0.00680415,0.0637695,-0.0953499,0.110081,0.19926,0.166264,-0.133794,-0.18786,-0.313373,-0.0689821,-0.116474,-0.0147868,0.125536,0.0839252,0.162815,0.615574,-0.461463,-0.343265,-0.0307616,0.362091,1.24955,0.656133,0.361599,-0.866581,0.180504,-0.140974,0.753097,0.332954,0.0467646,-1.54552,-0.491825,0.645881,-0.938204,0.275068,0.0361347,0.753347,0.186299,-0.319736,-0.175399,-1.26334,0.765652,-0.612341,0.442969,0.421783,0.199452,-1.21441,-0.897221,-0.429417,1.62053,1.29328,0.587891,-0.0962657,-0.608085,0.497225,0.435346,-0.920993,-1.14014,-0.0681737,0.146759,-0.405013,0.471239,0.153307,-0.471295,0.428566,0.545814,0.506139,-0.0734095,-0.251925,0.0787647,-0.143592,-0.0208558,-0.122196,-0.00304321,0.0396381,0.844709,0.22173,-0.12084,-0.213543,0.0473932,0.201807,-0.0940479,-0.24756,0.135494,0.134021,-0.0730751,-0.305619,-0.917121,0.0777173,0.239525,18.6201,0.456526,0.551603,0.384891,0.536227,0.510009,0.451086,0.460478,0.466842,0.397539,0.489305,0.599046,0.555713,0.574111,0.474748,0.52163,0.557892,0.39836,0.488426,0.605613,0.475555,0.327916,0.484915,0.457471,0.410715,0.468484,0.420356,0.398744,0.652859,0.559438,0.526341,0.477128,0.52439,0.451977,0.528368,0.375034,0.40041,0.533872,0.457414,0.460027,0.486114,0.513992,0.366558,0.480782,0.517314,0.48336,0.355953,0.532626,0.461256,0.586973,0.472822,0.492496,0.53672,0.529654,0.524873,0.577288,0.508018,0.425319,0.458159,0.444264,0.518937,0.483781,0.456516,0.576661,0.508677,0.420303,0.518332,0.631339,0.51131,0.531915,0.567248,0.52364,0.559929,0.576368,0.383788,0.45535,0.480246,0.517151,0.48171,0.536049,0.478724,0.594555,0.575096,0.474591,0.531958,0.529994,0.510411,0.48951,0.601103,0.51441,0.487018,0.512476,0.609335,0.521625,0.474312,0.557931,0.48199,0.49503,0.524343,0.519653,0.51648,0.551418,0.50531,0.450332,0.472253,0.463,0.512545,0.489256,0.47116,0.550997,0.505747,0.446964,0.512144,0.588141,0.507491,0.521153,0.544689,0.515663,0.539797,0.5508,0.422238,0.470385,0.486913,0.511361,0.487884,0.523898,0.485905,0.563048,0.549947,0.483164,0.521182,0.519878,0.506895,0.493052,0.567481,0.509545,0.491401,0.508264,0.573072,0.564571,0.423451,0.667857,0.446142,0.48509,0.572593,0.558732,0.549312,0.650078,0.515931,0.354764,0.417412,0.390565,0.537583,0.467799,0.414217,0.648915,0.51724,0.34547,0.536385,0.744438,0.522467,0.563176,0.631314,0.546879,0.617444,0.648371,0.280689,0.411953,0.4608,0.534047,0.463698,0.571281,0.457791,0.681537,0.646009,0.44963,0.56326,0.5594,0.520682,0.47916,0.693168,0.528614,0.474216,0.52478,0.707536,8.2298,8.9939,7.04442,8.31576,7.99172,7.55112,8.22804,7.66938,7.78073,7.83725,9.56223,8.97196,8.47353,8.36631,8.68484,9.24815,7.7871,7.83069,8.71559,8.34093,7.2225,8.44227,8.28981,8.2399,7.68167,7.95336,7.78727,9.73424,9.00008,9.01123,8.35269,9.35931,8.45536,8.81956,7.09495,7.85588,8.79817,8.28939,8.25327,8.50414,8.65922,7.59033,8.37999,8.65261,8.09002,7.45242,1,1,1,2,1,5,6,6,11,6,7,5,18,22,8,22,15,11,7,10,9,8,3,6,6,0,1,0,2,3,7,14,4,8,10,4,1,4,7,5,10,6,7,3,9,21,11,3,7,5,6,1,4,1,3,0,1,2,1,18,12,3,12,3,4,3,5,1,3,2,2,6,2,2,9,6,4,2,1,2,0,7,3,0,0,2,4,2,4,2,1,15,33,41,25,34,26,26,19,5,14,5,4,2,3,0,5,3,4,8,2,9,11,7,6,3,0,2,0,0,3,4,4,4,3,9,4,9,1,4,2,5,3,5,7,5,6,6,8,6,8,6,7,17,8,5,6,4,2,3,3,4,1,7,5,9,3,3,5,11,7,6,13,8,3,6,5,4,2,8,3,9,2,3,7,4,8,6,6,7,4,6,10,7,8,5,3,1,3,3
199.406,0.906739,0.0128217,8,255,0,-131.288,9.20088,0.560693,0.0989404,-0.182647,0.397238,-0.698861,0.0916709,0.0860166,1.1043,-0.0392196,-0.895634,-0.0783245,-0.0108527,0.882664,0.456173,0.587999,-0.31743,0.434579,-1.10173,-0.223672,0.377615,0.695789,-0.0136162,-1.15871,0.185259,-0.239063,-0.723459,-0.101742,-0.558836,-0.889696,0.520656,0.362206,0.396086,-0.0532799,0.114226,-0.0731172,-0.198323,-0.0379161,-1.30851,-0.301149,-0.680247,0.387975,-0.175668,0.139339,-1.00079,0.022771,-0.361989,-0.105177,0.456469,0.12275,-0.0251194,0.0318699,-0.114762,-0.129332,-0.0822249,0.0153671,0.138047,0.150396,0.012864,0.130992,-0.0643234,0.129247,-0.074365,-0.0860518,0.832019,-0.169032,-0.349266,-0.0848484,0.361782,1.70503,0.5723,0.134438,-1.10701,-0.0597439,0.487485,0.484314,0.378672,0.29196,-1.08417,-0.460821,0.796486,-0.922999,0.141871,-0.346269,0.777359,0.00287177,-0.502271,-0.373267,-1.13092,0.987203,0.123146,0.452232,0.143541,0.508725,-0.803465,-0.725716,-0.0352668,0.915694,1.80444,0.382471,0.311868,-0.667381,0.0804946,0.949545,-0.622697,-1.0104,-0.462071,0.178884,0.186138,0.499077,0.291253,-0.102275,0.316765,0.570246,0.937166,0.370263,-0.203937,-0.792074,-0.189361,0.102243,0.241958,-0.0330791,0.44669,0.142217,0.119672,0.151521,-0.112893,0.0530792,-0.0811958,0.00392288,-0.0668949,0.072969,0.151507,-0.0949835,-0.17143,-0.827145,0.0160042,0.186095,22.7477,0.462081,0.581883,0.358595,0.519059,0.517884,0.714798,0.491843,0.321872,0.483714,0.497743,0.675769,0.593763,0.619924,0.434354,0.589422,0.285639,0.453609,0.577906,0.640816,0.497168,0.276065,0.538459,0.450437,0.353902,0.47885,0.385809,0.322951,0.606637,0.574775,0.58165,0.488919,0.523742,0.484796,0.458841,0.492114,0.251863,0.437685,0.362165,0.580007,0.463525,0.528951,0.303079,0.504736,0.425269,0.478137,0.593823,0.507718,0.48322,0.529498,0.496126,0.496365,0.453469,0.501657,0.537776,0.50331,0.500459,0.462769,0.480733,0.475173,0.513411,0.481644,0.546423,0.509451,0.484048,0.470631,0.500575,0.548809,0.492172,0.510101,0.530534,0.504299,0.523598,0.537526,0.478012,0.484699,0.483268,0.502251,0.495173,0.50309,0.50838,0.501602,0.55507,0.512723,0.528714,0.483611,0.507423,0.494112,0.542191,0.499038,0.515292,0.504444,0.48072,0.507827,0.482982,0.529916,0.496071,0.496314,0.452813,0.501681,0.538309,0.503357,0.500465,0.462243,0.48046,0.474821,0.513601,0.481384,0.547078,0.509585,0.483822,0.470216,0.500584,0.549497,0.492061,0.510244,0.530966,0.50436,0.523932,0.538056,0.477701,0.484482,0.483031,0.502283,0.495105,0.503134,0.508499,0.501625,0.555845,0.512904,0.529121,0.483378,0.507528,0.494029,0.542787,0.499024,0.515509,0.504508,0.480447,0.537697,0.418588,0.640621,0.481053,0.48222,0.286301,0.508109,0.677175,0.516191,0.502244,0.325175,0.406773,0.380751,0.565266,0.41109,0.713264,0.546121,0.422543,0.359964,0.502816,0.722805,0.461766,0.549274,0.645291,0.521026,0.613545,0.6761,0.393969,0.425656,0.41882,0.511016,0.476397,0.515115,0.540919,0.50784,0.746934,0.561953,0.637068,0.420454,0.536262,0.471218,0.69589,0.495291,0.5743,0.521735,0.406714,8.26736,9.07102,6.99199,8.1273,7.915,9.10437,8.26804,6.76326,8.39042,7.80068,9.55786,9.0203,8.50546,8.10854,8.82641,7.23473,8.21899,8.25862,8.6314,8.29826,7.12958,8.70144,8.32081,8.14629,7.69342,8.11793,7.73242,9.63129,8.90987,8.98951,8.25145,9.23613,8.43637,8.36883,7.97437,7.07855,8.73527,7.80304,9.23308,8.39555,8.64728,7.43105,8.3412,7.88757,8.04739,9.02065,1,1,3,0,2,2,4,4,4,9,4,8,12,15,12,14,20,5,10,6,14,7,10,4,8,2,3,1,2,2,5,8,8,14,8,2,1,2,5,2,3,6,7,3,10,15,20,4,4,5,4,0,3,3,0,2,0,2,2,11,29,16,16,3,4,5,5,6,7,5,2,6,8,7,9,5,10,7,0,1,1,1,1,1,1,0,4,4,6,5,10,13,16,8,8,8,20,41,22,4,4,3,4,7,3,1,2,4,2,2,5,4,3,18,14,2,4,0,6,2,1,2,1,1,3,2,0,1,11,3,10,3,8,14,9,9,9,6,12,3,8,7,1,9,7,3,9,6,1,4,4,9,3,4,2,6,4,3,3,6,7,4,7,6,4,6,7,4,6,4,1,3,6,6,16,5,3,6,2,4,13,11,13,8,2,7,5,3,5,0
204.256,0.936692,0.0128217,8,255,0,-131.852,8.79378,0.589829,0.0996241,0.0449053,0.41994,-0.915957,-0.167487,0.0764676,-0.410351,-0.334789,0.949269,0.855074,-0.176373,0.823861,0.821236,-0.182187,-0.325584,0.0496067,-1.14705,0.580832,-0.568765,0.534026,-0.0883264,-1.10151,0.338869,-0.376137,-0.748765,-0.23885,-0.462115,-0.875937,0.741348,0.492762,0.318287,-0.328277,0.46966,-0.174218,0.226181,1.10246,-0.109535,-0.227829,-0.237727,0.117953,-0.208135,0.245039,-0.933539,-0.01607,0.268675,-0.0215977,0.793662,-0.201461,-0.00248252,0.124941,0.00512001,-0.123891,0.0105982,0.0358062,-0.00311912,0.147687,-0.0334959,0.174747,-0.0748794,-0.0122223,-0.149408,0.0263762,0.572793,0.162516,-0.238604,-0.0520984,0.361128,0.747378,0.66299,0.187981,-0.383556,0.720658,-0.038694,0.680918,0.746148,0.406074,-0.513952,-0.675239,0.703311,-0.633641,0.912097,-0.326376,1.11844,0.0963826,-0.392141,-0.32866,-0.828044,0.869121,-0.639071,0.208379,0.558463,-0.00698379,-1.05782,-0.512452,-0.30467,0.584523,0.512825,-0.421167,-0.0200269,-0.727268,0.309828,0.282357,-0.274913,-1.0371,-0.664855,0.604426,-0.875491,0.939013,-0.418985,-0.073472,0.562958,0.895019,0.24992,0.256578,0.200788,0.726904,0.257557,-0.136476,-0.0595435,-0.0851413,-0.20202,-0.211728,-0.086979,-0.127762,0.143557,0.0818591,-0.0464635,0.128099,-0.1588,-0.120115,-0.130222,0.0190596,-0.13266,0.597549,-0.0703606,0.0966775,18.9399,0.50643,0.559846,0.371765,0.476034,0.510948,0.441507,0.452205,0.632681,0.620055,0.474765,0.615834,0.615478,0.473935,0.453512,0.507103,0.341408,0.582415,0.419267,0.575881,0.487355,0.347298,0.548374,0.446345,0.394392,0.46585,0.43421,0.377134,0.604593,0.570098,0.545452,0.453129,0.566852,0.475073,0.532344,0.652825,0.48432,0.467422,0.46601,0.516884,0.470231,0.535032,0.369416,0.497699,0.538398,0.496907,0.611733,0.501824,0.517055,0.462854,0.493196,0.503107,0.483334,0.486401,0.538491,0.534685,0.492835,0.533423,0.533317,0.492598,0.486775,0.502015,0.453531,0.523581,0.476908,0.521683,0.496411,0.455366,0.513764,0.484723,0.469616,0.490297,0.481234,0.464472,0.530084,0.52001,0.512929,0.486666,0.519073,0.492922,0.509188,0.544672,0.49555,0.490745,0.490343,0.504792,0.491545,0.509954,0.462144,0.499347,0.510914,0.499123,0.532201,0.498511,0.486076,0.53034,0.505554,0.497464,0.513606,0.511101,0.468559,0.471672,0.505849,0.472704,0.472791,0.506042,0.510796,0.498355,0.537969,0.480746,0.518854,0.482296,0.502929,0.536467,0.488763,0.512472,0.524812,0.507921,0.515321,0.529018,0.475433,0.483663,0.489446,0.510886,0.484429,0.505778,0.492499,0.463502,0.503633,0.507555,0.507884,0.496088,0.506902,0.491874,0.530921,0.500533,0.49109,0.500716,0.473703,0.506708,0.562407,0.366484,0.475,0.511421,0.439004,0.450153,0.638125,0.625029,0.473677,0.620648,0.620278,0.47281,0.451515,0.50741,0.335052,0.585908,0.415842,0.579107,0.486808,0.341143,0.55045,0.444045,0.389973,0.464379,0.431401,0.372054,0.608972,0.573085,0.547405,0.451116,0.569704,0.473998,0.533737,0.658984,0.483643,0.466018,0.464546,0.517613,0.468947,0.53654,0.364048,0.497599,0.540051,0.496774,0.61639,8.43326,9.05833,6.9979,7.98441,8.07659,7.54678,8.07886,9.02487,9.31385,7.80136,9.48974,9.27717,7.79503,8.03002,8.49724,7.34866,9.01625,7.37459,8.57436,8.34708,7.18815,8.75319,8.19199,8.12228,7.73336,8.1164,7.66716,9.71116,8.92054,8.94053,8.08594,9.348,8.40446,8.84754,9.36398,8.4821,8.68051,8.34258,8.74765,8.37478,8.6511,7.58686,8.42574,8.73568,8.12855,9.24727,6,4,4,5,4,10,2,9,10,2,3,2,14,7,25,10,10,12,9,9,8,9,9,11,5,3,1,1,8,7,13,10,7,11,11,3,3,1,17,10,11,3,8,4,19,29,10,1,8,7,2,1,3,3,6,1,0,1,3,8,19,11,12,5,1,5,3,1,5,2,5,6,0,10,8,6,1,3,1,2,1,1,3,3,0,4,4,4,4,3,4,7,10,12,8,8,10,8,8,8,8,5,3,4,1,0,2,3,1,4,4,8,2,2,5,10,3,2,3,4,2,4,2,2,2,3,2,2,16,7,5,11,7,9,10,13,12,9,14,9,13,5,12,4,13,28,10,3,1,1,2,1,3,2,2,3,5,4,4,7,12,11,5,8,4,11,9,9,12,10,9,5,3,5,8,4,2,9,10,3,10,8,7,3,6,8,6,4,0,5
203.931,0.971593,0.0128217,8,255,0,-142.517,9.26546,0.543192,0.140777,0.499388,0.746267,-0.736093,1.10942,-0.693023,0.675352,-0.240385,-0.64337,0.125158,-0.0689418,1.01443,0.36946,0.293183,-0.318468,0.0318904,0.912665,0.000923208,0.15079,0.808699,-0.144237,-1.29863,-0.107874,0.0629565,-0.34646,-0.0957566,-0.413873,-0.55829,0.864691,0.488027,0.679501,-0.239512,-0.0226776,-0.0634674,-0.59928,-0.683407,0.0367193,0.175691,1.02415,-0.105952,0.088133,0.206584,-0.844464,-0.0599569,0.342543,-0.231391,-0.0583668,-0.174772,-0.107705,-0.074384,0.189518,0.228916,-0.0803224,-0.0121258,0.119702,-0.132226,-0.0956803,0.13185,-0.0231156,0.287856,0.0605673,0.131982,0.105473,-0.0136927,-0.251291,-0.105332,0.357862,0.820189,0.608278,0.0993868,-1.04654,0.498221,0.477548,0.422689,0.452686,0.308577,-1.53878,-0.562544,0.857705,-0.649866,0.628782,-0.380453,1.06041,0.0971258,-0.832716,-0.043609,-1.44996,0.942244,0.0821243,0.244002,0.0333598,0.454792,-0.301656,-0.46836,-0.0694725,0.890382,0.734867,0.415453,0.392245,-0.402264,-0.294531,0.207059,-0.107338,-0.274506,-1.10578,0.566819,-0.193975,0.972505,-0.269481,0.574126,0.433778,1.19762,0.553691,-0.230299,-0.3447,-0.640579,-0.0865084,0.00997518,0.034972,0.0113305,0.0429752,0.0452093,0.0511331,-0.0237578,-0.0432808,0.0539801,0.148551,-0.0329522,-0.0304825,0.19098,0.110201,0.0608817,-0.331859,-0.544742,0.150792,0.0582964,19.7159,0.513165,0.519668,0.4806,0.52922,0.481734,0.5178,0.493662,0.483042,0.5033,0.498182,0.526723,0.509741,0.50773,0.491603,0.500841,0.524047,0.500024,0.503976,0.521311,0.496197,0.465811,0.497156,0.50166,0.490865,0.497475,0.489089,0.485283,0.522785,0.512866,0.51791,0.493685,0.499402,0.498326,0.484203,0.481988,0.500968,0.504633,0.526979,0.497206,0.502324,0.505447,0.477748,0.498419,0.509031,0.493899,0.498461,0.498291,0.497445,0.50252,0.496202,0.502372,0.497688,0.500823,0.502202,0.499572,0.500236,0.496527,0.498735,0.498996,0.50109,0.499891,0.496876,0.499997,0.499484,0.497232,0.500494,0.504445,0.500369,0.499784,0.501186,0.500328,0.501417,0.501911,0.49704,0.498329,0.497674,0.50082,0.500078,0.500217,0.502051,0.502339,0.499874,0.499399,0.496494,0.500363,0.499698,0.499293,0.502891,0.500205,0.498827,0.500792,0.5002,0.458663,0.438401,0.560768,0.408983,0.557244,0.444203,0.519933,0.553175,0.489618,0.505719,0.416624,0.469386,0.475695,0.526397,0.497354,0.424855,0.499923,0.487492,0.433306,0.511964,0.606104,0.508949,0.494777,0.528712,0.507944,0.534283,0.546186,0.428749,0.459599,0.443863,0.519861,0.501881,0.505265,0.549556,0.556457,0.496954,0.485428,0.41584,0.508789,0.492689,0.482868,0.569606,0.504974,0.471612,0.519188,0.504842,0.432407,0.399746,0.598923,0.35335,0.593275,0.40905,0.53269,0.586732,0.482962,0.509388,0.365261,0.449854,0.460157,0.543262,0.495657,0.378207,0.499874,0.479476,0.391614,0.519633,0.669831,0.514687,0.491427,0.547043,0.513038,0.556126,0.57545,0.384372,0.433926,0.408504,0.532572,0.503088,0.508642,0.580896,0.59201,0.495,0.476092,0.364034,0.514425,0.488,0.471896,0.613018,0.508165,0.453485,0.53147,0.507948,8.94657,8.99305,7.0794,9.06126,7.12259,8.49484,8.23653,7.17239,8.57129,7.74844,9.51451,8.81628,8.11159,8.12641,8.50957,9.41246,8.4467,7.96879,8.62856,8.33295,7.14347,8.3376,8.30781,8.19425,7.72155,8.11883,7.97401,9.77374,8.93518,9.17863,8.2374,9.25874,8.43357,7.6437,7.26337,8.2815,8.74757,9.27172,8.42763,8.33306,8.65294,7.39783,8.41746,8.8211,8.07145,8.38724,2,2,2,3,3,12,5,5,10,13,9,5,12,7,8,11,11,2,2,6,6,10,17,10,7,0,1,3,2,0,17,15,10,10,14,1,3,0,9,21,5,2,9,4,19,10,11,1,2,1,3,2,12,9,6,1,3,0,2,12,4,13,17,14,5,5,6,4,6,3,7,5,3,3,3,3,13,6,5,3,1,2,6,2,2,11,3,5,7,1,3,10,5,11,7,15,18,10,12,12,11,7,9,7,2,6,4,3,5,3,3,4,1,1,7,15,2,1,3,5,2,2,1,2,0,0,2,1,9,6,9,15,9,13,15,17,14,10,18,12,9,5,11,12,17,13,14,2,2,5,5,3,5,4,2,5,10,6,8,7,4,6,7,18,11,15,16,7,13,27,16,16,12,12,19,21,19,20,11,12,5,6,7,7,5,4,4,1,5,5
197.632,0.630321,0.0128217,8,255,0,-139.548,9.13801,0.694184,0.159628,-0.473846,0.787228,-0.787751,1.65634,-0.371989,0.657671,-0.248048,-0.815861,-0.313432,-0.0536804,1.15569,0.5945,0.0339914,-0.194147,-0.46613,0.367844,0.245115,0.227909,0.899638,-0.0931851,-1.32139,0.0451089,-0.152475,-0.409879,-0.173681,-0.725346,-1.0469,0.974668,0.445504,0.668881,-0.156646,0.619409,0.08166,-0.569083,-0.796922,-0.255562,0.0290504,1.00271,0.378652,-0.12022,0.173583,-0.814446,0.0662294,0.356865,-0.377602,-1.11597,0.168407,0.206258,-0.0317521,0.0110359,-0.307135,0.0789136,-0.0196713,-0.0792389,-0.00928668,0.212466,-0.0687678,-0.255489,0.231468,-0.0221403,-0.128582,0.120645,0.0404057,-0.17132,-0.0894961,0.362662,0.705102,0.582105,0.0659291,-0.876269,0.681418,0.623029,-0.129201,0.759186,0.320716,-1.03087,-0.512134,0.75672,-0.848586,0.482045,-0.0479231,0.844245,-0.189395,-1.09905,-0.625743,-1.33978,0.733117,-0.341501,0.673581,0.383501,0.439732,-0.56619,-0.761704,-0.678515,0.919218,1.28035,-0.203622,0.326188,-0.391614,0.116934,0.391701,-0.393493,-0.473748,-0.333129,0.738978,-0.579317,0.862363,-0.0439967,0.42122,0.405029,1.08751,0.742425,0.197865,0.0921494,-0.216546,0.0332995,0.0808885,-0.0611957,-0.0144054,-0.0280615,-0.0345934,-0.00680481,0.0688465,0.0118861,0.00539804,-0.128581,-0.0134966,0.00267604,-0.109506,-0.195003,0.0379268,-0.7224,-0.47183,0.194096,0.129319,22.7606,0.485712,0.523726,0.476258,0.549792,0.488782,0.519826,0.492519,0.475412,0.490548,0.498381,0.534801,0.517923,0.501025,0.494145,0.485945,0.511093,0.507392,0.506874,0.527108,0.497189,0.460229,0.501361,0.495401,0.48764,0.494762,0.478137,0.468466,0.529363,0.513434,0.520163,0.495275,0.518673,0.502463,0.482842,0.475982,0.492293,0.500876,0.530206,0.511419,0.496374,0.505235,0.475455,0.501998,0.510762,0.488613,0.466392,0.495214,0.507951,0.492043,0.516725,0.496242,0.506643,0.497494,0.491759,0.496834,0.499458,0.511672,0.506005,0.500343,0.498039,0.495292,0.503716,0.502476,0.502302,0.509087,0.499059,0.486655,0.500456,0.49846,0.49586,0.498246,0.492673,0.489426,0.509844,0.5045,0.506756,0.498418,0.506257,0.500825,0.494252,0.491951,0.497418,0.500293,0.510127,0.503825,0.498786,0.501753,0.491774,0.500669,0.503605,0.496186,0.488729,0.584751,0.361538,0.638549,0.232091,0.56678,0.383409,0.544678,0.643222,0.556365,0.509693,0.302616,0.394254,0.493861,0.535006,0.583397,0.433956,0.455848,0.458932,0.343012,0.516823,0.722034,0.491854,0.527509,0.573488,0.531326,0.62808,0.680545,0.330904,0.420229,0.381497,0.52826,0.389965,0.485256,0.601353,0.640077,0.546024,0.494754,0.326434,0.432039,0.521698,0.468692,0.642988,0.488041,0.435905,0.567775,0.691294,0.555662,0.408194,0.591866,0.313994,0.543767,0.423039,0.529226,0.595066,0.536904,0.506332,0.366958,0.430331,0.495991,0.522885,0.554763,0.456719,0.471119,0.473142,0.395446,0.51099,0.651008,0.494679,0.517978,0.548198,0.520476,0.584735,0.621038,0.387015,0.447642,0.421749,0.518469,0.427452,0.490369,0.566727,0.592911,0.530109,0.496573,0.383881,0.455454,0.514177,0.479536,0.594905,0.492188,0.458004,0.544424,0.628678,8.06594,9.1207,7.05756,10.1587,7.47501,8.50883,8.19125,7.02934,8.227,7.7946,9.49285,9.13861,7.88263,8.34677,7.97228,8.70182,8.78781,8.07733,8.75177,8.34674,7.21498,8.587,8.17719,8.18671,7.67412,8.18672,7.86387,9.73363,8.98901,9.00407,8.28302,9.34022,8.41447,7.7589,7.6955,8.07369,8.75157,9.33705,9.29518,8.20958,8.71599,7.51254,8.5068,8.79861,8.03182,7.42122,2,2,2,4,2,11,6,8,9,6,8,10,15,9,5,11,7,4,14,8,16,12,10,5,8,4,0,1,2,4,10,17,18,14,6,2,1,4,5,8,9,3,6,9,19,22,8,6,9,7,3,0,0,2,5,2,1,3,1,9,10,20,15,4,5,6,7,13,8,11,9,8,7,4,7,9,5,11,3,4,2,1,3,3,2,2,0,2,4,4,2,13,11,15,20,25,13,19,8,3,1,6,10,7,3,1,5,4,7,4,1,4,4,8,10,4,2,5,5,1,5,4,0,3,7,5,4,4,7,17,7,17,11,8,11,13,7,7,20,17,18,12,4,13,7,8,20,1,3,2,3,4,5,2,3,4,8,7,6,10,5,6,6,11,15,12,10,17,5,10,7,11,12,4,15,5,13,13,9,11,14,11,7,5,6,4,9,10,12,5
199.635,0.996998,0.0128217,8,255,0,-135.504,8.86702,0.69902,0.157251,-0.250372,0.5646,-0.791675,1.31136,-0.606135,0.282497,-0.173302,-0.33868,0.406272,0.137153,1.15062,0.553866,-0.138658,-0.405757,-0.450534,0.357969,1.14827,0.341498,0.90351,0.0787903,-1.22816,-0.108244,0.0497094,-0.521809,0.0170659,-0.662583,-0.96451,0.78954,0.530925,0.723246,-0.0690317,0.607043,-0.0256059,-0.184463,-0.364374,-0.095464,0.121965,0.6431,0.0261716,-0.0713178,0.210247,-0.790146,0.112137,0.143855,-0.2837,-0.703523,-0.0426073,0.250776,0.0346371,-0.0440131,-0.281819,0.113514,0.0391231,-0.203275,-0.20031,0.0536004,0.244233,-0.321537,0.174766,0.0876701,-0.0809677,0.272259,0.221628,-0.201572,-0.0695931,0.366879,0.588035,0.648608,0.0594562,-0.791079,0.746403,0.360845,-0.203041,0.517356,0.247319,-0.290077,-1.0174,0.953384,-0.834397,0.59461,-0.137863,0.555753,-0.338322,-0.698294,-0.305113,-1.03139,0.757149,-0.350938,0.428029,0.539225,0.0766606,-0.849883,-0.261048,-0.384353,1.04294,1.41724,-0.012078,-0.160123,-0.486339,0.243145,0.669959,-0.132645,-0.473723,-0.663443,0.8376,-0.639304,0.822259,0.153578,0.277884,0.736329,1.32636,0.882601,0.146711,0.0701121,0.30545,-0.0165147,-0.0961478,-0.0223613,-0.0918243,0.0758531,-0.000199786,0.0631168,-0.0646838,0.0011523,0.0235201,-0.0189322,-0.0171878,-0.0390963,0.0780643,0.15415,0.0938566,-0.840168,-0.558744,0.180785,0.0809171,20.8317,0.482965,0.538354,0.446322,0.588321,0.458837,0.519219,0.488206,0.476964,0.527625,0.509334,0.577682,0.537627,0.490563,0.47241,0.469373,0.524346,0.577526,0.523227,0.561189,0.505363,0.417176,0.492633,0.503383,0.464543,0.501162,0.455023,0.434725,0.553534,0.536075,0.549069,0.495302,0.541224,0.498257,0.487447,0.475219,0.493503,0.508301,0.543661,0.501781,0.495146,0.514307,0.446425,0.507632,0.50979,0.4807,0.452261,0.486131,0.531242,0.456248,0.572151,0.466466,0.515647,0.490399,0.481244,0.522495,0.507599,0.563409,0.53065,0.492318,0.477533,0.475058,0.519824,0.563281,0.518912,0.549894,0.504365,0.432369,0.494003,0.502754,0.47112,0.500946,0.463354,0.446762,0.543635,0.529383,0.539987,0.496175,0.533584,0.498581,0.489781,0.479822,0.494711,0.506757,0.535572,0.50145,0.496049,0.511647,0.456332,0.506213,0.50797,0.484286,0.461099,0.552396,0.383585,0.660414,0.24941,0.624632,0.440941,0.536337,0.570661,0.415485,0.471224,0.275536,0.38572,0.529091,0.58441,0.593517,0.425373,0.27593,0.428759,0.318842,0.483457,0.737276,0.52272,0.48956,0.607879,0.496416,0.635684,0.692184,0.339988,0.390296,0.352596,0.514495,0.375189,0.505378,0.538668,0.575942,0.520041,0.474405,0.368115,0.494503,0.514975,0.455954,0.660126,0.476464,0.469821,0.559308,0.643612,0.534917,0.421781,0.608817,0.324599,0.583869,0.460621,0.524189,0.547168,0.443492,0.480851,0.344591,0.423244,0.519359,0.556437,0.562603,0.450163,0.344887,0.452442,0.376406,0.488996,0.665127,0.515116,0.493057,0.572377,0.497616,0.591511,0.63156,0.391467,0.426376,0.400325,0.509642,0.416008,0.503577,0.525744,0.550723,0.513332,0.48297,0.411122,0.496344,0.509961,0.470665,0.608614,0.484341,0.479916,0.539546,0.597026,8.20815,9.01521,6.89103,9.77148,7.08224,7.99822,8.1477,7.35791,8.88501,7.8484,9.55461,9.03713,7.56409,8.04798,7.86194,8.73778,9.64963,8.05903,8.63825,8.40755,7.20053,8.35465,8.48448,8.1495,7.72461,7.98084,7.66971,9.76591,9.01349,9.11426,8.25518,9.2643,8.3424,8.2431,8.04449,8.33484,8.61296,9.09611,8.69076,8.35973,8.68295,7.61883,8.44193,8.47462,8.10021,7.74109,2,4,1,1,3,9,8,8,9,4,6,4,1,6,10,8,7,2,5,7,5,4,10,9,5,2,0,3,1,2,20,13,11,14,7,2,5,1,12,16,11,3,10,3,6,6,11,5,4,7,1,3,2,3,5,2,1,3,2,9,5,11,12,10,2,2,5,7,11,5,4,9,6,7,7,4,4,11,4,1,0,7,5,3,4,0,5,1,2,4,3,8,15,26,16,13,19,26,12,5,4,9,10,5,5,6,1,4,7,3,10,1,14,4,14,9,1,4,4,2,1,3,5,2,1,1,0,3,12,9,5,13,8,12,12,6,16,10,10,3,11,14,13,11,15,10,9,5,2,0,1,3,1,3,5,11,9,5,4,13,8,11,6,7,21,7,11,14,15,6,18,17,13,12,14,7,14,17,5,10,4,11,7,7,9,6,9,2,4,3
197.104,0.999781,0.0128217,8,255,0,-127.51,9.87401,0.577837,0.488108,0.349472,0.615796,-0.660998,-0.845236,0.122074,0.195171,-0.0355906,0.133479,-0.647644,-0.0129149,0.826012,0.787378,0.427038,0.133569,0.139227,-1.09624,-1.29078,-0.0207457,0.61685,0.0100761,-0.520747,0.503276,-0.0078631,-0.324392,-0.0900821,0.0584777,-0.193047,0.444795,0.845313,0.427321,-0.0400839,-0.332943,-0.00610824,-0.336808,-0.35712,-0.0325219,-0.0833623,-0.337969,-0.0977962,0.0612319,0.612506,-0.442255,0.0672628,-0.324592,-0.336494,0.576841,0.139241,-0.534152,0.258638,-0.18778,0.692792,0.340731,0.0450096,0.0352847,0.0635421,-0.8868,0.0749816,-0.480855,-0.495926,-0.188135,0.0743878,0.0134914,-1.27544,-0.0372337,-0.131302,0.353522,0.342253,0.646823,0.09821,-0.867433,0.629565,0.0996349,0.818992,0.350811,0.171575,-1.87112,-0.330777,0.532359,-0.9896,0.397337,-0.926188,0.793228,0.265065,-0.341022,-0.215924,-1.23117,0.897916,-0.491315,0.0816384,0.194007,0.063937,-0.556162,-0.998134,-0.189815,0.746982,0.541532,-0.329189,0.244988,-0.945887,-0.0768669,0.225466,-0.77791,-0.62846,-1.04679,0.624672,-0.692229,0.968042,-0.552952,0.232896,-0.0472158,0.834126,0.117999,0.448866,-0.472379,0.193287,0.0210111,-0.0748634,0.121867,0.0603806,-0.13647,-0.00141648,0.0897256,0.0637745,-0.0715874,0.058397,0.043801,0.00318489,0.0726643,-0.139004,-0.15162,0.112759,0.0551012,0.0857627,0.0527946,0.0394725,22.1521,0.501179,0.502077,0.497771,0.497149,0.500412,0.500658,0.49988,0.50045,0.497816,0.499956,0.502786,0.502656,0.50144,0.500451,0.50047,0.496303,0.495646,0.49993,0.502081,0.500034,0.498244,0.501697,0.499973,0.498906,0.499696,0.500197,0.499349,0.5015,0.502851,0.501441,0.499865,0.498877,0.499979,0.498864,0.498795,0.49989,0.499719,0.49886,0.49967,0.500207,0.502066,0.498508,0.500227,0.498905,0.498865,0.501946,0.390377,0.313155,0.699109,0.746124,0.461154,0.438087,0.511346,0.457541,0.695514,0.504118,0.258549,0.268107,0.367104,0.457513,0.455723,0.801896,0.838391,0.506615,0.312867,0.496787,0.660199,0.344818,0.502507,0.601985,0.528692,0.481362,0.561246,0.361858,0.253858,0.367021,0.512778,0.604595,0.501948,0.605773,0.611942,0.510368,0.526556,0.606126,0.531143,0.480486,0.314059,0.637393,0.478566,0.602046,0.605677,0.32394,0.504814,0.508482,0.490896,0.488359,0.501682,0.502689,0.49951,0.501839,0.491079,0.499822,0.511377,0.510845,0.505882,0.50184,0.501918,0.484904,0.482227,0.499714,0.508496,0.500139,0.492827,0.506932,0.499892,0.495532,0.498759,0.500806,0.497341,0.506127,0.511642,0.505886,0.499448,0.495414,0.499916,0.495361,0.495081,0.499552,0.498852,0.495345,0.498653,0.500843,0.508437,0.493908,0.500927,0.495529,0.495365,0.507945,0.507492,0.5132,0.485832,0.481886,0.502617,0.504184,0.499237,0.502862,0.486118,0.499723,0.517703,0.516876,0.509155,0.502864,0.502985,0.476513,0.472353,0.499555,0.513223,0.500216,0.488837,0.510789,0.499831,0.493045,0.498069,0.501254,0.495861,0.509536,0.518116,0.509161,0.499141,0.492862,0.499869,0.492779,0.492344,0.499303,0.498213,0.492754,0.497903,0.501313,0.51313,0.490519,0.501442,0.493041,0.492786,0.512365,8.26783,9.00704,6.89719,6.88239,7.9838,8.08632,8.25405,7.99981,6.88148,7.794,9.57566,8.8617,8.40873,7.96628,8.49982,6.96031,6.05608,7.78299,8.66773,8.31829,7.05343,8.47974,8.14185,8.19498,7.68549,8.00262,7.6492,9.67035,8.93781,9.0386,8.24773,9.32215,8.43306,7.68118,7.54167,8.10716,8.62497,7.67957,7.78285,8.23903,8.62821,7.5354,8.39872,7.84936,8.0522,8.57994,2,5,2,2,2,14,14,19,10,4,9,5,13,11,11,6,7,7,6,5,4,5,6,6,3,1,1,0,2,2,9,9,13,8,5,5,1,1,3,8,6,3,3,2,13,8,13,6,10,13,5,6,1,2,3,1,2,2,1,13,12,10,10,1,6,2,8,3,4,13,7,9,6,11,6,5,11,5,4,1,3,2,3,0,3,1,2,4,5,6,5,5,14,10,22,11,7,17,8,5,5,12,9,14,5,1,2,10,11,11,5,5,2,3,7,4,1,1,3,0,5,1,5,1,0,3,1,1,5,8,11,11,14,14,9,26,11,23,12,16,20,15,18,14,13,19,11,7,3,0,3,2,4,6,2,3,8,9,13,5,3,5,6,24,12,14,4,16,9,3,14,18,25,15,10,10,5,14,15,3,6,5,4,11,3,5,5,9,1,4
206.531,0.944474,0.0128217,8,255,0,-139.219,9.32517,0.408009,0.422747,-0.155345,0.469071,-0.665876,0.587058,0.107959,0.0614205,0.160667,-0.0427504,0.310547,0.10329,0.739387,0.543855,0.0599466,-0.111021,-0.286838,0.856083,0.709632,0.227879,0.773235,0.352396,-0.806231,0.293522,-0.176493,-0.6801,-0.00118256,-0.210669,-0.381939,0.396677,0.669277,0.371732,0.346874,-0.0156826,-0.288678,-0.157048,-0.123724,0.320743,-0.0381611,0.233182,0.127237,-0.196917,0.355736,-0.771933,0.390872,0.139213,0.225215,-0.402312,-0.0498705,-0.540036,0.106063,-0.42732,-0.224709,0.382072,0.137554,0.437058,-0.217272,-0.679858,0.183781,0.0788238,0.0337524,-0.500476,0.154977,0.855834,0.40648,-0.408758,-0.160981,0.365008,0.774394,0.586614,0.0759909,-0.888844,0.596921,0.161955,-0.126242,0.466104,0.278577,-0.350742,-1.48095,0.825511,-0.582658,0.287194,-0.239863,1.11902,-0.437478,-0.832301,-0.571383,-0.710181,0.695801,-0.472583,0.320888,0.417107,0.0165857,-0.911365,-0.198637,-0.547591,1.21254,1.27258,-0.141318,-0.282151,-0.559336,0.0896927,0.299984,0.0656638,-0.562337,-0.688622,0.455831,-0.533391,0.837101,0.158814,0.122527,0.627579,1.25854,0.709451,-0.0115084,-0.121943,-0.114148,-0.0197396,-0.129935,0.0463193,-0.108746,0.0970371,-0.0765917,0.117874,-0.040373,-0.0151842,-0.0582069,0.0792481,0.0592773,-0.0909996,0.0492996,0.0370825,0.0835645,-0.841277,-0.408611,0.149401,0.0788279,17.1656,0.466811,0.599035,0.361265,0.623029,0.523082,0.513138,0.534322,0.490854,0.566056,0.522085,0.653122,0.614306,0.512823,0.476264,0.438935,0.67539,0.647331,0.548603,0.659656,0.574832,0.334033,0.562473,0.46231,0.35846,0.499747,0.455047,0.419001,0.584067,0.639407,0.578871,0.573676,0.496645,0.438547,0.466449,0.473553,0.568198,0.491836,0.549726,0.527197,0.457967,0.57553,0.340594,0.582859,0.529751,0.548038,0.414762,0.484219,0.547523,0.432744,0.559375,0.510969,0.506241,0.516321,0.495656,0.531516,0.510495,0.574576,0.555043,0.506091,0.48872,0.470885,0.586128,0.571617,0.523141,0.577936,0.535749,0.418796,0.529792,0.482072,0.431325,0.49988,0.478605,0.461265,0.540223,0.567596,0.537704,0.535191,0.498406,0.470698,0.484046,0.48743,0.532548,0.496122,0.523678,0.512927,0.48,0.536087,0.422193,0.539637,0.514143,0.52287,0.459208,0.532626,0.402606,0.636496,0.37898,0.47731,0.487085,0.46626,0.50899,0.435055,0.47829,0.34932,0.387571,0.487395,0.523333,0.560036,0.327348,0.355031,0.452219,0.342876,0.426423,0.663351,0.438579,0.537052,0.63926,0.500249,0.544192,0.579645,0.417337,0.362843,0.422449,0.427559,0.503298,0.560418,0.532982,0.525998,0.432948,0.508025,0.451114,0.473265,0.541321,0.425735,0.656877,0.418525,0.470754,0.452774,0.583815,0.515864,0.452229,0.567605,0.440316,0.488973,0.493726,0.483593,0.504367,0.468319,0.48945,0.425039,0.444671,0.493877,0.511339,0.529268,0.41343,0.428013,0.476738,0.421662,0.464064,0.581622,0.470052,0.518021,0.56903,0.500121,0.521507,0.538937,0.459567,0.432054,0.462099,0.464625,0.501602,0.529455,0.516037,0.512636,0.467282,0.503898,0.476198,0.487005,0.520105,0.463724,0.578208,0.460156,0.485783,0.47701,0.541005,7.9951,9.03929,6.89651,8.13454,7.84063,7.78366,8.11485,7.65611,8.56516,7.83491,9.5389,8.84932,7.78185,8.04935,7.56724,9.67935,9.0501,7.98734,8.65001,8.34914,7.20399,8.54437,8.2501,8.16933,7.70701,7.93958,7.73041,9.76916,9.00133,9.09271,8.34241,9.30122,8.28497,8.27389,7.26658,8.85848,8.74621,8.7515,8.35318,8.22512,8.62031,7.52615,8.39607,8.0886,8.02694,7.69343,3,4,2,1,2,7,12,11,8,7,3,4,3,6,5,5,5,5,6,9,9,3,6,4,9,2,3,2,3,1,21,13,13,10,12,2,2,3,6,11,6,6,5,12,13,13,12,1,3,4,1,4,1,5,3,1,2,4,3,10,12,9,11,5,5,3,8,2,10,10,11,3,11,3,3,9,3,4,2,3,2,1,11,3,8,2,1,2,6,6,4,24,9,20,19,21,14,26,19,6,6,1,9,2,5,2,3,4,6,5,5,1,11,6,5,7,2,2,2,2,1,5,4,2,2,1,3,1,7,10,15,11,21,15,14,12,7,6,7,14,12,14,13,18,19,11,14,3,2,2,6,0,4,10,7,9,7,6,6,11,8,12,12,15,15,9,22,10,20,12,22,12,12,15,9,13,12,7,6,12,11,12,10,13,2,4,6,3,6,6
208.99,0.995479,0.0128217,8,511,0,-138.148,9.10658,0.471441,0.219288,0.0069845,0.43925,-0.948566,-0.71456,-0.0582827,0.423415,0.280481,0.508551,-0.640543,-0.285177,0.844653,0.85943,-0.0333587,0.104388,-0.297803,0.309852,0.0903001,0.183055,0.475997,0.284053,-0.964794,0.254361,-0.195841,-0.699728,-0.301897,-0.258187,-0.628142,0.537139,0.480648,0.530084,0.117105,0.0757375,-0.0864118,-0.812183,-0.148286,-0.167159,-0.117132,-0.292379,0.266457,-0.0236311,0.250679,-0.716381,0.333148,0.957874,-0.0225043,0.170279,-0.128363,-0.025926,0.136173,-0.358355,0.107762,-0.155736,0.00742468,-0.337039,0.059259,-0.0712067,0.250137,0.294613,0.0474662,-0.0461863,-0.0905661,0.970496,-0.400674,-0.345167,-0.0786503,0.368852,-0.595909,0.649324,0.102109,-1.11966,0.139073,0.428585,0.733785,0.237501,-0.19547,-1.1998,-0.631698,0.898394,-0.750952,0.612358,-0.633775,0.745187,-0.156705,-0.551344,-0.651839,-1.42184,0.670983,-0.431889,0.127228,0.74242,-0.045197,-0.547221,-0.128065,-0.239248,0.582634,0.965216,-0.457819,-0.172165,-0.67536,0.19382,-0.34419,-0.289934,-0.0840192,-0.857986,0.507811,-1.20239,1.01561,-0.570004,0.201537,0.237799,1.23614,0.412945,-0.316715,-0.221599,-0.659968,0.0413553,0.0882513,-0.0614687,0.0141718,-0.0659676,0.16279,-0.0172813,0.0133989,0.0842778,0.231753,-0.0926522,-0.0459555,-0.0143397,-0.0668192,-0.119542,0.228645,-0.527734,-0.642041,0.169599,0.105964,33.0965,0.501695,0.604988,0.28484,0.33326,0.485863,0.601309,0.567634,0.620942,0.349408,0.431248,0.69418,0.697215,0.491907,0.525305,0.428245,0.574616,0.521895,0.544297,0.613477,0.568485,0.281643,0.561403,0.452627,0.336466,0.427272,0.437683,0.352148,0.62745,0.614547,0.625848,0.528382,0.518367,0.479047,0.312551,0.464084,0.459532,0.471612,0.429534,0.564291,0.494267,0.560522,0.332867,0.580133,0.716997,0.49454,0.54122,0.4993,0.456114,0.593889,0.571091,0.505838,0.457689,0.471934,0.449235,0.563812,0.528535,0.416191,0.414753,0.503341,0.489545,0.529795,0.469002,0.490956,0.481672,0.452464,0.471578,0.595456,0.474543,0.519607,0.569635,0.530204,0.525839,0.56259,0.446402,0.452003,0.447101,0.488272,0.492414,0.508655,0.580645,0.514849,0.516738,0.511731,0.529254,0.473335,0.502367,0.474911,0.57127,0.466678,0.405212,0.502254,0.48295,0.499079,0.442306,0.622598,0.593173,0.507689,0.444369,0.463063,0.433305,0.583713,0.537554,0.390371,0.388517,0.504401,0.486231,0.53921,0.459211,0.488089,0.475868,0.437528,0.462594,0.624608,0.466492,0.525815,0.591283,0.539746,0.534011,0.582122,0.429604,0.436924,0.430517,0.484555,0.490009,0.511399,0.605543,0.519554,0.52204,0.515449,0.538498,0.464903,0.503118,0.466975,0.593405,0.456159,0.376248,0.502969,0.47755,0.498879,0.429959,0.647717,0.612724,0.509354,0.432453,0.455101,0.41909,0.601389,0.545646,0.367652,0.365449,0.505354,0.483251,0.547655,0.450429,0.48551,0.470652,0.424187,0.454533,0.650091,0.459263,0.531393,0.610462,0.548306,0.541347,0.599479,0.414628,0.423458,0.415728,0.481212,0.487846,0.513866,0.627488,0.523783,0.526805,0.518792,0.546792,0.457335,0.503793,0.45985,0.613001,0.446729,0.350921,0.503612,0.472696,8.31881,9.06783,6.88888,7.01168,8.00954,8.62257,8.32712,8.73014,7.49764,7.72055,9.48787,9.39488,8.04133,8.44304,7.59038,8.81587,8.42507,8.31727,8.68905,8.33166,7.09494,8.63405,8.25943,8.1139,7.6993,8.24588,7.77819,9.69484,8.92095,9.0946,8.11911,9.30259,8.31097,7.48269,7.72745,8.29596,8.7373,8.13662,8.91444,8.47896,8.62937,7.60196,8.39403,9.17621,8.06198,8.52701,1,0,1,1,0,1,8,9,11,5,6,2,5,5,13,6,4,4,9,6,8,8,7,7,8,2,1,2,4,3,21,12,15,19,12,4,4,3,10,9,16,3,7,3,8,3,14,9,11,5,3,3,5,5,3,0,1,1,3,5,9,5,9,4,4,2,3,6,5,13,4,11,7,10,7,11,9,8,7,3,1,4,9,3,7,10,3,4,2,5,3,12,23,12,21,16,15,14,14,3,2,5,5,2,2,4,4,6,7,4,5,7,6,12,4,1,5,8,3,4,8,5,3,3,3,2,2,0,8,15,9,13,14,13,18,11,11,12,6,6,6,14,7,9,9,17,14,3,2,1,5,7,1,3,5,2,8,10,7,8,4,7,4,17,10,12,10,7,5,18,8,28,19,15,11,6,21,10,14,12,14,8,8,5,9,3,4,2,1,6
206.495,0.7817,0.0128217,8,255,0,-145.968,9.1029,0.481445,0.182917,-0.119084,0.40919,-0.954163,-0.427389,0.47326,0.891886,-0.000245531,-0.467,-0.167631,-0.195716,0.989629,0.332622,-0.0475779,-0.162853,-0.194994,1.06237,0.220276,-0.073325,0.390037,0.0118774,-0.984571,0.150853,-0.164931,-0.234715,-0.396615,-0.242809,-0.540237,0.704791,0.442513,0.67343,0.0554323,0.285494,0.101714,-0.221863,-0.358624,-0.151149,-0.00702773,1.30168,-0.39315,-0.181786,0.204108,-0.786682,0.174784,-0.449154,-0.00284808,0.42105,0.0102091,0.135155,-0.366713,-0.103522,-0.170857,0.326145,0.105169,-0.00771157,-0.166748,-0.371137,-0.00315649,0.287416,0.184798,-0.174908,-0.209686,0.96996,-0.314276,-0.290478,-0.105241,0.352358,-1.47345,0.715376,0.0961321,-0.407238,0.594957,0.294776,0.661384,0.0319762,-0.330316,-1.93263,-0.911786,0.765172,-0.649087,0.0115646,-0.861776,1.0333,-0.0666554,-0.0895008,-0.833828,-1.5308,0.935528,-1.00584,0.260555,0.593637,0.176241,-0.762959,-0.377191,-0.152933,0.998377,0.987184,-0.505733,-0.357935,-0.610797,-0.131096,0.524728,-0.203839,-0.718835,-0.572265,0.68369,-0.22228,0.616783,0.063593,0.296882,0.357233,1.45679,0.283227,0.321485,-1.25861,0.0748632,-0.0582256,-0.122328,0.109332,-0.0290904,0.0143798,0.026012,-0.0236712,0.0807559,-0.0562298,-0.025727,-0.00257663,0.0506753,0.105526,0.0815088,0.103258,0.350418,-0.25761,-0.416155,0.151603,0.031633,20.7412,0.471155,0.597942,0.283839,0.397822,0.612787,0.703724,0.49994,0.388655,0.45944,0.452683,0.723102,0.579965,0.488465,0.460592,0.452856,0.737004,0.553212,0.482227,0.593468,0.50288,0.277881,0.536515,0.460091,0.443328,0.404994,0.441392,0.371915,0.664546,0.605687,0.657731,0.513439,0.56879,0.524645,0.446407,0.413904,0.463413,0.498296,0.77947,0.405804,0.456033,0.549333,0.317984,0.542282,0.392775,0.499309,0.600704,0.509355,0.467895,0.574411,0.533529,0.462885,0.430381,0.500019,0.536626,0.513168,0.515372,0.422867,0.47389,0.503738,0.512792,0.515316,0.417298,0.4827,0.505761,0.469393,0.499067,0.576745,0.48815,0.512956,0.518433,0.531121,0.519068,0.542344,0.444851,0.465288,0.447286,0.495645,0.477584,0.492009,0.517425,0.528147,0.511873,0.500552,0.399131,0.53085,0.514279,0.483969,0.561496,0.486271,0.535231,0.500224,0.466967,0.507669,0.473671,0.561143,0.527497,0.469559,0.442812,0.500016,0.53004,0.510794,0.512602,0.436608,0.478591,0.503064,0.510487,0.512555,0.432005,0.485817,0.504722,0.474902,0.499235,0.563071,0.490286,0.51062,0.515112,0.525521,0.515632,0.534737,0.454734,0.471532,0.456738,0.49643,0.481622,0.49345,0.514285,0.52308,0.509733,0.500453,0.416945,0.525298,0.511705,0.486858,0.550492,0.488745,0.528894,0.500183,0.47291,0.512387,0.457531,0.597986,0.544348,0.450921,0.40826,0.500026,0.548434,0.517433,0.520351,0.398471,0.46545,0.50495,0.516937,0.520276,0.391238,0.477099,0.507628,0.45951,0.498764,0.601024,0.484311,0.517152,0.5244,0.54117,0.52524,0.55597,0.427196,0.454091,0.430392,0.494233,0.470332,0.489419,0.523066,0.537242,0.51572,0.500731,0.367792,0.540812,0.518904,0.478778,0.581122,0.481824,0.546594,0.500296,0.456306,8.24611,8.97094,6.93545,7.64694,8.71699,9.23404,8.22964,7.53616,8.185,7.87623,9.46267,8.8145,8.06273,8.19101,7.98442,9.55065,8.67344,8.03029,8.61298,8.24492,7.17197,8.58611,8.24894,8.0718,7.62412,8.01364,7.64151,9.71603,8.95205,9.07539,8.29979,9.33556,8.36053,8.17733,7.73299,8.26629,8.62033,10.0611,7.82508,8.22773,8.65311,7.4741,8.45006,7.66572,8.07047,8.92522,1,8,4,3,2,9,11,8,11,6,3,1,6,3,5,8,5,5,4,7,5,11,6,7,2,2,2,1,4,1,8,8,7,13,18,4,6,2,12,15,8,5,2,3,7,20,14,5,6,8,11,5,4,13,5,1,0,2,2,13,9,9,14,1,3,1,7,4,11,6,9,10,10,7,8,6,17,8,1,0,3,7,5,0,7,7,0,3,2,5,0,13,11,21,17,22,14,17,8,3,6,4,7,5,5,2,3,6,3,4,6,5,9,4,5,6,3,5,4,2,1,4,4,0,2,3,2,3,7,4,5,17,12,21,25,23,36,12,21,10,13,19,11,21,12,16,13,4,7,5,4,5,6,3,2,4,5,11,8,6,6,13,4,9,26,12,9,7,23,17,32,13,16,23,21,20,8,14,12,8,11,5,5,6,2,6,0,2,0,1
203.184,0.905054,0.0128217,8,511,0,-137.083,8.62634,0.567972,0.270513,-0.234102,0.169781,-0.889649,0.0472412,0.536518,0.476668,0.105509,0.370343,0.576283,-0.25436,0.861207,0.891522,0.418995,-0.138507,-0.619686,0.455012,-0.0571675,-1.43188,0.533984,0.131488,-0.987336,-0.00101903,-0.355228,-0.432374,-0.294584,-0.0568044,-0.29536,0.96061,0.38353,0.469829,0.176717,0.46178,0.000973782,-0.322324,-0.28731,-0.0928811,0.323785,0.604332,-0.440626,-0.286725,0.131188,-0.911214,0.241552,0.223191,0.185119,0.691787,0.332705,0.0979036,-0.242374,-0.157595,0.165015,-0.149846,-0.0342562,0.28361,-0.193458,-0.0606891,0.267462,0.199546,0.0239911,0.0162331,-0.156622,0.700335,-0.700291,-0.335879,0.0518133,0.357958,-0.41706,0.829814,0.068589,-0.976767,0.472481,0.444202,0.445236,0.205445,0.194201,-1.45882,-0.465085,0.464792,-0.801998,0.40998,-0.578392,0.664511,0.0981875,-0.919856,-0.396726,-1.03683,1.65605,-0.301561,0.452867,0.402847,0.0263519,-0.608199,-0.296469,0.25395,0.554653,1.34857,-0.791104,-0.23343,-0.565492,0.350646,0.0993846,-0.379211,-0.167203,-1.05168,0.825335,-0.647445,0.608158,0.28128,0.632691,0.393845,1.34542,0.740882,0.183207,-0.797615,-1.00256,0.0136552,0.0375191,-0.020053,0.0482482,0.0136363,-0.103853,-0.000503702,0.0610169,-0.0215274,0.0653997,-0.0549847,-0.0850477,-0.0405997,-0.0602537,-0.0593911,0.207642,-0.472158,-0.825257,0.191593,0.0923548,16.7635,0.459104,0.529691,0.349088,0.50827,0.592846,0.58269,0.518465,0.56448,0.59955,0.455583,0.646373,0.65121,0.572837,0.475769,0.393175,0.578998,0.489992,0.268393,0.592417,0.523005,0.333707,0.499822,0.438124,0.424872,0.448605,0.490056,0.448471,0.662118,0.566749,0.581525,0.530901,0.580153,0.50017,0.443805,0.449866,0.483744,0.556448,0.604257,0.42346,0.449967,0.522953,0.345664,0.542191,0.538998,0.532366,0.618806,0.540893,0.470311,0.650903,0.49173,0.40716,0.417315,0.481537,0.435524,0.400456,0.544414,0.353636,0.348798,0.427167,0.52423,0.606819,0.421007,0.510007,0.731595,0.407588,0.476996,0.666283,0.500178,0.561872,0.575124,0.551392,0.509944,0.551526,0.337891,0.433255,0.41848,0.469101,0.419852,0.49983,0.556192,0.550131,0.516255,0.443556,0.395749,0.576535,0.55003,0.477049,0.654327,0.457811,0.461005,0.467636,0.381201,0.527605,0.47997,0.603496,0.494424,0.437006,0.443971,0.487548,0.456396,0.432392,0.529989,0.399721,0.396292,0.450703,0.516343,0.57263,0.446496,0.506748,0.662861,0.437301,0.484484,0.614479,0.50012,0.541833,0.550861,0.534717,0.506705,0.534808,0.388515,0.454852,0.444768,0.479153,0.445707,0.499885,0.537974,0.533862,0.510962,0.461855,0.429145,0.551824,0.533793,0.48452,0.60593,0.471518,0.473679,0.478163,0.41906,0.548149,0.465029,0.675724,0.490255,0.391082,0.402905,0.478246,0.424182,0.383296,0.552286,0.32944,0.323937,0.414406,0.528545,0.625135,0.407212,0.511792,0.765247,0.39158,0.472899,0.693133,0.50021,0.572768,0.58827,0.560479,0.511717,0.560637,0.311578,0.421526,0.404264,0.463605,0.405865,0.499799,0.566111,0.559,0.519153,0.433593,0.377839,0.589919,0.558881,0.47296,0.679611,0.450329,0.454082,0.461881,0.361029,8.14522,9.02354,6.97795,7.90705,8.74552,8.67144,8.23046,8.53961,9.15231,7.76239,9.49592,9.5399,8.59997,8.26415,7.32978,8.99536,8.36541,6.3227,8.74238,8.2628,7.21635,8.43533,8.37028,8.16428,7.7124,8.14108,7.84428,9.67919,8.91361,9.01371,8.31908,9.20094,8.43091,8.41114,7.4907,8.69652,8.81306,9.56252,7.66399,8.45537,8.59993,7.6848,8.39973,8.3769,8.06608,9.29478,1,1,2,3,0,9,10,6,6,1,3,5,5,9,6,4,8,6,8,3,7,4,5,3,8,2,1,0,3,2,19,4,7,15,10,0,2,0,12,9,2,1,6,7,4,9,11,9,4,3,0,3,1,8,5,2,0,3,2,6,16,11,13,1,8,4,7,6,9,5,7,8,4,6,3,6,14,6,0,1,1,3,5,6,2,7,3,3,9,4,6,11,13,18,11,9,8,22,13,2,2,5,4,10,3,4,4,6,5,6,3,2,12,3,5,4,1,1,7,4,2,5,1,2,1,1,1,2,9,10,7,8,13,12,12,10,15,12,3,10,10,13,8,32,11,11,20,1,2,3,2,4,5,2,5,6,22,9,14,12,8,7,9,14,24,10,7,30,11,14,12,12,9,19,17,18,19,16,21,16,8,8,12,8,10,7,2,0,3,2
199.894,0.985991,0.0128217,8,255,0,-136.59,8.34951,0.569303,0.124368,-0.559067,0.208872,-0.68343,-0.0151393,0.564468,0.548129,0.13145,-0.168104,0.252228,-0.0426833,0.871591,0.596042,0.770586,-0.246993,-0.682608,0.650492,-0.289488,-0.898298,0.529842,0.264213,-1.12253,0.178986,-0.4309,-0.578294,-0.20779,0.0752322,-0.262514,1.20858,0.356283,0.504721,0.128823,0.726161,-0.0488714,-0.315106,-0.258768,0.139096,0.213466,0.898557,-0.858492,-0.332225,0.13624,-1.03191,0.344699,0.471189,0.213598,0.30514,0.193108,0.0983784,-0.094271,-0.112628,-0.070412,-0.240322,0.0733036,-0.0128466,-0.208153,-0.127021,0.0913977,0.232444,0.256552,0.134915,-0.0103629,0.966676,-0.197626,-0.407464,0.0317407,0.36032,-0.503373,0.691225,0.14022,-0.989474,0.0701475,0.105577,0.467268,0.299845,0.0541879,-1.69358,-0.625399,0.431786,-0.472606,0.731605,-0.496071,0.739341,0.353275,-0.592294,-0.791708,-0.266606,1.76208,-0.143042,0.617037,0.327976,0.0733256,-0.509861,-0.137319,0.115767,1.01607,1.42311,-0.669377,-0.0394611,-0.48698,0.222807,-0.0506626,-0.295418,-0.277806,-0.720904,0.505847,-0.473513,0.531822,0.242415,0.564891,0.373916,1.29811,0.612204,-0.0846828,-0.633017,-1.20909,-0.0209147,0.155457,-0.172833,-0.0870067,0.100066,0.0626197,0.042987,-0.110964,0.0258943,0.0882704,-0.0106069,-0.0570622,0.068733,0.136647,-0.072635,0.18439,-0.410825,-0.887435,0.133595,0.147516,16.9198,0.368086,0.550307,0.340592,0.496341,0.633128,0.629451,0.531725,0.459464,0.560655,0.489686,0.699001,0.640188,0.678068,0.440591,0.340771,0.652221,0.430493,0.295595,0.625319,0.563507,0.252537,0.543148,0.397345,0.363774,0.449952,0.518173,0.436897,0.762838,0.585261,0.619612,0.531092,0.668623,0.488191,0.424432,0.437788,0.533565,0.551406,0.704457,0.30367,0.420394,0.532878,0.269429,0.582541,0.611943,0.551437,0.573213,0.527594,0.489682,0.533715,0.500748,0.47214,0.472945,0.493506,0.508305,0.487541,0.502109,0.457044,0.470586,0.462001,0.512201,0.533674,0.467906,0.514299,0.544266,0.473846,0.486949,0.555234,0.491158,0.521276,0.52854,0.510265,0.496283,0.512967,0.440571,0.482405,0.475084,0.493636,0.464184,0.502415,0.515563,0.512782,0.493128,0.489455,0.455722,0.542314,0.516408,0.493269,0.550807,0.482976,0.476737,0.489448,0.484929,0.557169,0.478561,0.569735,0.501555,0.442284,0.44394,0.486503,0.517259,0.474118,0.504384,0.411426,0.439087,0.42151,0.525346,0.569652,0.433585,0.529697,0.591228,0.445796,0.47289,0.61329,0.481625,0.544141,0.559117,0.521328,0.492274,0.526936,0.37836,0.463473,0.448347,0.486772,0.425967,0.505019,0.532318,0.526552,0.485718,0.47809,0.408746,0.58727,0.534069,0.486011,0.604424,0.464656,0.451756,0.478076,0.468701,0.621551,0.453792,0.647142,0.503359,0.377322,0.380735,0.47087,0.537226,0.444274,0.509469,0.315727,0.370762,0.335404,0.554579,0.646975,0.359561,0.563875,0.689371,0.384569,0.441649,0.730306,0.460374,0.594451,0.625556,0.54597,0.483315,0.557979,0.254922,0.421607,0.389858,0.471451,0.344248,0.510841,0.569457,0.557159,0.469179,0.452782,0.31058,0.681757,0.573178,0.469811,0.714176,0.424116,0.39696,0.452753,0.432713,7.82471,9.07059,7.01926,7.62139,8.56211,8.54206,8.17511,7.65452,8.83007,7.81038,9.54972,9.25412,8.81368,8.20991,7.16852,9.28125,8.15724,6.75881,8.5196,8.33989,7.14408,8.73919,8.27671,8.10829,7.60525,8.18122,7.76161,9.76091,8.95892,9.10254,8.17184,9.33103,8.41651,8.41981,7.31878,8.98395,8.63603,9.916,7.03104,8.39862,8.6861,7.54621,8.43956,8.59571,8.05507,8.89564,1,2,0,0,4,3,8,5,8,4,3,0,8,10,4,10,13,7,9,6,10,5,4,5,2,1,1,0,0,2,17,13,14,10,14,6,2,5,14,15,10,6,4,7,20,15,10,10,10,7,2,1,4,1,1,5,7,0,2,16,7,12,20,2,6,7,5,9,6,5,11,4,1,6,4,2,4,7,0,1,3,6,1,2,4,1,7,7,10,5,9,8,14,18,13,16,18,21,21,2,0,8,10,2,5,2,2,4,2,6,9,9,7,10,5,3,3,4,3,4,1,6,0,1,1,0,1,2,15,10,6,6,7,22,8,16,11,8,16,14,8,8,14,12,9,13,10,7,0,5,11,4,5,3,1,2,8,9,9,4,4,4,8,10,10,8,10,9,3,9,10,11,8,14,6,4,5,7,6,12,10,11,8,7,7,6,8,1,6,1
200.363,0.998935,0.0128217,8,255,0,-140.572,8.64268,0.554558,0.103332,0.723694,0.323213,-0.580828,0.568036,-0.0379778,0.0294302,0.0745147,-0.494992,-0.228562,0.0625421,0.750744,0.228566,1.07517,-0.23193,-0.680489,0.885583,-1.35998,-0.961183,0.646903,0.153198,-1.04151,0.0898041,-0.376613,-0.592067,-0.0944775,-0.256367,-0.358691,0.826322,0.396084,0.410443,0.148236,0.28888,-0.157196,0.0772656,-0.381686,0.462682,0.0108949,0.516572,-1.72078,-0.251544,0.173078,-0.928888,0.258824,0.497168,0.244756,0.306326,-0.161376,0.0596814,-0.0991943,-0.113984,0.0584825,0.10303,-0.105134,-0.0569505,-0.122754,-0.134405,0.257468,0.139862,0.180179,-0.02126,0.000523768,0.993972,-0.074515,-0.43035,-0.0120695,0.356295,-0.233465,0.714575,0.126593,-0.891101,0.531048,0.165592,0.661204,0.595088,0.477546,-1.39839,-0.291282,0.769067,-0.650558,0.432111,-0.668344,0.544284,0.634599,-0.266118,-0.981711,-0.86132,1.31897,-0.630586,0.204721,0.534018,-0.557209,-0.452891,-0.12733,-0.294402,0.687727,1.22976,0.250783,-0.249038,-0.0247746,0.388088,-0.0653261,-0.139056,-0.300072,-0.846273,0.0485095,-0.162454,0.768598,0.680584,0.322876,0.0812829,1.47967,0.77964,0.00954294,-0.598491,-0.898811,-0.0617096,-0.0371985,0.0436021,0.0450778,0.189925,-0.109602,0.132628,0.143415,-0.114429,0.0123267,0.106043,0.129305,0.147775,-0.0648552,-0.0433768,0.226364,-0.802013,-0.523125,0.0921702,0.045681,17.1169,0.67246,0.579633,0.359548,0.637519,0.490564,0.507313,0.518508,0.379421,0.443447,0.515536,0.678354,0.556554,0.744348,0.442621,0.337068,0.706873,0.205579,0.277802,0.655432,0.537995,0.262071,0.522301,0.407492,0.35698,0.47654,0.436637,0.4118,0.694521,0.597172,0.600601,0.536769,0.571296,0.461017,0.519191,0.406275,0.612989,0.502707,0.625617,0.15311,0.437817,0.542903,0.284288,0.563964,0.621089,0.560522,0.575537,0.486522,0.493979,0.510818,0.48942,0.500707,0.499452,0.498612,0.50922,0.504258,0.498835,0.486018,0.495742,0.479982,0.50432,0.512674,0.483509,0.525313,0.517898,0.487951,0.497146,0.519392,0.498327,0.507015,0.511028,0.50176,0.504776,0.506682,0.484612,0.492622,0.492355,0.497239,0.494619,0.502928,0.498561,0.50711,0.491382,0.499797,0.490378,0.532012,0.504686,0.496776,0.517297,0.495179,0.490739,0.495441,0.494294,0.358838,0.435555,0.614397,0.388037,0.507614,0.494099,0.485064,0.597964,0.545699,0.487463,0.353862,0.4543,0.296859,0.546369,0.633152,0.329544,0.748518,0.683712,0.373127,0.469322,0.697475,0.482002,0.574943,0.61653,0.518934,0.551222,0.571427,0.340129,0.421245,0.41844,0.470313,0.442336,0.531477,0.484513,0.575937,0.408281,0.497816,0.397882,0.799006,0.550265,0.465353,0.678084,0.44829,0.401616,0.451083,0.438888,0.406469,0.45783,0.575382,0.426253,0.504967,0.496151,0.490256,0.564376,0.529856,0.491821,0.40306,0.470143,0.362981,0.530295,0.588067,0.38621,0.670719,0.623121,0.416195,0.479975,0.632938,0.488257,0.549095,0.576818,0.512353,0.533478,0.546773,0.393585,0.448384,0.446527,0.480623,0.462292,0.520547,0.489896,0.549752,0.439784,0.498575,0.43285,0.710987,0.53285,0.47738,0.619146,0.466202,0.435344,0.468034,0.460024,9.36389,9.01824,7.06754,8.41875,7.74137,7.82552,8.20123,7.17324,8.18268,7.86685,9.48187,8.75287,9.10831,8.17849,7.26483,9.64525,6.81326,6.6054,8.59107,8.29939,7.18833,8.57987,8.14634,8.16742,7.67085,7.96784,7.84069,9.73695,8.961,9.06382,8.2932,9.2364,8.35665,8.71187,7.23786,9.19106,8.64253,9.25758,6.21958,8.30173,8.68374,7.47084,8.43098,8.72643,8.09946,8.84961,0,3,8,4,5,8,14,12,15,2,9,2,10,9,9,10,4,3,9,7,5,15,5,10,10,0,3,0,3,1,10,8,11,13,15,2,5,1,13,5,4,6,4,7,17,11,19,19,8,4,2,1,7,3,4,0,0,2,1,28,17,12,6,2,1,2,4,5,7,9,4,3,6,11,3,7,1,2,1,0,4,5,2,1,0,2,2,4,3,2,5,10,9,3,11,8,37,14,8,16,10,1,8,7,3,6,8,5,5,12,2,13,6,7,5,1,3,5,4,3,3,0,0,2,2,1,0,2,3,3,5,5,11,9,8,6,13,14,12,13,9,11,13,20,12,17,13,1,7,4,6,2,3,4,2,1,6,5,6,4,3,3,8,5,15,15,11,10,8,7,17,12,14,10,8,12,6,12,12,6,11,4,8,2,5,7,1,1,4,4
188.464,0.709185,0.0128217,9,511,0,-121.452,7.8377,0.644876,0.147938,-0.682702,0.141463,-0.673259,0.470788,-0.254292,0.250749,-0.362755,-0.28339,0.227081,0.0402691,0.724417,0.666594,1.31001,-0.0511669,-1.2433,0.256792,0.374584,0.267186,0.810635,-0.20542,-1.06957,0.251551,-0.524186,-0.692863,-0.115703,-0.0301082,-0.252312,1.73027,0.592556,0.327773,-0.132271,1.09525,-0.277832,-1.85145,-0.887768,0.220858,0.0891359,-0.493069,0.124048,-0.852089,0.31283,-1.32107,-0.125432,0.31023,0.148489,-1.02124,-0.171422,-0.0854725,-0.0301771,0.289407,-0.0570171,-0.138852,-0.018683,-0.067427,0.0973618,-0.0159383,-0.172835,-0.184687,-0.172967,0.121066,0.0609138,0.553228,0.277181,-0.293018,0.10743,0.360934,-1.25759,0.60145,0.116034,-0.645138,0.897451,0.524054,0.364073,0.521257,0.31139,-0.672719,-0.722053,0.358535,-0.997043,0.392457,-0.495134,0.494575,-0.362811,0.160973,-0.568926,-0.876463,0.591643,-0.589659,0.587635,0.974063,0.567721,-0.295653,0.030367,-0.262971,0.943399,0.717938,-1.49061,0.358546,-1.34156,0.161176,0.505283,-0.290348,-0.102011,-0.331956,0.465325,-0.624893,1.41399,-0.379664,0.456907,0.678407,1.49322,0.483543,-0.0446646,-0.156754,0.618691,0.0503046,0.142035,-0.0151461,-0.00577654,-0.0957605,0.152186,0.0160584,-0.183614,-0.0396617,0.124119,-0.178442,0.0128233,-0.138776,-0.287339,-0.0411834,0.296247,-0.478697,-0.483728,0.209034,0.0634364,20.7796,0.406684,0.519555,0.407945,0.564748,0.464887,0.534625,0.449996,0.460885,0.531366,0.505569,0.598872,0.591164,0.673649,0.492924,0.334517,0.535457,0.551623,0.536887,0.610274,0.47162,0.356241,0.534735,0.428005,0.405329,0.484003,0.495836,0.46516,0.722568,0.581228,0.54521,0.481714,0.64701,0.461649,0.264196,0.379626,0.530508,0.512326,0.432225,0.51715,0.384285,0.543159,0.325008,0.482659,0.542802,0.520525,0.362397,0.452833,0.509801,0.453481,0.532577,0.482386,0.517369,0.474884,0.480373,0.51573,0.50279,0.550031,0.546061,0.589793,0.496454,0.414688,0.517787,0.525934,0.518506,0.555938,0.485769,0.426422,0.517424,0.46374,0.452135,0.491983,0.497914,0.482523,0.617653,0.540969,0.522697,0.490835,0.575318,0.480757,0.374447,0.438791,0.5153,0.506176,0.465886,0.508595,0.441227,0.521664,0.409466,0.491309,0.521484,0.510288,0.429702,0.580982,0.483077,0.579881,0.443896,0.530395,0.470028,0.543304,0.533862,0.472851,0.495181,0.414164,0.420896,0.348169,0.506123,0.644549,0.469307,0.455292,0.468068,0.404187,0.524564,0.625275,0.469932,0.562404,0.582166,0.513843,0.503603,0.530159,0.30401,0.429558,0.460854,0.515824,0.371849,0.5332,0.708122,0.604672,0.473594,0.489334,0.558735,0.485159,0.600582,0.462632,0.653032,0.515006,0.462942,0.482237,0.619838,0.581818,0.482899,0.580706,0.443311,0.530713,0.469714,0.543756,0.534217,0.472566,0.49513,0.41328,0.420079,0.346675,0.506187,0.645981,0.468985,0.454824,0.467734,0.403205,0.524821,0.626535,0.469617,0.563053,0.583014,0.513988,0.503641,0.530475,0.302171,0.428828,0.460445,0.51599,0.370563,0.533548,0.710044,0.605739,0.473317,0.489222,0.559347,0.485003,0.60161,0.462241,0.654536,0.515164,0.462554,0.482051,0.621048,7.57511,9.10772,7.07329,8.17773,7.53177,8.08508,8.14489,7.4999,8.5713,7.85449,9.46752,9.05231,9.24133,8.26645,7.18378,8.95588,8.73284,8.10309,8.69751,8.31721,7.15302,8.59811,8.37865,8.14451,7.68359,8.07538,7.83194,9.71687,8.97136,9.03362,8.39735,9.30847,8.37016,6.93602,6.69077,9.1947,8.68326,8.4127,8.24429,8.02032,8.66522,7.50974,8.40484,8.88214,8.03336,7.20566,5,1,1,0,1,20,16,13,9,7,3,2,3,11,4,10,16,4,4,5,5,7,6,8,3,2,0,3,2,2,14,9,14,9,8,1,2,2,8,12,10,4,5,4,17,14,11,1,9,4,1,1,2,2,3,3,4,7,1,5,8,6,15,1,4,3,5,8,9,11,8,11,3,4,6,7,7,7,3,2,2,5,7,5,4,4,11,6,3,7,3,14,9,14,12,14,23,14,11,1,2,9,12,10,1,1,2,1,2,5,9,7,11,3,2,19,1,2,3,2,0,0,1,2,2,2,2,2,9,2,4,33,15,20,17,13,23,6,8,27,17,14,10,8,15,28,18,4,6,7,1,6,4,2,4,3,5,11,6,20,10,8,9,18,21,7,16,15,28,16,8,20,20,21,16,13,6,20,14,10,12,7,9,2,5,4,2,3,5,4
168.968,0.904591,0.0128217,9,511,0,-99.528,7.96886,0.714366,0.277544,-0.653901,0.108135,-0.890522,0.370184,-1.07911,0.73851,-0.283397,-0.804632,0.439113,0.0145158,0.9894,0.589625,0.478822,-0.0389604,-1.16373,0.252609,0.144219,0.409289,0.877817,-0.22021,-1.28098,0.00491974,-0.646437,-0.307806,-0.118978,0.0487936,-0.0970465,1.8758,0.549231,0.541361,-0.37519,1.51795,-0.181774,-1.37249,-1.33901,0.0459211,0.102784,-1.15962,-0.145067,-0.628644,0.24736,-1.26834,-0.0723891,0.623279,0.157048,-0.946886,-0.0944684,-0.0548997,-0.31718,0.317678,-0.0534875,-0.0289478,0.00592201,-0.335305,0.219241,-0.0948355,0.100003,-0.222657,-0.110427,0.221848,-0.0105105,0.138597,-0.110342,-0.22777,0.12659,0.354216,-0.745813,0.652069,0.171131,-0.580215,0.929364,0.180377,-0.244868,0.945706,-0.126345,-0.593385,-0.96637,0.59725,-0.99455,-0.0800716,-0.42272,0.120636,0.128568,0.148183,-0.161981,-1.13736,0.365299,-0.825049,0.221924,0.787145,0.783089,-0.0397056,0.0828749,-0.433346,0.832146,0.746616,-1.24698,0.345914,-1.10718,0.201288,0.0108968,-0.597616,0.0881086,-0.566226,0.113157,-0.26804,1.3186,-0.621705,0.0384211,0.537969,1.40289,0.104357,0.325079,-0.363504,0.767653,-0.363978,0.099497,-0.151275,-0.0363593,-0.25075,0.334273,0.229243,-0.0365586,0.133862,0.0959817,-0.204171,0.16766,-0.100575,-0.102538,0.266762,0.265166,-0.67263,-0.518448,0.28041,0.0426655,18.7235,0.477358,0.503747,0.469183,0.512824,0.462679,0.525566,0.490182,0.472149,0.51521,0.500503,0.534228,0.520419,0.516585,0.49865,0.459765,0.508752,0.504997,0.514178,0.530378,0.49237,0.455731,0.50017,0.477616,0.489336,0.495878,0.501691,0.496637,0.564631,0.519021,0.518749,0.487003,0.552403,0.493702,0.452587,0.453737,0.501591,0.503561,0.459906,0.494974,0.478232,0.50857,0.456166,0.497492,0.521583,0.505441,0.467238,0.51803,0.497017,0.524546,0.48979,0.529733,0.479639,0.507817,0.522182,0.487889,0.4996,0.472734,0.483741,0.486795,0.501075,0.532058,0.493032,0.496022,0.488711,0.475804,0.506074,0.535278,0.499864,0.517825,0.50849,0.503282,0.498654,0.502677,0.448439,0.484854,0.485071,0.510348,0.458224,0.505014,0.537789,0.53687,0.498733,0.497165,0.531945,0.504002,0.517335,0.493177,0.534931,0.501997,0.482813,0.495668,0.526097,0.608219,0.481824,0.645426,0.43807,0.673893,0.378306,0.547512,0.632096,0.426692,0.497559,0.339505,0.40213,0.420171,0.506551,0.686274,0.457624,0.475767,0.431606,0.356533,0.536962,0.703,0.499173,0.607022,0.551576,0.519996,0.491796,0.516313,0.220678,0.408679,0.409959,0.562758,0.264828,0.530529,0.715689,0.711085,0.492279,0.482723,0.685679,0.524375,0.604164,0.4585,0.701221,0.51217,0.3967,0.473616,0.654053,0.583951,0.485988,0.613415,0.452166,0.636329,0.405433,0.536666,0.602803,0.44333,0.498119,0.374502,0.424167,0.438256,0.50505,0.646418,0.467306,0.481316,0.447149,0.388148,0.528511,0.660186,0.499362,0.58301,0.539811,0.515416,0.493676,0.512576,0.274382,0.42929,0.43029,0.548476,0.312818,0.523543,0.670747,0.666902,0.494048,0.486681,0.645932,0.518794,0.580766,0.467983,0.658713,0.509381,0.419911,0.479656,0.620321,7.69913,9.02091,6.93501,8.08761,6.74494,8.57681,8.23826,7.02157,8.80071,7.84714,9.52394,8.95241,8.31509,8.31889,7.35104,8.78138,8.50351,8.24501,8.71721,8.30195,7.06715,8.36311,8.26042,8.16337,7.7126,7.96206,7.81507,9.85015,8.9117,9.0724,8.14575,9.43393,8.34359,7.5287,6.36503,8.95821,8.66538,7.74323,7.76667,8.27835,8.60746,7.63366,8.45093,9.15205,8.11082,7.40385,5,6,3,2,2,22,12,15,18,2,5,3,2,1,1,1,1,10,6,12,4,8,10,10,5,8,2,3,2,3,20,17,9,7,15,0,2,2,13,7,10,4,1,5,4,10,7,4,9,3,9,3,10,8,5,1,5,0,3,7,11,9,13,3,5,3,12,14,12,10,13,15,6,9,10,5,10,15,6,1,12,11,11,3,4,5,9,7,3,2,10,15,20,20,16,13,21,14,7,0,5,5,17,8,2,1,2,6,6,9,5,7,10,10,9,19,10,3,4,3,1,3,2,0,0,2,3,2,9,8,11,19,19,10,13,26,25,14,9,18,9,10,16,16,10,18,26,11,4,4,11,6,6,3,4,3,3,12,7,6,17,8,16,18,8,15,10,12,11,20,18,20,10,17,12,18,19,17,22,6,7,12,4,7,5,7,4,6,5,2
183.673,0.970479,0.0128217,8,511,0,-107.724,8.18749,0.766072,0.221059,0.553898,0.364679,-1.30034,-0.825781,-0.445238,-0.0168958,-0.233068,0.0397152,0.663304,-0.617297,0.655733,0.608234,-0.13444,-0.337442,-0.876476,0.435669,0.454085,1.13231,0.318948,-0.0637492,-1.47744,0.208426,-0.31883,-0.819085,-0.712018,-0.164986,-0.392266,1.39359,0.347378,0.180794,-0.261701,0.687276,-0.333671,-2.03301,-0.540198,0.499847,0.338649,0.1639,0.962989,-0.327824,0.0345991,-0.939072,0.00846828,0.432184,0.0846583,0.33227,-0.102939,-0.0599932,0.227257,0.0193032,0.245588,-0.00243148,-0.146264,0.132169,-0.192171,-0.12205,0.150943,0.196753,0.0682387,-0.105036,0.176767,0.387436,-0.00472045,-0.161985,0.0581158,0.366027,-0.185449,0.657926,0.110218,-0.709593,0.0482009,0.493732,0.62128,0.497961,-0.0204446,-1.22521,-0.288261,0.469082,-1.07854,0.794082,-0.589403,1.41666,0.225941,-0.623979,-0.983034,-1.36616,0.614194,-0.399645,0.308819,0.718377,-0.34268,-1.17165,-0.909753,-0.0947229,0.425016,1.22001,0.0566694,-0.273287,-0.222962,-0.0278498,0.320686,0.125051,-0.200761,-0.312399,0.366317,-0.39559,0.93425,-0.239456,0.363545,0.435107,1.10767,0.788103,-0.481222,-0.502218,-1.21807,0.169533,-0.0691881,-0.0101596,0.00486802,0.145107,-0.212027,-0.0949331,0.0314259,0.0337162,0.0311859,-0.0139153,0.0232605,-0.0331839,-0.0475722,-0.172366,0.165384,-0.632049,-0.510886,0.0737013,0.144133,19.0966,0.553445,0.535264,0.376648,0.420691,0.456981,0.498363,0.477441,0.503847,0.563896,0.440493,0.563174,0.558642,0.486981,0.467362,0.415912,0.542099,0.543869,0.607949,0.530854,0.493826,0.360681,0.520177,0.469158,0.421323,0.431469,0.484025,0.462078,0.631795,0.533596,0.517504,0.474674,0.566178,0.467726,0.312671,0.447867,0.548264,0.532754,0.51587,0.592207,0.46829,0.503351,0.410033,0.50082,0.541763,0.508199,0.532139,0.499346,0.49957,0.501535,0.500975,0.500525,0.50002,0.500275,0.499953,0.499217,0.500728,0.499226,0.499282,0.500159,0.500398,0.501034,0.499486,0.499464,0.498664,0.499624,0.500075,0.501744,0.499754,0.500376,0.500967,0.50084,0.500195,0.500463,0.498355,0.49959,0.499787,0.500309,0.499189,0.500394,0.502399,0.500637,0.49941,0.4996,0.499807,0.498864,0.500387,0.499959,0.501108,0.49999,0.49949,0.4999,0.499608,0.41336,0.44263,0.694635,0.6276,0.569893,0.50267,0.536761,0.493725,0.396698,0.596322,0.397844,0.405058,0.52123,0.553119,0.635058,0.431591,0.428737,0.328346,0.449772,0.510072,0.717848,0.467114,0.550209,0.62661,0.610647,0.526046,0.561667,0.293008,0.445329,0.471463,0.541258,0.393078,0.55253,0.783294,0.584538,0.421668,0.446693,0.474125,0.352366,0.551616,0.494533,0.644177,0.498662,0.432131,0.486626,0.447689,0.429724,0.453557,0.660232,0.603933,0.556623,0.502158,0.529733,0.494928,0.416083,0.578195,0.417023,0.422934,0.517164,0.542992,0.610111,0.444584,0.442262,0.359282,0.459353,0.508141,0.680224,0.473405,0.540632,0.603114,0.58995,0.52106,0.549934,0.329165,0.455748,0.476925,0.533375,0.413111,0.542514,0.738587,0.56856,0.436503,0.456855,0.479079,0.379428,0.541773,0.495581,0.617691,0.498918,0.445024,0.489189,0.457664,9.14701,8.99735,7.07686,7.17769,7.96309,8.40747,8.14972,8.46621,9.26047,7.78465,9.42715,9.20337,8.28552,8.22232,7.48247,9.19892,9.04349,9.59914,8.7559,8.32539,7.04099,8.78865,8.28823,8.12437,7.68643,8.01085,7.77506,9.8346,8.9328,8.93451,8.12002,9.28924,8.40076,6.51341,7.4738,9.13756,8.66289,8.78906,9.18074,8.2789,8.60831,7.64508,8.40032,8.8399,8.07931,8.91713,2,4,5,12,4,3,6,0,2,10,12,6,9,2,5,9,6,11,2,8,3,2,3,6,5,0,1,2,3,6,15,13,9,8,20,1,1,1,14,14,20,6,1,1,20,29,25,8,7,4,4,4,4,0,0,6,2,2,1,15,11,16,12,4,5,6,6,4,2,4,13,8,9,9,5,8,8,6,0,1,2,2,1,4,2,0,1,5,3,4,4,7,2,3,7,12,7,10,13,6,8,9,6,3,2,1,0,5,4,2,5,3,2,2,10,7,2,7,2,1,4,0,0,1,1,1,4,0,6,11,8,10,12,8,15,15,13,17,12,21,11,19,13,4,13,14,9,5,1,8,6,6,2,8,3,3,4,4,5,6,8,4,3,8,18,11,11,10,13,14,3,11,17,12,11,12,6,4,13,7,12,15,7,1,2,3,4,3,5,2
205.01,0.863601,0.0128217,8,255,0,-115.194,8.56217,0.504631,0.135301,-0.65937,0.465083,-1.05179,1.06269,-0.13347,0.377182,-0.456667,-0.468946,0.668684,-0.377176,0.937247,0.461851,0.0983015,-0.0854541,-0.369487,-0.745679,-0.0505047,-0.181154,0.519843,-0.353411,-1.07794,0.149246,-0.196625,-0.248698,-0.464373,-0.494802,-0.773854,0.986636,0.508479,0.462464,-0.527383,0.518889,-0.110648,0.338675,0.835243,-0.738547,-0.016555,0.254901,0.107652,-0.114706,0.26215,-0.849754,-0.242621,0.629152,-0.278803,0.424486,-0.0299414,0.0178773,-0.176137,0.257989,-0.175196,0.00866483,-0.00520539,-0.121938,0.0144096,-0.0912922,-0.0956244,-0.104623,-0.0921971,-0.105681,-0.0688179,0.716229,0.124489,-0.12274,-0.0514648,0.357434,0.645143,0.583334,0.113176,-0.828182,0.434856,-0.0273444,0.154042,0.304343,0.474026,-0.460657,-0.936167,0.788568,-0.312449,0.311863,-0.489235,0.591691,-0.215867,-0.0346459,0.353473,-0.931368,0.567597,-0.326997,0.387743,0.215467,0.308533,-0.505956,-0.204576,-0.332885,1.08885,1.01948,-0.179273,0.301739,-0.915389,0.417768,0.960213,-0.720279,-1.13917,-1.09338,0.290646,-0.226017,0.848152,-0.00824799,-0.283577,0.197842,1.03464,0.342665,0.707198,0.0851264,1.28408,0.142397,-0.0699311,-0.184889,-0.0186747,-0.0290253,-0.134648,0.140115,0.0285415,0.0929069,0.0770021,-0.160733,0.0323311,0.0717508,-0.216353,0.025016,0.042952,-0.179418,-0.600844,0.166304,0.103059,21.8445,0.384081,0.582515,0.320098,0.681599,0.476119,0.567129,0.418952,0.416812,0.617495,0.432872,0.661791,0.581952,0.517594,0.484704,0.434224,0.369567,0.490958,0.467609,0.592021,0.437055,0.316036,0.526698,0.464851,0.455586,0.417609,0.412318,0.364877,0.669662,0.590054,0.582059,0.406675,0.591856,0.480198,0.560347,0.64525,0.370757,0.497036,0.545516,0.519266,0.479473,0.546802,0.352374,0.456666,0.610786,0.450244,0.575427,0.47949,0.51447,0.467313,0.533025,0.495846,0.511737,0.485791,0.48541,0.520799,0.488264,0.529136,0.51437,0.503059,0.497341,0.488503,0.476809,0.498428,0.494362,0.516173,0.489003,0.466502,0.504645,0.493881,0.492261,0.485552,0.484606,0.475935,0.530668,0.51582,0.514389,0.483593,0.516143,0.496556,0.510539,0.525971,0.477031,0.499485,0.507932,0.50335,0.49643,0.508158,0.473578,0.49245,0.519571,0.491324,0.513208,0.529541,0.479151,0.547038,0.452478,0.505986,0.483088,0.520472,0.521022,0.470042,0.516912,0.458059,0.479296,0.495591,0.503833,0.516567,0.533397,0.502265,0.508125,0.4767,0.515847,0.5482,0.493306,0.508819,0.511153,0.520817,0.52218,0.534655,0.45586,0.477208,0.479268,0.523638,0.476742,0.504963,0.484814,0.462606,0.533079,0.500743,0.488569,0.495171,0.505145,0.488244,0.538042,0.510881,0.47181,0.512503,0.480969,0.597769,0.430591,0.652934,0.345584,0.520038,0.443584,0.568169,0.569978,0.400886,0.556415,0.362821,0.431067,0.485238,0.512833,0.555274,0.610172,0.507586,0.527184,0.422543,0.552888,0.656486,0.477597,0.529501,0.537288,0.569305,0.573782,0.614191,0.355989,0.424209,0.430976,0.578562,0.422682,0.516614,0.449302,0.377106,0.609152,0.502487,0.461786,0.483835,0.517223,0.460703,0.62494,0.53638,0.406604,0.541782,0.436581,7.58189,8.98809,6.97477,9.58425,8.00839,8.5862,8.22414,7.62913,9.08227,7.73276,9.50824,8.84918,8.27076,8.2301,8.3226,7.6095,8.26966,7.95442,8.74724,8.34076,7.11297,8.49579,8.23954,8.18521,7.6343,7.99866,7.68455,9.73676,8.90179,8.97451,8.14436,9.26761,8.32623,8.84531,9.32989,7.62813,8.68128,8.75059,8.68005,8.33225,8.62353,7.50333,8.46603,9.45156,8.03942,8.80699,6,6,3,0,2,12,4,19,14,6,3,6,5,6,9,7,6,8,7,9,8,7,10,8,6,2,1,6,0,1,13,12,14,13,6,2,3,4,5,7,6,4,3,4,8,9,8,5,8,7,3,4,6,1,7,2,0,6,4,4,10,9,10,6,0,5,9,7,11,2,4,10,5,7,9,3,5,11,1,2,6,1,5,5,5,5,5,9,2,4,6,28,25,21,18,20,17,18,21,3,3,6,9,9,0,0,1,11,7,4,9,4,5,4,14,23,2,1,2,1,1,2,4,2,1,4,1,1,3,5,8,12,10,11,15,17,12,10,13,12,13,23,15,8,12,9,7,8,3,3,7,2,3,5,11,6,1,7,5,4,5,3,7,14,11,19,15,15,11,5,7,15,8,15,9,12,12,12,14,11,12,11,9,14,4,8,2,4,11,5
207.452,0.930097,0.0128217,8,255,0,-132.891,8.56063,0.582669,0.0931746,-0.2575,0.626975,-0.997753,-0.65293,0.0201409,1.03134,-0.303011,-0.783846,-0.0634012,-0.342506,1.03354,0.774523,-0.454937,-0.133005,0.395025,-0.590499,-0.430112,-0.249459,0.585887,-0.182395,-1.15776,0.434066,-0.155087,-0.331162,-0.472036,-0.420478,-0.692997,0.932826,0.573682,0.781394,-0.202963,0.368827,0.0389007,-0.307437,0.231986,-0.323657,0.201771,-0.205587,-0.169492,-0.159624,0.306596,-0.747546,-0.0872638,0.436977,-0.335045,-0.504625,-0.0547768,-0.0220451,0.133312,0.154477,0.128443,-0.00108715,0.0217377,0.0896526,-0.0163343,-0.0540807,0.108711,0.00375258,0.0199077,0.0415991,-0.0330436,0.00646151,0.615822,-0.118993,-0.053756,0.351069,1.23038,0.629998,0.0811217,-1.43283,0.151353,0.0405914,0.494342,-0.125875,-0.170827,-1.03097,-1.08932,0.193716,-0.615928,0.36812,-0.854116,0.75149,-0.132576,-0.494995,0.202088,-0.704221,0.737667,-0.0704227,-0.0289833,0.0556666,0.146509,-1.25324,-0.483919,-0.429346,0.730603,1.13607,-0.0474224,-0.247491,-0.39498,0.0853704,1.00751,-0.458621,-1.18846,-0.949817,0.341307,-0.697593,0.544727,0.0240414,0.258996,0.240337,0.631175,0.949568,0.160375,-0.172588,-0.234192,-0.101492,0.0990759,0.0639252,-0.0409499,0.0237069,0.0542263,0.00977703,-0.0689928,-0.0490499,0.128832,0.107227,-0.0909833,-0.137329,0.0778862,-0.0413166,-0.0624497,-0.0758958,-0.757781,0.177638,0.19325,26.608,0.499584,0.501013,0.498388,0.498945,0.500033,0.501666,0.499511,0.498734,0.499898,0.499447,0.50167,0.501251,0.499265,0.499785,0.500638,0.499046,0.499305,0.499597,0.500946,0.499705,0.49813,0.500701,0.499749,0.499465,0.499237,0.499321,0.498881,0.501507,0.500927,0.501262,0.499672,0.500596,0.500063,0.499503,0.500375,0.499477,0.500326,0.499668,0.499726,0.499742,0.500495,0.498792,0.499859,0.500706,0.499459,0.499185,0.460439,0.595345,0.351048,0.400811,0.503101,0.65365,0.453485,0.381613,0.49024,0.447464,0.653956,0.617032,0.430415,0.479535,0.560518,0.410078,0.434166,0.46167,0.589235,0.471949,0.328942,0.566432,0.476142,0.449192,0.427835,0.435624,0.3949,0.63979,0.587414,0.618031,0.468793,0.55654,0.505989,0.452809,0.535655,0.450336,0.531024,0.468391,0.473929,0.475445,0.547062,0.386902,0.486568,0.566872,0.4486,0.42293,0.504886,0.488106,0.518922,0.512386,0.499618,0.480441,0.505749,0.514868,0.501203,0.506498,0.4804,0.485308,0.508631,0.502524,0.492505,0.511202,0.50816,0.504733,0.488885,0.503461,0.521953,0.491765,0.502943,0.506283,0.508955,0.507977,0.513146,0.482308,0.489117,0.485178,0.503851,0.493002,0.499262,0.505833,0.495598,0.506141,0.496172,0.503901,0.503216,0.503029,0.494183,0.51418,0.501656,0.49171,0.506357,0.509574,0.548628,0.383408,0.680502,0.621231,0.496184,0.31399,0.557153,0.644279,0.512009,0.564524,0.313632,0.357342,0.585342,0.525176,0.425718,0.610037,0.580769,0.547119,0.390794,0.534499,0.706269,0.418502,0.529347,0.56241,0.588484,0.57899,0.628349,0.330289,0.392999,0.356147,0.538375,0.430579,0.492631,0.55798,0.456164,0.56101,0.46185,0.538869,0.532065,0.530203,0.442177,0.63795,0.516526,0.417965,0.563134,0.594451,8.03689,9.04704,7.06509,7.52532,8.17664,9.28056,8.18994,7.29783,8.24935,7.77972,9.49442,9.16536,7.65679,8.17315,8.9539,7.72018,7.8481,7.88152,8.79543,8.32193,7.05564,8.79374,8.19156,8.28828,7.6381,8.02349,7.72589,9.73897,8.94628,9.22014,8.29942,9.27767,8.40865,8.02484,8.49329,8.00709,8.77263,8.13628,8.29807,8.18659,8.65434,7.54414,8.42607,8.99977,8.02824,7.76667,3,0,0,1,3,4,8,4,5,4,6,6,14,8,14,11,16,4,9,6,7,5,5,3,6,2,2,2,0,0,6,9,11,6,13,3,3,4,9,7,5,6,6,2,13,13,7,4,5,8,4,2,9,9,4,1,0,2,2,17,18,16,6,3,2,2,1,10,5,8,5,3,12,7,1,6,6,13,1,1,1,6,4,4,3,1,2,5,2,4,3,22,19,21,20,19,40,21,24,12,5,5,6,6,1,4,1,8,8,2,4,5,16,10,20,7,4,4,4,2,7,4,1,6,2,2,0,3,14,8,10,4,7,6,10,8,11,1,10,8,8,6,10,7,8,6,11,3,4,2,5,5,2,3,8,6,5,1,14,8,12,7,6,8,5,14,1,15,3,8,14,9,7,16,8,13,10,13,9,9,9,14,23,8,9,2,7,5,6,3
204.818,0.853194,0.0128217,8,255,0,-139.739,9.19306,0.510408,0.0775422,0.740486,0.412149,-0.903106,0.149003,0.064684,-0.0706884,-0.102764,0.113387,0.102816,-0.144027,0.636895,0.642915,-0.188609,-0.167,-0.121271,-0.435385,0.295691,-0.162805,0.495695,-0.0455201,-1.26524,0.00327789,-0.310855,-0.62086,-0.291422,-0.453979,-0.832884,1.12645,0.520637,0.287112,-0.120094,0.42548,-0.427745,-0.266185,-0.356796,0.0662318,0.00778528,0.240017,-0.598608,-0.199096,0.201445,-0.939925,0.0964894,0.580882,0.00609427,-0.460354,0.0680554,0.0578799,0.0110833,-0.123674,-0.0753695,0.028521,-0.0807617,-0.0137617,-0.00182424,-0.024988,-0.0784141,0.0211803,0.00077056,-0.147171,0.204079,0.349302,-0.509966,-0.267706,-0.0367383,0.370554,1.37834,0.728071,0.112428,-0.390884,0.622162,-0.204502,0.11695,0.381185,0.0295528,-1.17129,-1.46597,0.832534,-1.33795,1.15266,-0.398454,0.674952,-0.0214984,-0.622571,-0.440324,-1.62198,0.533477,-1.16591,0.504614,0.107711,-0.139323,-0.87807,-0.480753,-0.609606,1.03139,0.942921,0.257406,-0.0531983,-0.433281,-0.0508338,0.871101,0.201826,-1.83042,-0.923719,0.377512,0.0234124,0.796477,0.0174096,-0.303077,0.0261715,0.554764,-0.127851,0.167778,-0.237502,-0.156117,0.110772,-0.170021,-0.0301239,0.100886,0.0950174,-0.0596848,0.249004,0.0707149,0.130378,0.0249216,-0.0350181,-0.0135646,-0.173828,-0.131243,-0.239632,-0.0737968,-0.844045,-0.221164,0.306205,0.153402,20.7197,0.564305,0.535929,0.421783,0.513009,0.505648,0.493827,0.491027,0.5099,0.508978,0.487425,0.555389,0.555908,0.483536,0.485421,0.489411,0.462053,0.525798,0.485787,0.543179,0.496025,0.391276,0.500286,0.472881,0.445995,0.474573,0.460439,0.427777,0.597118,0.54534,0.525051,0.489514,0.537087,0.462716,0.476772,0.468883,0.505783,0.50068,0.520947,0.447916,0.482621,0.517584,0.41865,0.508425,0.550553,0.500532,0.459886,0.4067,0.447647,0.613146,0.481012,0.491754,0.509011,0.513099,0.485548,0.486895,0.518354,0.419508,0.41876,0.524028,0.521278,0.515456,0.555281,0.462373,0.520744,0.437137,0.505803,0.655935,0.499582,0.539549,0.5785,0.537086,0.557621,0.604618,0.36021,0.43401,0.463461,0.515306,0.445967,0.554319,0.533884,0.545363,0.491557,0.499007,0.469438,0.57573,0.525361,0.47434,0.61759,0.487701,0.426479,0.499223,0.558423,0.348644,0.413898,0.681845,0.4686,0.486354,0.514912,0.521671,0.476092,0.478318,0.530354,0.368753,0.367571,0.539715,0.535181,0.525567,0.590851,0.437928,0.5343,0.396902,0.509604,0.744201,0.499308,0.56522,0.628091,0.561185,0.59464,0.668851,0.278729,0.391874,0.439711,0.525319,0.411172,0.589291,0.555933,0.574724,0.486028,0.498357,0.449526,0.623693,0.541913,0.457595,0.688548,0.479651,0.379825,0.498714,0.595936,0.459149,0.477228,0.549768,0.491762,0.496424,0.503908,0.505682,0.493731,0.494315,0.507963,0.464843,0.464512,0.510427,0.509233,0.506705,0.524054,0.483657,0.509001,0.47262,0.502517,0.569504,0.499819,0.517181,0.534274,0.516107,0.52508,0.545921,0.438038,0.471245,0.484131,0.50664,0.476492,0.523633,0.514713,0.519717,0.496338,0.49957,0.486732,0.533049,0.511006,0.488864,0.551783,0.494665,0.467926,0.499663,0.525431,9.21563,8.99852,7.05665,8.31094,8.11564,7.96734,8.17746,8.16899,8.51774,7.887,9.48604,9.10897,7.83816,8.22216,8.15719,8.31192,8.72899,7.86643,8.58761,8.24017,7.02236,8.40869,8.20662,8.1921,7.72556,8.08267,7.66839,9.81773,8.97523,9.10325,8.15848,9.29875,8.32028,8.25554,7.75692,8.61968,8.78142,8.81004,7.92443,8.32902,8.62577,7.51881,8.39575,8.92607,8.07741,7.90094,9,5,7,9,7,7,11,12,7,4,4,5,4,1,3,7,12,7,8,10,14,9,5,4,6,4,5,1,2,0,24,24,15,19,9,4,0,3,14,21,7,4,5,2,7,8,11,9,12,4,2,4,2,1,2,1,1,0,0,11,12,8,9,4,2,1,10,13,8,11,14,10,9,8,4,10,8,9,3,4,3,4,9,4,6,4,5,5,2,5,2,21,34,27,21,19,30,12,24,10,9,5,14,6,1,4,4,4,4,7,8,6,13,8,4,12,2,8,8,0,0,1,3,3,1,3,5,2,12,11,8,17,11,21,11,21,20,10,15,19,16,15,13,11,14,12,12,11,1,11,8,16,9,6,10,7,8,6,8,9,5,9,7,13,9,12,7,13,11,19,8,14,4,11,6,12,11,13,13,3,11,9,7,2,3,5,3,2,8,8
218.195,0.9435,0.0128217,8,255,0,-137.904,9.9943,0.444284,0.0500737,-0.627589,0.296125,-0.450229,0.0783568,-0.198834,0.0368311,-0.0904874,-0.247601,-0.299116,0.123125,0.612317,0.626383,0.17787,0.0919713,0.0747295,0.234897,-0.387895,0.673334,0.692907,0.0113437,-0.934051,0.119176,-0.362738,-0.709953,-0.0446371,-0.521832,-0.626239,0.663286,0.429252,0.182419,-0.0397965,0.041769,-0.23763,0.172286,0.153794,-0.229417,-0.193667,-0.50775,0.43473,-0.333875,0.305628,-0.761315,-0.00687395,0.0998602,0.0286307,0.293767,-0.0601236,-0.0519299,-0.0335484,0.0451788,0.0389273,0.0124438,-0.0881603,0.0328385,0.00484318,0.0365947,-0.0498032,-0.00201459,-0.0223982,0.0390078,0.0196844,0.407742,-1.18304,-0.475473,-0.0667674,0.34968,1.03779,0.667236,0.120428,-1.44512,0.651823,-0.207839,0.276203,0.250028,-0.118863,-1.09177,-0.63787,0.533107,-0.808407,0.345396,-0.585268,0.839711,-0.0443114,-0.746376,-0.454576,-0.791516,0.829345,-0.10476,0.2441,0.194531,0.197711,-1.15806,-0.967712,-0.56321,0.475812,1.12199,-0.00824175,0.358092,-0.922162,-0.153126,0.515256,-0.845169,-0.168653,-0.436357,0.289107,-0.420535,0.775867,-0.274804,0.442454,0.740365,0.668439,0.820014,0.162137,-0.42094,-0.258771,-0.152722,-0.0383104,-0.0526879,-0.0110581,0.218823,-0.151506,-0.0250688,0.0233932,0.232485,0.0712279,0.0684031,0.13297,-0.02085,-0.0464204,0.0923456,-0.00299608,0.194965,-0.331379,0.0143258,0.11778,17.2247,0.436373,0.530149,0.454234,0.507987,0.479743,0.503754,0.490777,0.474782,0.469547,0.512548,0.562095,0.563506,0.518123,0.509374,0.507617,0.523926,0.460542,0.568209,0.570166,0.501156,0.405921,0.512146,0.463091,0.428132,0.49545,0.447007,0.436509,0.567203,0.543645,0.518586,0.495943,0.504258,0.475796,0.517555,0.515672,0.476631,0.480269,0.448426,0.544199,0.466019,0.531114,0.423012,0.499299,0.510178,0.502918,0.52991,0.677534,0.413303,0.630098,0.476842,0.558537,0.489109,0.526737,0.572711,0.587555,0.463649,0.326426,0.322778,0.447587,0.472825,0.477912,0.430971,0.612752,0.310757,0.30582,0.496645,0.751199,0.464811,0.605667,0.698445,0.513199,0.649615,0.677185,0.313309,0.375704,0.446256,0.511768,0.487649,0.569822,0.44922,0.454639,0.567439,0.55703,0.645814,0.374185,0.597483,0.41058,0.711086,0.502033,0.4705,0.491533,0.41398,0.469449,0.51443,0.478069,0.503819,0.49031,0.501795,0.49559,0.487934,0.485425,0.506001,0.52981,0.530493,0.508669,0.504483,0.503642,0.511447,0.481102,0.532772,0.533722,0.500553,0.454598,0.505809,0.482327,0.465451,0.497824,0.474587,0.469514,0.532284,0.52091,0.50889,0.49806,0.502036,0.48842,0.508397,0.507496,0.48882,0.490562,0.475272,0.521177,0.483732,0.514892,0.46296,0.499665,0.504867,0.501395,0.514315,0.551806,0.475487,0.53723,0.493509,0.516466,0.496949,0.507496,0.520501,0.52476,0.489801,0.449446,0.448293,0.485269,0.492381,0.493809,0.48055,0.532091,0.444448,0.442847,0.49906,0.576769,0.490128,0.530015,0.558546,0.503698,0.543124,0.551695,0.44527,0.464499,0.484892,0.503297,0.49654,0.519676,0.485731,0.487262,0.518997,0.516039,0.541965,0.464047,0.527632,0.474702,0.562738,0.500569,0.491728,0.497628,0.475682,7.45204,9.0555,7.03782,7.84065,7.38428,7.71187,8.27657,7.31672,7.90049,7.83187,9.52179,9.17754,7.90789,8.44354,8.50641,9.00512,7.77823,8.58565,8.61186,8.41823,7.04601,8.48136,8.14172,8.14176,7.59852,8.01635,7.87505,9.66979,8.9097,8.93238,8.34707,9.33888,8.3487,8.88403,7.94549,8.32579,8.73575,7.94323,9.33839,8.18146,8.7397,7.60209,8.39288,8.54135,8.09131,8.72333,0,3,1,0,0,5,7,4,2,8,2,10,5,7,7,2,5,11,9,7,9,11,5,9,10,0,4,1,4,4,13,8,10,13,9,3,4,7,5,14,8,2,3,3,13,17,12,5,2,6,2,4,8,3,3,3,2,0,0,19,15,15,20,10,9,2,7,8,7,8,9,11,6,9,17,7,9,6,0,1,1,2,1,2,0,4,1,9,3,8,1,4,11,9,6,10,8,23,24,5,8,8,7,9,2,3,3,4,4,7,4,6,4,3,7,6,3,4,3,11,4,6,6,4,4,1,7,3,9,3,10,9,19,8,11,8,21,10,16,11,9,7,7,10,8,7,12,4,5,7,1,2,7,6,6,7,13,3,6,19,17,12,6,5,8,4,9,8,10,7,5,8,10,5,4,16,10,9,10,10,18,9,13,9,4,3,1,4,7,6
214.284,0.88796,0.0128217,8,255,0,-152.983,10.0093,0.449487,0.033838,-0.436527,0.293896,-0.604265,-0.0357145,0.472399,0.026416,-0.161179,-0.891885,-0.584244,0.0770331,0.652964,0.78613,0.258023,-0.028746,-0.129398,0.256187,-0.00998269,0.386665,0.694893,-0.0775831,-0.833697,0.350808,-0.227185,-0.711053,0.0391436,-0.353974,-0.732768,0.556313,0.561836,0.414199,-0.151053,0.133447,-0.174838,-0.0296594,0.535632,-0.0477792,-0.195101,-0.675205,0.756895,-0.24653,0.183193,-1.00983,0.109574,-0.569216,-0.000706204,0.12339,0.0324555,-0.00771193,-0.0487862,0.00049388,-0.0193848,-0.0144327,-0.00070012,0.0258241,-0.0203281,0.00463874,0.0410109,-0.0119754,0.014179,0.0273071,-0.0322193,0.0337089,-1.03828,-0.43248,-0.0643606,0.354527,1.62249,0.676364,0.0855816,-1.44527,0.771652,-0.20749,0.274377,0.205779,-0.0191482,-1.14936,-0.599609,0.361856,-0.659483,0.572032,-0.714571,0.775993,-0.0164837,-0.835544,-0.0586947,-0.931461,0.742878,-0.148442,0.437717,0.257507,0.505544,-1.17028,-0.920255,-0.679085,0.722447,1.23761,-0.286713,0.256323,-0.867548,-0.369413,0.390319,-1.02259,-0.525016,-0.41637,0.415477,-0.504326,0.83239,-0.453763,0.248122,0.351692,0.862509,0.627017,0.207557,-0.212296,-0.463989,-0.0166636,0.145982,-0.12881,-0.0750791,0.241468,0.0708427,0.0640986,0.105451,-0.0702739,0.0735832,0.055394,0.103583,-0.00777096,0.109054,0.100132,-0.110995,0.0707422,-0.42662,0.104705,0.13742,19.7289,0.496321,0.502477,0.494908,0.499699,0.503981,0.500223,0.498642,0.492484,0.495077,0.500649,0.505502,0.506625,0.502174,0.499758,0.49891,0.502159,0.499916,0.503258,0.505856,0.499346,0.492975,0.502956,0.498085,0.494008,0.50033,0.497017,0.493825,0.504688,0.504735,0.50349,0.498727,0.501125,0.498527,0.49975,0.504514,0.499597,0.498356,0.49431,0.506378,0.497922,0.501544,0.491491,0.500923,0.495203,0.499994,0.50104,0.611409,0.4243,0.651899,0.509269,0.37978,0.493144,0.54174,0.716268,0.647167,0.480015,0.336717,0.306566,0.433423,0.507461,0.533537,0.433891,0.502591,0.40096,0.327064,0.520127,0.703831,0.409934,0.558699,0.676618,0.489841,0.590861,0.681531,0.359483,0.358164,0.394113,0.539129,0.465416,0.545258,0.507698,0.364442,0.5124,0.55047,0.668421,0.313056,0.563645,0.452591,0.740484,0.471589,0.643596,0.500183,0.468015,0.49228,0.505198,0.489315,0.499368,0.508354,0.500467,0.497149,0.484232,0.489669,0.501362,0.511546,0.5139,0.504563,0.499492,0.497712,0.504531,0.499823,0.506838,0.512287,0.498628,0.48526,0.506204,0.495982,0.487427,0.500692,0.49374,0.487044,0.509837,0.509935,0.507325,0.497329,0.50236,0.496908,0.499475,0.509472,0.499155,0.49655,0.488061,0.513383,0.49564,0.50324,0.482148,0.501938,0.489934,0.499988,0.502182,0.546424,0.468696,0.564093,0.503809,0.449786,0.497183,0.517184,0.593993,0.561992,0.491785,0.430805,0.416932,0.472508,0.503066,0.513797,0.472704,0.501065,0.458853,0.426424,0.508274,0.587992,0.462654,0.524212,0.575261,0.495825,0.537682,0.577523,0.440943,0.440363,0.455938,0.516105,0.485771,0.518639,0.503163,0.443119,0.505096,0.520796,0.57152,0.419968,0.526269,0.480471,0.606068,0.488316,0.560413,0.500075,0.486843,7.78988,9.05321,6.94167,7.78059,8.30117,7.73736,8.1477,6.58713,7.605,7.80162,9.41252,9.3294,8.03104,8.30571,8.18801,8.91474,8.32953,8.19342,8.57846,8.25376,7.29664,8.78663,8.39243,8.12409,7.75352,8.22822,7.75518,9.51804,9.05147,9.1141,8.16054,9.32175,8.36796,8.64297,8.50248,8.61996,8.6725,7.83037,9.62785,8.36795,8.57467,7.42083,8.49137,7.63379,8.07166,8.49884,3,0,2,1,1,11,8,7,7,3,8,3,11,11,15,5,15,9,6,12,7,0,6,3,3,2,0,1,1,8,12,9,7,9,8,0,4,5,7,6,7,3,5,4,21,14,7,6,7,5,2,4,7,6,2,2,0,3,1,11,18,18,13,2,12,3,4,4,6,2,5,9,3,9,6,4,9,11,1,0,0,3,5,2,1,2,2,4,1,1,2,15,6,15,14,7,13,10,13,3,4,8,4,6,1,2,3,3,2,3,0,5,2,4,8,4,2,1,2,5,7,1,3,1,4,3,2,1,6,2,6,14,8,13,9,8,9,2,11,11,11,11,9,12,16,8,7,2,4,2,2,6,4,3,2,4,18,9,13,12,14,10,3,10,5,7,5,12,5,14,13,14,5,13,10,11,9,12,8,3,9,5,6,10,11,5,3,4,6,2
209.065,0.798015,0.0128217,8,255,0,-145.975,9.7563,0.465944,0.0740909,0.337224,0.210356,-0.596609,-0.142165,0.48005,-0.466003,-0.218781,0.167642,-0.54635,0.0225731,0.511995,0.549047,0.368756,-0.101555,-0.495811,-0.734824,0.841032,0.0893142,0.753974,-0.142016,-0.958152,0.13873,-0.310343,-0.725058,0.00630073,-0.52159,-0.666699,0.621656,0.462418,0.261672,-0.128203,0.237861,-0.325033,-0.245524,0.238076,-0.483159,-0.202794,0.216026,0.389651,-0.217483,0.168192,-0.991204,0.0461514,-0.307472,-0.0594421,-0.0835938,0.0965002,0.00372392,-0.09551,0.0124906,-0.0564388,0.0059545,-0.0369804,0.0558675,0.00571308,-0.0294075,0.146792,-0.087652,0.0130915,0.0491554,0.0874313,0.295692,-0.874576,-0.415914,-0.0496669,0.351377,1.06087,0.602281,0.232119,-0.997993,0.323971,-0.134514,0.350585,0.311534,0.21788,-1.32023,-0.599175,0.466737,-0.757665,0.66528,-0.826902,0.672043,0.286495,-0.813757,-0.149669,-1.14482,0.736835,-0.477267,-0.0999358,-0.0594363,0.487859,-1.50996,-0.794333,-0.489751,0.914226,1.03706,0.209209,0.0124488,-0.606361,-0.276854,0.657791,-1.00017,-0.334556,-0.756472,0.00883119,-0.680095,0.661167,-0.53588,0.176606,0.461679,0.721069,0.180363,-0.304353,-0.0467835,0.125408,-0.0976757,-0.214395,0.154024,0.222821,-0.194354,-0.0901489,-0.0947562,-0.0819883,0.202187,0.0154434,-0.067213,-0.277255,-0.222942,-0.227191,-0.143733,-0.0180079,-0.0708716,-0.0855973,0.109955,0.153706,21.5766,0.524908,0.515545,0.456011,0.489492,0.535427,0.465606,0.483833,0.51239,0.4597,0.501669,0.537776,0.540498,0.527233,0.492493,0.463414,0.445892,0.561853,0.506602,0.555506,0.489503,0.429641,0.510254,0.477075,0.446606,0.500466,0.461519,0.450875,0.545826,0.53413,0.519334,0.490524,0.517576,0.475991,0.481858,0.517592,0.464344,0.485013,0.515964,0.528772,0.483929,0.512431,0.427247,0.503412,0.477286,0.495606,0.493821,0.426798,0.454136,0.627564,0.531044,0.396555,0.600501,0.54769,0.463412,0.617234,0.495065,0.389889,0.382209,0.420065,0.52219,0.606739,0.655354,0.323979,0.480482,0.340873,0.531011,0.698039,0.469705,0.567441,0.653423,0.498622,0.612105,0.641776,0.367331,0.400251,0.443035,0.528001,0.44818,0.570592,0.553477,0.448133,0.604096,0.544224,0.452907,0.41562,0.547408,0.463292,0.704097,0.489911,0.566825,0.512994,0.518269,0.494025,0.496273,0.510569,0.502519,0.491495,0.508256,0.503876,0.49703,0.509679,0.4996,0.49093,0.490273,0.493467,0.501799,0.508784,0.513017,0.485103,0.498418,0.486644,0.502516,0.51697,0.497542,0.505498,0.512844,0.499888,0.50924,0.51181,0.488987,0.491808,0.495364,0.502271,0.495786,0.505759,0.50435,0.495782,0.50856,0.503593,0.496173,0.493097,0.503853,0.49702,0.517555,0.499182,0.505448,0.501053,0.501481,0.492784,0.495499,0.512764,0.503042,0.489729,0.509971,0.504682,0.496413,0.511689,0.499517,0.489045,0.488253,0.49211,0.502173,0.510608,0.51572,0.48201,0.498089,0.483871,0.503039,0.520492,0.497031,0.506641,0.515511,0.499865,0.51116,0.514263,0.4867,0.490106,0.494401,0.502743,0.49491,0.506955,0.505254,0.494906,0.510338,0.50434,0.495377,0.491663,0.504654,0.496401,0.521198,0.499012,0.506579,0.501272,0.501789,8.83906,8.99436,7.01281,7.73979,8.31499,7.16992,8.16647,7.9373,7.76965,7.76137,9.40046,9.09449,8.18071,8.30727,7.83176,7.89431,9.44372,7.84233,8.64355,8.2595,7.27829,8.59871,8.3632,8.15286,7.74163,8.03881,7.86461,9.6806,8.9902,9.09821,8.27624,9.38791,8.38713,8.44164,8.20085,8.15456,8.7319,9.00123,9.14178,8.4756,8.63442,7.54809,8.48772,8.05911,8.07759,8.32905,2,3,0,3,3,9,9,11,7,5,4,9,9,6,9,15,12,11,7,6,5,20,6,8,8,2,1,2,2,5,13,13,12,16,9,3,4,3,10,15,7,3,6,5,7,7,10,17,9,8,4,4,3,7,4,5,3,5,2,21,14,13,13,2,12,3,5,7,11,8,3,6,6,3,4,10,7,16,2,0,0,6,1,2,1,3,8,4,7,7,2,14,27,25,19,21,18,28,26,7,8,7,7,4,4,3,5,8,6,3,2,8,11,9,18,16,0,1,0,8,7,5,3,1,3,5,1,3,14,5,10,10,8,5,14,16,7,14,10,4,14,7,10,10,12,9,12,0,2,3,7,6,2,2,1,5,7,16,7,3,13,5,8,19,10,20,19,10,16,12,23,24,15,20,10,13,10,8,19,11,7,17,11,12,3,5,5,6,3,4
211.943,0.992695,0.0128217,8,255,0,-140.037,8.65751,0.455863,0.044889,-0.0354217,0.120083,-0.764162,-0.384242,-0.05155,0.827769,-0.134048,0.298365,-0.0643452,-0.0405813,0.69573,0.447984,-0.585559,-0.256591,0.218173,0.879039,-0.388448,-0.273416,0.644056,-0.0308676,-0.990317,0.152558,-0.350088,-0.743928,-0.170838,-0.477958,-0.616903,0.793563,0.494916,0.474447,-0.110116,0.31765,-0.163467,0.216722,-0.242783,0.415396,-0.177959,-0.0451324,-0.124145,-0.337276,0.320756,-1.06041,0.0549479,0.341726,-0.0172696,0.242327,-0.0692898,-0.028247,-0.0319017,-0.0293314,-0.0359088,0.0127301,0.0589281,-0.00898578,0.028344,-0.0338093,0.0376185,0.00112051,-0.0128572,0.0359462,-0.0372764,0.482321,0.695302,-0.374435,-0.0328879,0.352045,0.810043,0.629193,0.239008,-0.331993,0.45686,-0.0745208,0.195053,0.238826,0.157191,-0.531607,-1.01586,1.00604,-0.384525,0.447201,-0.041163,0.884831,-0.227772,-0.513651,-0.809095,-1.03694,0.62528,-0.439165,0.383467,0.542488,-0.0353895,-0.727284,-0.792409,-0.546769,0.449517,0.611751,-0.0708477,0.539656,-1.15253,0.472173,0.703841,-0.673622,-1.20058,-0.898529,0.58598,-0.535006,0.610033,0.0320157,-0.140379,0.229214,0.878801,0.801112,0.620131,-0.572297,-0.385483,-0.0719283,0.119808,-0.0872164,-0.325744,0.0737951,0.195639,0.186297,0.142821,-0.255964,0.234343,-0.17064,0.146788,-0.170422,0.166216,0.230408,0.0820249,0.0435525,-0.189311,0.0340538,0.0445809,16.1581,0.495729,0.514476,0.408886,0.4538,0.493784,0.598508,0.483842,0.535915,0.492242,0.495107,0.583113,0.553809,0.429859,0.4691,0.526283,0.604435,0.453297,0.467079,0.577042,0.496278,0.382807,0.518387,0.457886,0.411247,0.479412,0.442622,0.426158,0.594537,0.559395,0.556961,0.486725,0.538228,0.480299,0.526109,0.470759,0.549922,0.478555,0.494558,0.485035,0.459421,0.5386,0.374852,0.506625,0.541112,0.497918,0.529187,0.493843,0.520861,0.370208,0.433603,0.49104,0.640043,0.476716,0.551678,0.488817,0.492946,0.618631,0.577247,0.399598,0.455516,0.537851,0.648214,0.432885,0.452616,0.610119,0.494635,0.334351,0.526494,0.439445,0.373494,0.470339,0.417675,0.394381,0.634545,0.58519,0.581731,0.480868,0.554992,0.471616,0.537601,0.457898,0.571709,0.469106,0.492155,0.478434,0.44164,0.555526,0.323594,0.50955,0.559123,0.496998,0.542023,0.499614,0.501307,0.49168,0.495816,0.499439,0.509012,0.49854,0.503249,0.499299,0.499558,0.507575,0.504878,0.493625,0.497206,0.502375,0.50957,0.495771,0.497023,0.507012,0.499664,0.489219,0.501661,0.496188,0.491901,0.49814,0.494796,0.493283,0.50864,0.505389,0.505166,0.498801,0.503459,0.49822,0.50236,0.497357,0.504523,0.498062,0.499509,0.498648,0.496328,0.503492,0.488456,0.500598,0.503721,0.499812,0.502638,0.501676,0.494317,0.536103,0.518177,0.50244,0.460904,0.506344,0.485883,0.503045,0.501921,0.46712,0.478811,0.527685,0.512142,0.489676,0.458493,0.518376,0.512937,0.469556,0.501461,0.546733,0.49278,0.516563,0.53515,0.508085,0.522605,0.529163,0.462513,0.476594,0.477561,0.505211,0.484971,0.507736,0.489744,0.511488,0.48035,0.508422,0.502136,0.505875,0.515957,0.484824,0.550019,0.497399,0.483833,0.500817,0.488533,8.32841,8.92518,6.94279,7.41164,7.78036,8.8138,8.17711,8.19276,8.29431,7.7933,9.40637,8.89782,7.15194,8.06775,8.59231,9.62053,7.91254,7.5189,8.59892,8.29875,7.20816,8.55002,8.3711,8.1071,7.63975,7.9928,7.82972,9.61995,8.95297,9.14682,8.20532,9.316,8.39536,9.03907,7.57817,9.27294,8.66795,8.7304,8.40932,8.38618,8.74816,7.54018,8.39993,8.73781,8.06999,8.6558,3,7,2,5,2,15,10,15,12,4,4,10,13,6,13,4,13,7,10,13,2,10,11,12,13,0,1,4,6,4,17,17,15,11,11,6,6,4,14,10,15,5,7,8,16,7,7,4,11,4,2,1,1,7,4,3,2,0,6,6,14,11,24,6,3,2,3,7,4,7,5,6,7,7,10,7,8,10,4,2,1,3,3,4,0,3,4,2,3,3,6,7,16,10,7,8,12,13,11,7,7,1,14,8,2,3,4,2,3,14,1,10,16,5,10,13,3,5,7,7,1,3,2,6,3,3,0,5,11,12,6,15,12,17,13,11,15,8,14,8,10,16,10,14,11,9,1,7,2,6,8,5,2,6,7,6,2,6,3,11,9,9,7,11,5,3,9,15,14,10,6,7,7,7,8,2,8,10,12,8,4,2,11,10,14,11,2,0,1,4
199.481,0.989441,0.0128217,8,255,0,-143.124,9.59428,0.555577,0.026736,0.134889,0.427542,-0.982617,0.65064,0.097924,-1.26774,-0.26195,-0.288253,0.0929114,-0.0950926,0.846197,0.576376,0.700416,-0.383887,-0.0796608,-1.10169,0.465494,0.394716,0.71443,-0.158483,-1.085,0.131371,-0.443946,-0.748318,-0.274333,-0.455198,-0.90843,0.70298,0.460962,0.379537,-0.293356,0.138726,-0.184558,-0.260484,0.114664,-0.268648,-0.298482,-0.141961,0.101287,0.0883196,0.243686,-0.919411,-0.0175015,-0.436091,-0.334202,-0.342873,0.0146663,-0.0308951,0.0334821,-0.0535876,0.00132745,0.043325,-0.00118847,-0.00864139,0.0196136,-0.023012,0.0408897,-0.0531362,0.0766136,0.0201081,0.00357763,0.0350566,-0.158867,-0.289487,-0.0950986,0.367539,0.997321,0.686784,0.147468,-0.748739,0.85463,0.627327,0.423353,1.13041,0.404327,-1.32486,-0.161883,0.966671,-0.991598,1.10197,-0.357191,1.21481,0.699597,-0.561349,0.298812,-1.00434,1.30567,0.0539439,0.0923167,0.371757,0.652325,-0.663748,-0.263527,0.200661,0.612788,0.889975,-0.922415,0.214904,0.0634761,-0.269503,-0.157595,0.142278,-0.226033,-1.06125,0.77733,-0.555433,1.39723,-0.651359,0.620401,1.03001,1.24554,0.253404,-0.143119,0.120665,0.412332,0.0686513,-0.0653448,-0.10923,0.204371,0.106471,-0.0162822,0.184317,-0.131295,0.153933,-0.0340349,0.0284909,-0.0849069,-0.125088,-0.0445485,-0.167863,0.0630197,-0.588253,-0.463667,0.161418,0.0235177,20.7027,0.501182,0.503747,0.491389,0.505702,0.500858,0.488891,0.497704,0.497474,0.500814,0.499167,0.507416,0.505051,0.506138,0.496636,0.499302,0.490346,0.50408,0.503459,0.506261,0.498611,0.490492,0.501151,0.496109,0.493442,0.497596,0.496011,0.492039,0.506161,0.50404,0.503326,0.497429,0.501216,0.498383,0.497717,0.501005,0.497646,0.497384,0.498756,0.500888,0.500774,0.502136,0.491943,0.499847,0.496178,0.497071,0.496995,0.494643,0.483026,0.538947,0.474182,0.496111,0.550181,0.510402,0.511446,0.49631,0.503777,0.466442,0.477124,0.47221,0.515242,0.503164,0.543644,0.48152,0.484328,0.471656,0.506294,0.542986,0.494783,0.517625,0.529686,0.510894,0.518071,0.536017,0.472109,0.4817,0.484931,0.511649,0.49449,0.50733,0.510344,0.495446,0.510668,0.511853,0.505638,0.495977,0.496492,0.490323,0.536451,0.500695,0.517313,0.51327,0.513614,0.480173,0.437454,0.640613,0.405466,0.485603,0.678252,0.538447,0.54229,0.48634,0.513981,0.378063,0.416039,0.398427,0.556217,0.511713,0.656576,0.431967,0.442211,0.396453,0.52329,0.654359,0.48069,0.56492,0.608307,0.540257,0.566546,0.630506,0.398066,0.432622,0.444415,0.543035,0.47961,0.527115,0.538233,0.483144,0.539426,0.543783,0.520865,0.485109,0.487014,0.464224,0.632009,0.502574,0.563784,0.548991,0.550254,0.484369,0.450602,0.611972,0.425147,0.488651,0.642862,0.530327,0.533364,0.489232,0.511021,0.403151,0.433583,0.419516,0.544382,0.509233,0.624998,0.44625,0.454373,0.417935,0.518363,0.623183,0.484777,0.55128,0.585883,0.531757,0.55257,0.603772,0.419227,0.446769,0.456118,0.533953,0.483925,0.52138,0.530158,0.486712,0.531101,0.534544,0.51645,0.488261,0.489764,0.471783,0.60499,0.502029,0.550379,0.538662,0.539661,8.59696,8.96876,6.962,8.81992,8.04968,6.675,8.17228,7.66094,8.5547,7.85538,9.46466,9.04136,8.65615,8.07475,8.35578,7.50392,8.92975,8.34843,8.67026,8.27643,7.36901,8.59342,8.09151,8.18157,7.67496,8.34168,7.88546,9.70564,8.92519,8.99492,8.14067,9.39994,8.4271,8.27619,8.2804,8.26797,8.659,8.39549,8.90185,8.6273,8.70647,7.61291,8.41835,7.99699,8.06988,8.11604,1,2,3,0,0,5,18,9,4,4,10,3,2,6,4,6,4,13,11,7,10,6,2,10,5,2,0,5,2,3,29,7,3,15,9,1,0,0,8,15,11,0,2,1,8,9,13,11,10,7,3,2,6,1,7,3,1,2,2,15,14,13,11,5,7,2,14,4,7,2,6,9,1,4,5,6,9,9,3,6,2,2,4,6,3,2,5,10,2,4,3,7,12,13,5,5,9,6,14,1,1,9,6,5,5,2,6,7,4,3,4,5,4,4,5,3,7,1,3,1,2,6,0,2,1,4,2,1,6,15,13,18,22,29,15,27,17,23,25,23,12,21,14,27,25,21,22,3,1,0,3,4,3,1,2,3,12,12,4,22,7,14,11,13,12,18,19,10,17,22,14,14,11,22,14,21,17,10,8,6,13,5,11,3,1,4,4,11,6,4
206.226,0.998116,0.0128217,8,255,0,-126.604,8.99478,0.610387,0.0549684,0.42806,0.156515,-0.835026,-1.13657,-0.174163,-0.172693,-0.134921,-0.169303,0.217687,0.00144333,0.760904,0.597704,-0.0443069,-0.19584,-0.326005,0.0305783,-0.956995,-0.29686,0.704865,-0.18019,-1.26188,0.287151,-0.574315,-0.852523,-0.219224,-0.403425,-0.876141,0.75609,0.592305,0.297367,-0.199028,-0.00227668,-0.352579,0.31785,-0.249539,0.759649,-0.373905,0.53972,0.332393,-0.608923,0.212106,-1.24341,-0.044655,0.183596,-0.0212961,-0.442204,-0.0113073,-0.00431029,-0.0153047,0.0178008,0.0583764,-0.0749738,0.080294,-0.0241621,0.014616,-0.051148,-0.0834861,0.000525242,-0.00430906,-0.0480604,-0.0553418,0.69577,0.224085,-0.399311,-0.046381,0.351717,0.945179,0.688229,0.172979,-0.691213,0.573938,0.0289534,0.750786,0.199673,0.868231,-0.900671,-0.573446,0.617679,-0.380745,0.431495,-0.637264,0.720742,-0.152355,-0.633198,-0.408894,-0.98414,0.991449,-0.484327,-0.0625829,0.65165,0.31027,-0.645782,-0.376584,-0.329485,0.342134,0.473087,-0.0314148,0.352243,-1.18621,0.00297896,-0.0971665,-0.683856,-1.0797,-0.278422,0.518311,-0.697723,0.835077,-0.292571,0.253799,0.173756,1.09819,0.245379,0.220238,-0.768916,0.442186,-0.0455542,-0.151558,-0.0304596,-0.0699791,-0.00639119,-0.028545,0.138427,0.162845,-0.131937,0.0846925,-0.0442868,0.19421,-0.055815,0.130896,0.164764,0.0796212,0.290686,0.297674,-0.0650226,-0.0308806,17.4348,0.573912,0.527198,0.358706,0.311999,0.469743,0.469997,0.476549,0.470585,0.537793,0.500251,0.629346,0.602493,0.492294,0.465988,0.443536,0.505319,0.339427,0.448546,0.620206,0.468698,0.293597,0.549782,0.401411,0.35591,0.461941,0.430284,0.352152,0.628565,0.601593,0.551541,0.465436,0.499604,0.438977,0.555063,0.456703,0.629143,0.435326,0.592792,0.557561,0.395639,0.536828,0.296269,0.492233,0.531892,0.496296,0.423683,0.523962,0.508767,0.453357,0.43667,0.490244,0.490327,0.492442,0.490517,0.512193,0.500081,0.542524,0.533434,0.497518,0.489031,0.481745,0.501713,0.446592,0.483376,0.539406,0.489907,0.429775,0.516081,0.46787,0.452385,0.487721,0.477415,0.451074,0.542256,0.533133,0.516653,0.488852,0.499872,0.480258,0.517799,0.486024,0.542454,0.479066,0.530199,0.518612,0.46594,0.51188,0.43079,0.497498,0.510284,0.498807,0.475247,0.531068,0.511372,0.439614,0.418147,0.487346,0.487453,0.490196,0.487699,0.515814,0.500105,0.555072,0.543327,0.49678,0.485772,0.476326,0.502222,0.430899,0.47844,0.551045,0.486908,0.409312,0.520856,0.45836,0.438361,0.484074,0.470716,0.436671,0.554726,0.542938,0.521597,0.48554,0.499835,0.4744,0.523082,0.481874,0.554982,0.472854,0.539142,0.524137,0.455864,0.515409,0.410611,0.496755,0.513339,0.498452,0.467909,0.531812,0.511645,0.438177,0.416216,0.487042,0.487151,0.489961,0.487403,0.516194,0.500107,0.556384,0.544363,0.496703,0.48543,0.475758,0.502276,0.42926,0.477923,0.552263,0.486594,0.407182,0.521356,0.457364,0.436895,0.483691,0.470014,0.435166,0.556031,0.543965,0.522115,0.485193,0.499831,0.473786,0.523636,0.481438,0.556292,0.472203,0.540079,0.524716,0.454809,0.515779,0.40851,0.496677,0.51366,0.498415,0.467139,8.93664,9.06043,6.94016,6.6781,7.68655,7.68821,8.32054,7.69205,8.6985,7.88558,9.52566,9.12829,7.83372,8.22982,8.10409,8.6999,7.3711,7.54756,8.68128,8.26925,7.03056,8.77718,8.23291,8.15465,7.63549,8.21337,7.68039,9.5714,9.1222,9.00219,8.2479,9.21325,8.26577,9.24317,7.67687,9.74204,8.57606,9.49407,9.04697,8.19386,8.69218,7.48236,8.42286,8.68157,8.07494,7.95094,3,1,2,0,2,9,10,12,13,2,4,3,7,10,4,5,6,17,9,3,3,11,7,11,5,0,3,0,3,2,7,8,6,10,7,2,5,3,6,17,13,2,0,3,11,15,13,4,3,4,2,1,3,6,5,1,3,2,0,11,14,13,11,5,4,5,3,4,3,3,6,5,8,8,5,5,3,5,2,2,2,0,3,2,2,3,2,0,0,4,5,3,9,9,4,9,12,4,7,6,4,8,3,9,4,1,3,7,10,1,2,7,2,1,10,7,1,5,6,0,1,0,2,1,5,1,1,4,8,10,10,11,11,29,13,12,9,16,22,18,11,12,21,17,16,22,9,0,5,2,3,6,5,5,7,6,8,8,6,4,12,4,5,13,16,8,11,8,11,12,25,13,7,13,11,16,13,12,12,1,4,3,2,7,6,7,1,1,1,1
202.501,0.994708,0.0128217,8,255,0,-139.986,8.99083,0.436137,0.064746,0.108771,0.310706,-0.731944,0.547946,-0.171808,0.071853,-0.02723,0.202708,0.278448,-0.050339,0.706587,0.637865,0.394778,-0.125477,-0.118158,-0.489151,-0.0673633,0.545098,0.643015,-0.0329198,-1.04922,0.0266729,-0.320801,-0.618574,-0.207673,-0.263137,-0.678112,0.908265,0.480328,0.373257,-0.0919546,0.15383,-0.101032,-0.0505327,-0.883998,-0.610932,-0.0212373,-0.060537,-0.54108,0.0133611,0.28421,-0.932293,0.101514,-0.132753,0.000696101,-0.0338555,0.0330464,0.00611042,-0.0583468,0.0304057,0.0833008,0.0890126,-0.0514892,0.0636404,-0.0195673,0.0417541,0.0345151,0.0338291,-0.0441689,-0.0571893,0.0137319,0.666035,-0.441003,-0.319988,-0.0283058,0.367577,0.045817,0.580847,0.108636,-0.848334,0.392415,0.3757,0.093692,0.886978,-0.00329241,-1.16069,-0.407751,0.505581,-1.23159,0.34906,-0.677335,1.20675,0.022604,-0.296519,-0.638398,-1.31988,0.74404,0.126004,0.141747,-0.0373902,-0.107447,-0.82608,-0.999743,-0.391936,0.619864,0.706842,-1.1442,-0.367881,-0.36109,-0.363427,0.123238,-0.117942,-0.633795,-0.993399,0.326415,-0.896607,0.769212,-0.736442,-0.148395,0.580014,0.968645,0.398843,-0.213156,-0.181814,-0.601134,-0.0673832,0.0985832,-0.0578678,-0.0443028,-0.13383,0.0591356,-0.0711736,0.0444698,-0.0272098,0.280218,-0.176424,-0.159273,-0.269825,-0.00627014,0.0226233,0.230283,-0.562838,-0.399413,-0.0385072,0.0653316,16.9289,0.518103,0.551551,0.380483,0.590238,0.471424,0.511962,0.495466,0.533701,0.546232,0.491619,0.615528,0.604641,0.565358,0.479119,0.480336,0.419265,0.488785,0.589779,0.605461,0.494519,0.332074,0.504441,0.446786,0.398435,0.465476,0.456297,0.388969,0.646785,0.579304,0.561832,0.484694,0.525592,0.483184,0.491587,0.356916,0.399655,0.496464,0.489921,0.410868,0.502225,0.547183,0.349568,0.516897,0.47791,0.500116,0.494363,0.48801,0.465798,0.580004,0.439881,0.518933,0.492079,0.503002,0.477666,0.469339,0.50555,0.422723,0.430135,0.456585,0.51383,0.513024,0.553721,0.507426,0.44019,0.429578,0.503629,0.613657,0.497059,0.53531,0.567778,0.52288,0.528979,0.57421,0.401181,0.447241,0.458941,0.510137,0.483047,0.511137,0.505571,0.596246,0.566951,0.502341,0.506674,0.559373,0.498527,0.468707,0.601362,0.48881,0.514632,0.499923,0.503733,0.4847,0.456392,0.601559,0.423504,0.524156,0.489891,0.503831,0.471508,0.4609,0.507083,0.401867,0.411198,0.444678,0.517649,0.51662,0.568397,0.509478,0.423896,0.410496,0.504632,0.64349,0.496247,0.545018,0.586171,0.529188,0.536958,0.594275,0.374911,0.432822,0.447672,0.512936,0.478368,0.514212,0.50711,0.621883,0.585127,0.502988,0.508517,0.575552,0.49812,0.460094,0.628253,0.48572,0.518671,0.499902,0.504764,0.489141,0.469015,0.572571,0.445503,0.517149,0.492826,0.502719,0.47977,0.472225,0.505026,0.42991,0.436649,0.460662,0.512527,0.511796,0.548689,0.506726,0.445784,0.436144,0.503287,0.603261,0.497337,0.531989,0.561454,0.520725,0.526251,0.567301,0.410289,0.452184,0.462798,0.509181,0.484644,0.510087,0.505046,0.587364,0.560703,0.502121,0.506045,0.553819,0.498666,0.471651,0.592031,0.489865,0.513253,0.49993,0.503381,8.44615,8.96449,7.08727,8.58628,7.7349,8.01741,8.34752,8.1691,8.64279,7.87573,9.40273,9.0584,8.39155,8.17455,8.24209,8.0185,8.24193,8.56537,8.67841,8.34092,7.10884,8.35096,8.23255,8.12879,7.69334,8.27817,7.7984,9.6772,8.87645,9.01767,8.27247,9.13514,8.46798,8.54577,6.92998,7.89708,8.71911,8.53417,7.95656,8.61986,8.64947,7.52718,8.4968,8.22517,8.02771,8.28078,1,0,0,3,0,7,7,12,11,6,6,2,9,6,13,19,9,11,15,12,9,5,8,7,9,2,2,3,2,5,6,8,7,4,11,1,2,1,12,8,6,3,1,8,13,11,36,5,10,1,4,0,3,5,2,2,2,1,1,16,13,18,9,4,2,3,2,2,8,2,6,0,3,2,3,1,8,3,2,2,2,4,2,2,5,0,1,2,2,1,4,10,10,14,12,6,19,16,5,1,1,2,4,5,4,1,5,4,3,2,2,3,5,4,7,10,5,8,1,1,5,2,2,0,1,3,4,4,5,8,8,6,10,11,8,10,6,8,9,12,11,11,15,11,10,5,9,3,2,3,3,2,6,3,1,3,3,1,2,19,14,12,11,3,2,12,7,10,9,7,8,5,10,14,7,14,3,5,3,11,4,10,7,7,4,9,4,2,6,6
206.249,0.992485,0.0128217,8,255,0,-128.331,8.85599,0.509667,0.0445992,-0.329742,0.323293,-0.881717,-0.00597592,0.0845681,0.579942,-0.200367,-0.0905696,-0.11532,-0.107907,0.938717,0.298022,-0.13641,-0.180854,-0.201338,0.243408,-0.471642,0.586777,0.603365,-0.0135168,-1.13799,0.0732511,-0.321748,-0.683777,-0.249596,-0.601924,-0.623881,0.862383,0.386119,0.422461,-0.0971351,0.442778,-0.30715,-0.595011,-1.30366,0.178623,-0.0995106,0.036207,-0.903541,-0.487262,0.167697,-0.984631,0.0772601,0.629361,-0.0656681,0.264963,0.00914921,-0.0156603,0.0270865,-0.0975011,-0.0167253,0.0300319,0.0116851,0.00418662,0.0254719,-0.0334981,0.0906145,-0.00523081,0.0573048,-0.0193809,0.0395376,0.624502,-0.39314,-0.2571,-0.0180939,0.378039,0.129902,0.616699,0.234034,-0.680605,0.177685,0.367597,0.357589,0.123201,-0.0347625,-0.632396,-0.789331,0.605937,-1.11554,0.532292,-1.07367,0.992005,-0.534748,-0.70051,-0.216525,-1.37954,0.557723,-0.520596,-0.00310486,0.30688,-0.0830195,-0.964679,-1.14706,-0.230739,0.174026,1.01883,0.00936204,-0.344405,-0.769897,-0.138315,-0.120323,-0.63453,-0.693394,-0.0912574,0.359484,-0.886316,0.643931,-0.288261,-0.213906,0.0503459,0.908738,-0.0552934,-0.281077,0.11062,0.137745,0.0271818,-0.0717573,0.200409,0.147534,-0.400018,-0.502871,0.200273,-0.0404951,-0.296662,0.0822853,-0.360494,0.0650311,0.174684,-0.0378887,-0.211845,0.152534,-0.55275,-0.314646,0.103575,0.0889986,19.8152,0.4487,0.550304,0.365717,0.499067,0.5132,0.589567,0.468758,0.485864,0.482003,0.483159,0.6425,0.546395,0.478716,0.471794,0.468607,0.537929,0.426892,0.590599,0.593102,0.49789,0.329449,0.511434,0.449935,0.394838,0.46111,0.407115,0.40381,0.631477,0.559993,0.565577,0.484839,0.568692,0.452193,0.408158,0.307009,0.527859,0.484469,0.505653,0.362562,0.424507,0.526158,0.350941,0.51206,0.597014,0.489749,0.541273,0.532363,0.468268,0.585802,0.500587,0.491689,0.443246,0.519683,0.508901,0.511332,0.510604,0.408771,0.470742,0.513404,0.517768,0.519778,0.476095,0.546223,0.442583,0.440975,0.501328,0.610018,0.492801,0.531581,0.566803,0.524512,0.558885,0.561013,0.416043,0.462123,0.458574,0.509546,0.456591,0.530152,0.558215,0.625397,0.482451,0.509779,0.496441,0.587882,0.547745,0.483524,0.595584,0.492407,0.438457,0.506454,0.473982,0.54544,0.455443,0.619486,0.500826,0.488316,0.420539,0.52766,0.512513,0.51593,0.514907,0.373115,0.45891,0.518841,0.524971,0.527794,0.466415,0.564808,0.419618,0.417387,0.501868,0.652268,0.489879,0.544345,0.59338,0.534436,0.582419,0.585368,0.383036,0.446845,0.441885,0.51342,0.439117,0.542343,0.58149,0.672739,0.475337,0.513748,0.494997,0.622326,0.566929,0.476843,0.632801,0.489325,0.413897,0.509074,0.463451,0.525915,0.474591,0.568916,0.50047,0.493348,0.454507,0.515756,0.507124,0.50907,0.508487,0.426691,0.476574,0.510729,0.514222,0.515832,0.480862,0.537032,0.453974,0.45268,0.501063,0.588572,0.494238,0.525288,0.55358,0.519624,0.547207,0.548919,0.432577,0.469665,0.466817,0.50764,0.465227,0.524142,0.546668,0.601134,0.485953,0.507827,0.497152,0.570599,0.538254,0.486812,0.576839,0.493923,0.450655,0.505165,0.47917,8.09265,9.03033,7.02992,8.03837,8.1253,8.68741,8.0643,7.92633,8.33614,7.90663,9.67693,8.80565,7.87425,8.2617,8.0632,8.88985,7.93168,8.69516,8.71394,8.27656,7.1794,8.55038,8.29772,8.09238,7.74571,7.81708,7.79222,9.6374,8.90563,9.09306,8.18156,9.27739,8.2645,7.9879,6.57167,8.86607,8.62994,8.70429,7.47623,8.10997,8.65766,7.54785,8.3797,9.00606,8.07374,8.76812,4,4,5,4,3,14,7,9,6,8,4,8,8,6,15,4,4,4,11,7,5,8,10,3,8,3,4,0,0,1,14,16,13,7,15,2,3,5,14,7,11,4,3,3,13,24,18,4,3,6,1,1,1,4,8,2,1,1,5,7,8,10,6,4,5,6,5,4,4,6,4,7,3,8,5,8,7,10,4,4,0,5,1,3,3,4,0,3,3,3,8,9,6,7,9,5,10,18,26,6,5,7,8,3,2,6,1,4,4,8,2,3,3,4,5,2,7,5,7,2,3,0,4,3,2,1,8,1,10,5,1,18,10,12,10,6,18,10,9,22,15,15,15,10,4,14,12,3,2,2,3,2,1,0,2,4,4,5,4,4,14,11,7,13,10,10,11,9,7,11,11,8,13,12,18,12,15,15,14,5,5,9,5,2,1,5,7,10,9,13
201.959,0.952713,0.0128217,8,255,0,-139.418,8.84213,0.503894,0.062478,-0.63551,0.0179827,-1.0797,-0.161407,0.252989,-0.149689,-0.203203,-0.0861556,0.169863,-0.157528,0.766938,0.499276,-0.0215951,-0.23859,-0.773433,0.025382,-0.23911,-0.0638528,0.642557,-0.0729232,-1.33206,0.175381,-0.648026,-0.889739,-0.20986,-0.557162,-0.491536,1.23578,0.355381,0.263628,-0.286946,0.663704,-0.475591,0.709251,0.213138,-0.44349,-0.201237,0.439332,0.149869,-0.323449,0.0344491,-1.33416,0.0512434,-0.154559,0.14591,0.662494,0.123139,0.0207899,-0.0588699,-0.0550891,-0.124124,-0.0127284,-0.0783679,0.0277888,0.0646586,-0.00714483,-0.0137835,-0.0296927,0.0227832,-0.022628,-0.0419978,0.419265,-0.167679,-0.39557,0.0398623,0.358426,-0.233871,0.523596,0.177052,-0.887652,0.457496,-0.33664,0.92249,0.384921,0.241482,-1.24698,-0.729344,0.308888,-0.594575,0.359577,0.00861496,0.740137,-0.0118918,-0.360219,-0.650357,-1.08046,0.695745,-0.462899,-0.0678061,0.0390659,0.089005,-0.488015,-0.575516,-0.138071,0.52059,0.209005,-0.528848,-0.165472,-0.81528,-0.0947087,0.400836,-0.482735,-1.03637,-0.713924,0.247798,0.0249294,0.554877,-0.254834,0.163821,0.164151,1.01191,0.652439,0.245504,-0.54637,-0.0564438,0.167262,-0.0308128,-0.174632,0.079752,0.266743,-0.31985,-0.192175,-0.105376,-0.308016,0.135895,0.0810404,0.320727,-0.0972199,-0.100232,-0.0781217,0.160453,-0.0525975,-0.343281,0.0357695,0.120168,14.3683,0.43378,0.501885,0.388724,0.483088,0.526493,0.484315,0.478714,0.49097,0.517797,0.483494,0.579702,0.552142,0.497737,0.475013,0.419635,0.50266,0.474958,0.493308,0.566946,0.492357,0.363898,0.518374,0.432491,0.407808,0.478017,0.441865,0.448661,0.626708,0.537181,0.527604,0.46996,0.569121,0.450315,0.573798,0.522325,0.453649,0.47892,0.545919,0.515704,0.466149,0.503611,0.363694,0.505371,0.483805,0.515289,0.568997,0.526615,0.499246,0.545138,0.506766,0.489396,0.506275,0.508517,0.503612,0.49288,0.506603,0.467894,0.479083,0.500905,0.51,0.532377,0.498936,0.510022,0.502677,0.47309,0.503057,0.555609,0.492649,0.527138,0.537229,0.508796,0.523339,0.520593,0.448381,0.485107,0.488951,0.512026,0.472206,0.519926,0.470303,0.491066,0.518582,0.508435,0.481592,0.493718,0.513556,0.498556,0.555696,0.497852,0.506479,0.493884,0.472257,0.508356,0.499764,0.514194,0.502122,0.496673,0.501968,0.502672,0.501133,0.497766,0.502071,0.489917,0.493435,0.500284,0.503137,0.510169,0.499666,0.503144,0.50084,0.491552,0.500959,0.517509,0.497694,0.50852,0.511697,0.502759,0.507326,0.506463,0.483756,0.495327,0.496534,0.503773,0.491274,0.506253,0.490675,0.497197,0.505831,0.502646,0.494223,0.498029,0.504253,0.499547,0.517536,0.499326,0.502032,0.498081,0.491289,0.554324,0.498457,0.591614,0.513848,0.478302,0.512844,0.517432,0.507393,0.485426,0.513516,0.434559,0.457257,0.501853,0.520464,0.565989,0.497822,0.520509,0.50548,0.445078,0.506258,0.612366,0.484953,0.555385,0.575769,0.518002,0.54767,0.542084,0.395507,0.469539,0.477391,0.524606,0.443286,0.540725,0.439431,0.481717,0.537987,0.517263,0.462368,0.487141,0.52773,0.497044,0.612538,0.495602,0.513261,0.487481,0.443388,7.92534,8.98861,6.79073,7.69933,8.19053,7.76733,8.15426,7.8341,8.7716,7.7591,9.54998,9.11772,7.90196,8.34233,7.55526,8.77092,8.34179,7.85754,8.59979,8.29118,7.19463,8.7774,8.28883,8.21178,7.7041,7.89734,7.96628,9.7433,8.96654,9.0213,8.06626,9.32751,8.24448,9.71488,8.09296,8.50367,8.70762,9.43138,8.6403,8.62979,8.62928,7.56906,8.42167,8.20538,8.08004,9.28915,2,2,1,3,4,2,6,7,10,5,6,5,23,13,14,14,12,13,12,13,5,13,8,11,10,1,3,0,3,3,5,11,7,6,5,1,3,3,13,7,14,4,4,5,17,20,16,6,7,11,4,2,4,3,5,0,4,2,1,11,12,20,19,3,5,8,7,7,3,3,6,5,4,6,3,5,9,7,2,3,2,4,5,4,4,4,3,4,5,6,5,22,10,10,9,8,8,11,8,6,5,8,6,4,3,3,2,4,3,4,2,0,9,4,6,4,3,3,2,1,4,4,3,2,2,2,3,5,7,5,6,10,8,11,10,11,7,15,7,10,2,11,16,2,13,7,9,6,3,4,7,16,9,4,0,1,6,2,12,3,3,6,2,10,11,15,15,7,8,11,6,13,8,9,14,7,8,9,11,18,18,4,15,10,2,6,6,3,4,2
201.664,0.933202,0.0128217,8,255,0,-132.131,8.72116,0.431612,0.127568,0.465503,0.335129,-0.538725,0.153731,0.00107361,0.2965,0.0769474,-0.236981,0.38588,0.257331,0.786667,0.494141,0.102101,0.0317805,0.581981,-0.616021,0.103474,0.534031,0.7996,0.0822341,-1.0733,0.331275,-0.271976,-0.620879,0.187397,-0.321253,-0.616117,0.932601,0.542902,0.422323,-0.0578196,0.344522,-0.116161,-0.630621,-0.0808225,0.621382,-0.269438,-0.0137823,-0.524634,-0.185785,0.314644,-0.837207,0.216854,0.179397,0.117168,-0.49608,-0.114513,-0.0342995,-0.0755749,0.000290875,-0.150932,0.0310336,-0.0431377,0.0793559,0.206455,0.0248094,0.0191605,0.0883717,0.0654087,0.13458,0.0669629,0.939329,0.28213,-0.482241,-0.048434,0.361875,2.45828,0.579181,0.205235,-0.520611,0.0954208,0.618061,0.482713,0.19278,0.529884,-0.199622,-0.583489,0.849543,-1.05917,0.655169,-1.07034,0.74323,0.0156474,-0.628324,-0.547512,-0.913327,0.682654,-0.221961,0.590584,0.274851,0.174301,-1.37403,-0.472547,-0.54075,0.422842,1.20041,0.640043,0.237289,-0.557832,0.474511,0.317381,-0.312438,-0.835322,-0.56668,0.127601,-1.06245,0.610426,-0.452864,-0.250596,0.499376,0.538247,0.466414,0.047699,-0.0651861,0.263259,-0.225116,-0.0415096,0.109798,-0.192941,-0.0997109,0.268018,0.365226,0.0723611,0.183532,0.00544053,0.000450695,0.0465185,-0.284283,-0.158708,-0.0677356,-0.0826038,-0.709837,-0.0765611,-0.00566845,0.0424521,21.3606,0.607606,0.578056,0.376122,0.536038,0.500252,0.569181,0.518062,0.444578,0.589638,0.560137,0.676764,0.614001,0.523958,0.507463,0.633363,0.359244,0.52428,0.622843,0.679416,0.519302,0.267336,0.577172,0.436476,0.358194,0.543894,0.425127,0.359223,0.705997,0.624798,0.597895,0.486425,0.580206,0.472749,0.356093,0.481029,0.641914,0.437063,0.496764,0.379233,0.456482,0.573355,0.312939,0.550749,0.542029,0.527487,0.385568,0.532786,0.52362,0.462075,0.510841,0.500076,0.520901,0.505427,0.483291,0.52719,0.518142,0.555259,0.534797,0.507201,0.502242,0.540957,0.456659,0.507298,0.537595,0.55616,0.5058,0.424871,0.523349,0.480826,0.456319,0.513215,0.477357,0.456653,0.565402,0.538218,0.529752,0.495922,0.524281,0.491808,0.455638,0.4943,0.543716,0.481005,0.499028,0.463064,0.486899,0.522178,0.441223,0.515291,0.512651,0.508263,0.465067,0.418136,0.440807,0.594454,0.472746,0.499809,0.447577,0.486348,0.541956,0.431947,0.454461,0.363917,0.413198,0.481889,0.49436,0.398166,0.60761,0.481646,0.40635,0.361794,0.485411,0.681759,0.441482,0.548115,0.608431,0.466794,0.556764,0.607626,0.340292,0.404832,0.425611,0.510259,0.439164,0.520602,0.610078,0.514339,0.391484,0.547669,0.502446,0.59204,0.532922,0.444394,0.644347,0.461593,0.468207,0.479219,0.587136,0.491091,0.493586,0.51031,0.497058,0.499979,0.494325,0.498527,0.504536,0.492615,0.495075,0.484948,0.490543,0.498046,0.499392,0.488863,0.511789,0.498019,0.48978,0.4847,0.498426,0.520532,0.49366,0.505206,0.511882,0.496413,0.506149,0.51179,0.482157,0.48961,0.491917,0.501107,0.493406,0.502223,0.512068,0.501547,0.488109,0.505157,0.500264,0.51004,0.503556,0.493978,0.516019,0.495849,0.496566,0.497757,0.509494,8.81938,8.98061,6.90482,7.71943,7.57193,7.93798,8.26038,7.27685,8.7213,7.88954,9.52874,8.85459,7.69724,8.28297,8.88375,7.79998,8.37189,8.23063,8.55458,8.26694,6.9305,8.6539,8.22844,8.15095,7.80296,8.09518,7.73257,9.71716,8.91446,9.08311,8.09322,9.25582,8.41637,7.78718,7.42854,9.33252,8.66829,8.5484,7.84466,8.33514,8.63335,7.53599,8.43378,8.38738,8.0571,7.63012,3,3,1,5,2,6,12,11,5,7,9,8,12,4,7,9,11,5,9,6,5,14,10,7,7,1,4,3,6,3,6,13,17,23,10,7,3,0,4,8,12,1,2,2,9,9,14,1,2,4,1,4,4,3,1,2,2,1,0,15,15,7,14,5,2,11,3,17,6,4,14,6,7,5,6,4,8,7,4,2,0,3,1,6,6,0,3,3,2,5,5,7,11,8,8,4,22,14,21,6,9,9,9,5,0,3,1,6,8,9,2,6,11,11,5,6,6,3,6,3,0,3,5,5,1,3,5,4,6,8,8,15,12,11,12,12,19,12,17,15,22,13,7,7,13,13,12,1,0,3,3,1,5,7,7,5,3,6,2,5,5,13,5,4,7,5,7,12,9,7,6,4,9,11,7,1,3,3,7,14,8,10,8,6,6,1,3,4,7,7
187.958,0.996761,0.0128217,8,255,0,-129.563,8.8321,0.577829,0.139311,-0.101755,0.627499,-0.789234,-0.358157,-0.250568,-0.428155,-0.041165,0.513799,-0.436032,0.0553163,0.99914,0.616821,1.0275,-0.392632,-0.576276,-0.180751,-0.236773,0.542391,0.82763,0.108323,-1.28901,-0.0824279,-0.0745431,-0.574345,0.0540338,-0.374218,-0.516177,1.0588,0.44747,0.658772,0.149867,0.21711,-0.0682359,0.759818,0.401898,-0.298765,0.140714,-0.95954,-0.73957,0.058082,0.196157,-0.762147,0.268609,0.161977,0.159019,-0.672867,0.0322246,0.0204729,0.0536136,-0.0865928,0.160768,-0.104297,-0.105408,-0.0392267,-0.0809351,-0.155564,-0.000569975,-0.0960717,0.239254,-0.151626,-0.0160224,0.699011,-0.300488,-0.284301,-0.0451259,0.370468,1.50552,0.596585,0.193861,-0.621128,0.480595,-0.366431,0.390313,0.637203,0.351476,-0.957544,-0.721855,0.518908,-0.158602,0.592713,-0.164516,1.05031,-0.405567,-0.67951,-0.259401,-1.07673,0.886631,-0.2158,0.341846,-0.079658,0.384283,-0.935837,-0.460594,-0.122642,1.11467,0.694412,-0.543773,0.0440184,-1.08502,0.0669323,0.344615,-0.142104,-0.806271,-0.885578,0.161848,0.0408462,0.741518,0.0987276,-0.300685,0.564567,0.754295,0.786362,0.881223,-0.828526,0.379451,-0.0653758,0.0503178,-0.464399,-0.0521539,0.302076,-0.11187,0.172871,-0.345371,-0.0176663,0.291626,0.238308,-0.395332,0.0336851,0.274403,0.0308176,-0.1215,0.024491,-0.7088,0.191838,0.179584,26.2907,0.482226,0.607932,0.365474,0.437736,0.456324,0.425732,0.492807,0.588835,0.424387,0.509665,0.667835,0.606152,0.672218,0.431814,0.400634,0.468455,0.458717,0.593665,0.640727,0.518921,0.288839,0.485599,0.486976,0.400958,0.509441,0.434975,0.410763,0.677021,0.577565,0.61313,0.526166,0.537868,0.488078,0.629745,0.569774,0.447979,0.52457,0.338334,0.373562,0.510149,0.534225,0.369876,0.546803,0.528276,0.52776,0.384535,0.507643,0.453,0.559013,0.52688,0.518814,0.53212,0.503092,0.461479,0.532709,0.495845,0.425501,0.453795,0.423419,0.529461,0.543183,0.513575,0.517779,0.459344,0.438145,0.491863,0.59564,0.506192,0.5056,0.543039,0.495941,0.528082,0.538699,0.421125,0.466436,0.450673,0.488744,0.483696,0.505126,0.443168,0.469845,0.522429,0.489431,0.571587,0.55533,0.495637,0.485269,0.557005,0.479832,0.487834,0.488056,0.550376,0.499377,0.503842,0.495168,0.497807,0.498466,0.497379,0.499748,0.503146,0.49733,0.500339,0.506117,0.503777,0.506291,0.497596,0.496472,0.498893,0.49855,0.503321,0.505067,0.500663,0.492108,0.499495,0.499544,0.496483,0.500331,0.497709,0.49684,0.506482,0.50274,0.504033,0.500918,0.501329,0.499582,0.504652,0.502461,0.498171,0.500862,0.494125,0.495472,0.500356,0.501201,0.495334,0.501645,0.500992,0.500974,0.49588,0.518023,0.390605,0.636316,0.563127,0.544284,0.575292,0.507294,0.409948,0.576656,0.490199,0.329999,0.392408,0.325569,0.569129,0.60072,0.531985,0.541858,0.405055,0.35741,0.480815,0.713746,0.514602,0.513206,0.600391,0.490426,0.565925,0.59046,0.320717,0.421366,0.385341,0.473469,0.461604,0.512089,0.368523,0.429261,0.552744,0.475086,0.663766,0.628131,0.489709,0.465297,0.631861,0.452546,0.471329,0.471852,0.617022,8.3597,9.07642,6.83897,7.53035,7.45323,7.25026,8.12364,8.32745,7.97746,7.8033,9.55454,9.18108,8.91087,8.02703,7.51205,8.20882,8.2052,8.36006,8.68456,8.29475,7.01082,8.38182,8.27402,8.12132,7.80183,7.89063,7.72856,9.75101,8.98795,9.16837,8.3423,9.21757,8.33759,9.22694,8.39984,8.01748,8.72747,7.26529,7.47416,8.42584,8.70068,7.48912,8.47814,8.35616,8.09175,7.70746,3,6,2,8,7,7,7,4,8,8,3,1,6,9,7,8,6,14,8,9,6,10,6,9,7,1,1,2,4,2,11,9,9,15,17,3,2,4,5,10,8,8,4,7,13,6,15,2,3,5,3,1,6,4,8,2,2,5,6,11,9,10,11,0,4,3,2,5,7,7,8,3,6,11,5,5,10,12,2,2,4,2,5,4,0,1,1,1,7,0,2,44,29,15,31,34,16,22,19,2,2,4,8,7,1,0,1,3,2,4,8,4,8,10,9,2,3,5,0,1,3,1,3,0,2,3,1,3,11,6,5,13,17,9,7,17,10,15,13,22,10,12,13,15,15,12,16,12,8,14,8,4,11,7,7,7,6,7,7,5,7,5,12,11,10,9,8,4,9,13,9,14,8,8,9,14,14,10,3,14,7,15,10,16,26,23,4,6,3,3
191.786,0.95686,0.0128217,8,255,0,-112.568,8.63982,0.590432,0.0801374,-0.0457918,0.492856,-0.645517,-0.00783097,-0.494703,0.406085,-0.061811,-0.266204,-0.54866,0.0318206,0.995274,0.722651,1.31458,-0.327811,-0.673655,-0.271332,-0.765428,0.747992,0.816337,0.138592,-1.20521,0.173372,-0.136607,-0.783981,-0.195144,-0.0542091,-0.481265,1.14945,0.408795,0.541779,-0.0225621,0.465627,0.017484,0.719615,0.470212,0.167283,-0.0727947,-0.89627,-0.551311,-0.246827,0.143155,-0.803789,0.168281,0.390591,0.0319508,-0.42805,-0.00831823,-0.0804574,0.0190513,-0.0462351,0.150336,-0.0472854,-0.181753,0.137768,0.0154221,-0.0593117,-0.0542035,-0.104027,0.113621,0.0303908,-0.150536,0.562109,0.0949027,-0.337418,-0.0071546,0.368675,1.48746,0.525628,0.307908,-0.900498,0.400237,-0.0854143,0.431872,0.587262,0.353161,-1.10977,-0.831173,0.654623,-0.475296,0.507641,-0.186371,1.14691,-0.588118,-0.682773,-0.135346,-1.3598,1.07031,-0.174031,0.260905,0.0243831,0.453395,-0.859292,-0.621697,-0.326049,0.883678,0.450043,-0.266988,0.192028,-1.16495,0.249921,0.371735,-0.741985,-0.888441,-0.854465,0.373525,-0.162536,0.80534,0.00118578,-0.281244,0.66809,0.709467,0.790204,0.638995,-0.549016,-0.472534,0.0038489,0.13082,-0.400928,-0.0973543,0.232423,-0.0344882,0.105296,-0.168039,-0.190114,0.135451,0.175793,-0.369215,-0.0755354,0.195935,0.0543848,-0.0930299,-0.206293,-0.370567,0.187613,0.145852,23.6047,0.493565,0.56882,0.41027,0.4989,0.430925,0.556819,0.491315,0.462661,0.423504,0.504472,0.636326,0.600178,0.676763,0.454064,0.406448,0.461944,0.394066,0.603592,0.612746,0.519466,0.336828,0.524344,0.480812,0.391578,0.472604,0.492383,0.432779,0.656134,0.557195,0.575552,0.496829,0.565062,0.502457,0.599769,0.565696,0.52349,0.489772,0.376648,0.42314,0.46537,0.520106,0.388929,0.52363,0.554669,0.50449,0.440136,0.498914,0.511691,0.484689,0.499814,0.488265,0.509633,0.498533,0.493684,0.486986,0.500755,0.523596,0.517139,0.531149,0.492223,0.484023,0.493563,0.481848,0.517739,0.519358,0.503288,0.471437,0.504113,0.496759,0.481408,0.49537,0.498714,0.488584,0.527244,0.509698,0.512851,0.499465,0.511046,0.500415,0.517067,0.511154,0.503969,0.498273,0.478748,0.486923,0.494144,0.503396,0.480939,0.503992,0.509266,0.500758,0.489846,0.502362,0.474604,0.533242,0.500404,0.525491,0.479069,0.503188,0.513726,0.528266,0.498359,0.44885,0.462799,0.432615,0.5169,0.534687,0.51399,0.539394,0.4615,0.457998,0.492853,0.561838,0.49106,0.507045,0.540345,0.510063,0.502796,0.5248,0.440995,0.47893,0.472088,0.501164,0.476005,0.499098,0.462955,0.475769,0.491374,0.503754,0.546092,0.528402,0.512727,0.492618,0.541359,0.491322,0.479867,0.498352,0.522062,0.504242,0.454468,0.559518,0.500725,0.545702,0.46245,0.505726,0.524642,0.550654,0.497052,0.408827,0.43345,0.380568,0.530332,0.562086,0.525115,0.570439,0.431145,0.424945,0.487163,0.609833,0.483944,0.512653,0.572123,0.518071,0.505022,0.544467,0.395095,0.462201,0.449977,0.50209,0.45697,0.49838,0.433726,0.456549,0.484508,0.506743,0.582277,0.550897,0.522851,0.486741,0.573919,0.484415,0.463878,0.49704,0.539572,8.4095,9.03937,7.04188,7.75303,7.20465,8.17823,8.17709,7.4515,7.86612,7.7737,9.47529,9.2396,9.15619,8.10464,7.51617,8.10781,7.63231,8.5472,8.62084,8.39377,7.15937,8.64646,8.35902,8.07665,7.52831,8.32357,7.86205,9.65297,8.90088,8.98661,8.21953,9.40091,8.42005,9.28404,8.26969,8.68758,8.63952,7.5391,7.78643,8.23987,8.61379,7.63869,8.42587,8.66613,8.03168,7.99635,5,2,1,3,4,8,9,6,12,4,4,4,6,19,8,8,8,8,8,10,10,5,6,7,8,4,2,0,4,1,8,12,5,11,14,1,3,2,6,10,7,3,5,6,8,10,8,5,4,2,2,3,3,4,3,4,2,1,1,4,11,17,19,2,4,2,5,10,5,4,3,7,5,6,9,6,7,11,2,6,2,3,2,5,2,1,1,1,3,3,3,20,17,17,13,12,17,13,15,4,6,10,9,3,1,2,2,6,7,7,2,2,19,9,5,12,2,1,2,4,3,3,1,2,3,2,1,0,6,6,7,10,18,12,5,19,15,9,8,13,9,23,10,10,13,11,13,5,5,8,6,6,10,2,9,5,1,3,14,8,13,7,12,13,8,8,13,8,16,10,6,10,17,4,13,8,9,9,6,8,19,7,6,21,17,13,3,8,1,4
191.881,0.870646,0.0128217,8,255,0,-130.57,8.59923,0.327008,0.174993,0.0301941,0.540213,-0.491325,-0.115109,0.234576,0.047333,0.255438,0.171729,0.270126,0.0755108,0.497923,0.41426,-0.82166,-0.0760174,0.545261,0.151199,0.586195,-0.481639,0.724547,0.278129,-0.848843,0.223301,-0.110395,-0.372095,-0.019991,-0.303068,-0.346833,0.68564,0.48808,0.256237,0.217081,0.485929,-0.25396,-0.426852,-0.201085,-0.205856,0.126075,0.485914,0.28529,-0.0973039,0.20562,-0.555231,0.299177,-0.217826,0.337638,0.279541,-0.169976,0.0506022,-0.160792,-0.152433,-0.0176141,0.126968,-0.0439993,0.0443068,-0.11922,-0.0641995,0.301961,0.22233,0.298421,-0.164666,0.39336,1.18677,0.0380715,-0.418078,-0.0685318,0.35268,1.37085,0.806487,0.196018,-0.402406,0.381776,0.227558,0.551847,0.488576,0.57393,-0.781638,-0.463414,0.98838,-0.923201,0.918584,-0.292145,0.789985,0.749839,-0.421562,-0.746617,-0.6556,0.639332,0.00186056,0.370509,0.401882,0.119869,-1.19016,-0.876805,-0.0730391,0.596415,0.888875,0.0046329,0.389856,0.0617669,0.133726,0.791417,-0.139713,-1.03609,-0.911911,0.347618,-0.897814,0.851998,-0.368753,0.156757,0.453711,0.550116,0.24439,-0.143002,-0.245077,0.576703,-0.000953742,0.0789562,-0.154594,0.175347,0.199545,-0.152031,0.0309603,0.188972,0.0192173,0.25725,-0.066995,-0.421216,-0.274049,-0.364198,-0.341908,-0.108917,-0.223722,0.121961,0.140831,0.166395,16.4515,0.508957,0.655004,0.358222,0.465901,0.569151,0.51404,0.575211,0.550775,0.579465,0.522389,0.643576,0.620491,0.273861,0.477461,0.656357,0.54474,0.667229,0.360869,0.702634,0.581778,0.267493,0.565867,0.467293,0.391362,0.494069,0.411039,0.398526,0.692897,0.640892,0.575443,0.564052,0.640304,0.425217,0.375997,0.440621,0.439226,0.537336,0.6403,0.583844,0.471163,0.560705,0.34098,0.587843,0.43573,0.598856,0.582185,0.500287,0.505141,0.495324,0.498904,0.502233,0.500451,0.502431,0.501634,0.502571,0.500719,0.504739,0.503943,0.49218,0.499276,0.50519,0.501439,0.505579,0.495416,0.506896,0.502647,0.491922,0.502125,0.498949,0.496459,0.49981,0.497115,0.496699,0.506525,0.504645,0.502439,0.502066,0.504625,0.497583,0.495937,0.498086,0.498041,0.5012,0.504625,0.502715,0.499074,0.501957,0.494716,0.502847,0.497927,0.503214,0.502661,0.498311,0.469822,0.527452,0.506438,0.486883,0.497353,0.485717,0.490396,0.484896,0.495777,0.47218,0.476847,0.545827,0.504252,0.469541,0.491544,0.467261,0.526912,0.459564,0.484449,0.547334,0.487513,0.506174,0.520799,0.501118,0.516944,0.519389,0.461727,0.472729,0.485672,0.487861,0.472848,0.5142,0.523856,0.511245,0.511512,0.492949,0.472849,0.484049,0.505442,0.488502,0.531014,0.483273,0.512181,0.481125,0.48437,0.500921,0.516465,0.485024,0.49649,0.507152,0.501443,0.507788,0.505236,0.508235,0.502302,0.515177,0.512628,0.474968,0.497682,0.516619,0.50461,0.517866,0.485319,0.522077,0.508479,0.474142,0.506808,0.496634,0.488657,0.49939,0.49076,0.489427,0.520893,0.514877,0.507812,0.506618,0.514812,0.492257,0.486988,0.493869,0.493724,0.503844,0.514811,0.508698,0.497033,0.506269,0.483077,0.509121,0.493359,0.510293,0.508522,8.36767,9.04042,7.00271,7.46275,7.9792,7.72648,8.25453,7.89452,8.69136,7.76458,9.3779,8.88423,6.57214,8.22404,8.64076,8.91375,9.1117,7.01554,8.62776,8.28502,7.20175,8.62838,8.16681,8.08397,7.63543,7.91323,7.8546,9.71016,8.98229,9.05526,8.20292,9.51662,8.3666,7.74189,7.34674,8.038,8.68924,8.96865,8.70688,8.18449,8.60457,7.5719,8.31328,7.61556,8.06863,8.70401,1,3,1,1,1,5,7,6,3,3,6,8,14,10,11,6,34,6,4,6,7,12,6,3,7,2,4,4,2,3,15,18,11,14,15,1,2,6,5,8,7,3,7,4,16,9,10,8,7,17,1,4,0,3,0,6,4,3,4,15,5,11,8,1,5,7,14,13,11,12,9,6,8,7,5,7,4,1,2,1,0,4,1,4,4,3,3,1,4,3,3,19,10,15,27,14,38,19,22,5,5,6,11,5,3,6,0,1,7,3,11,3,5,11,10,7,4,6,5,2,4,5,5,1,2,2,0,2,6,9,9,13,15,15,13,13,15,8,10,5,14,12,8,16,10,8,10,5,5,3,7,4,2,3,1,7,6,11,5,14,8,12,8,8,7,8,18,8,10,8,6,10,14,10,11,7,7,12,6,4,13,4,11,6,4,3,5,5,0,5
197.394,0.940817,0.0128217,8,255,0,-126.903,8.14196,0.498162,0.208015,0.424398,0.408813,-0.432772,0.478619,-0.0220369,-0.470282,0.190623,-0.206267,-0.677057,0.130103,0.883654,0.465497,1.1387,-0.15775,-0.181524,0.0684894,-0.227383,-0.0875394,0.782108,0.309018,-1.06114,0.0125349,-0.0265551,-0.541675,0.0532095,-0.229104,-0.450937,0.767117,0.396318,0.499102,0.180725,0.259387,-0.0273741,0.495442,-0.197512,0.7124,0.274904,-0.436483,-0.776042,-0.202601,0.119004,-0.74085,0.351581,-0.188551,0.0710739,-0.540863,-0.215132,0.0577226,0.0406569,-0.298589,0.0202901,-0.0274689,-0.208304,0.170868,-0.358134,0.0207469,0.364414,-0.0579276,0.218591,0.167412,-0.14289,0.901537,0.842657,-0.402596,-0.00897186,0.366827,1.42827,0.440073,0.132935,-0.745555,0.617013,-0.464035,0.739316,0.018155,-0.372214,-0.861033,-0.857277,0.747886,-0.669144,0.631415,0.227128,0.738357,-0.312204,-0.629768,-0.174137,-0.912691,0.559967,-0.551266,0.123551,0.0123266,0.125599,-0.808614,-0.599478,-0.671387,0.62905,0.835334,0.35706,0.171082,-0.381057,-0.00208356,0.475786,-0.0606925,-0.832192,-0.435896,0.471582,0.0286688,0.833706,-0.238763,-0.05536,0.497421,0.762586,0.865767,0.344533,-0.473272,-0.253395,-0.00744567,-0.214309,0.183782,-0.0322625,-0.102841,0.109905,0.169737,-0.166696,-0.144976,-0.04923,0.0528105,0.163641,0.00694295,0.433776,0.0367464,-0.0579702,-0.195693,-0.375504,0.181963,0.11245,24.8278,0.594502,0.591111,0.403679,0.60623,0.495033,0.395566,0.542858,0.453644,0.35197,0.52929,0.689257,0.603402,0.736253,0.464506,0.459178,0.515432,0.44893,0.48028,0.669317,0.569201,0.277548,0.502825,0.494015,0.380285,0.51199,0.448546,0.399743,0.666319,0.588385,0.61063,0.540643,0.558197,0.493831,0.609845,0.455601,0.655263,0.561644,0.402874,0.331894,0.454463,0.526796,0.338966,0.578584,0.457606,0.516013,0.380457,0.588465,0.585281,0.409827,0.599483,0.495358,0.402205,0.540071,0.456656,0.361115,0.527381,0.678005,0.596825,0.723029,0.466817,0.461834,0.514424,0.452245,0.481567,0.659047,0.564734,0.290248,0.502641,0.494406,0.387829,0.511207,0.451885,0.40613,0.656202,0.582723,0.60362,0.537999,0.554427,0.494234,0.602882,0.458487,0.645727,0.557655,0.409071,0.342103,0.457423,0.525049,0.348808,0.573529,0.460362,0.514968,0.387992,0.479249,0.48001,0.52116,0.476602,0.501078,0.522991,0.490675,0.51009,0.533075,0.493635,0.456876,0.477242,0.44452,0.507717,0.50888,0.496649,0.511122,0.504283,0.461811,0.484886,0.551729,0.499387,0.501299,0.526476,0.497397,0.511207,0.522047,0.462541,0.480621,0.475602,0.491159,0.487313,0.501339,0.47578,0.509662,0.465203,0.486554,0.521341,0.537894,0.509911,0.494178,0.536181,0.482806,0.509223,0.496523,0.526436,0.460243,0.461697,0.540538,0.45519,0.502069,0.544034,0.482113,0.519354,0.563219,0.487789,0.417799,0.456412,0.394703,0.514805,0.517034,0.493571,0.521333,0.508217,0.427102,0.471023,0.598318,0.498823,0.502493,0.550676,0.495005,0.521494,0.542231,0.42848,0.462864,0.453283,0.483041,0.475669,0.50257,0.453624,0.518533,0.433519,0.474216,0.540884,0.572341,0.51901,0.48883,0.569103,0.467043,0.517693,0.493328,0.5506,9.07051,9.03097,7.01545,8.38423,7.58062,6.96421,8.16707,7.32646,7.55883,7.79063,9.57554,9.12668,9.15068,8.26866,7.65355,8.46582,8.17271,7.4902,8.67982,8.32999,7.04793,8.50368,8.43149,8.23135,7.68451,8.08891,7.78452,9.82872,9.03208,9.05742,8.15343,9.12796,8.33347,9.14932,7.45349,9.44333,8.71638,7.86748,7.34429,8.18862,8.65064,7.45472,8.38843,7.64387,8.08313,7.74335,3,2,0,3,2,9,14,6,7,6,12,3,4,6,10,10,12,8,10,9,10,4,3,3,5,1,3,5,3,0,20,19,11,22,15,5,4,5,5,18,12,2,8,3,12,19,11,2,3,1,6,2,10,4,6,5,0,2,1,5,6,12,10,1,2,1,8,6,3,7,6,4,20,3,6,8,9,4,5,4,5,4,8,10,7,2,2,7,3,2,4,14,13,10,9,8,20,18,19,11,7,7,4,9,7,1,5,3,7,6,5,5,8,15,6,11,6,12,8,2,2,0,4,5,7,4,2,2,2,5,11,13,17,14,7,7,17,12,12,11,14,14,15,12,19,10,12,13,4,8,5,17,7,5,6,5,10,8,7,5,9,14,12,14,15,8,6,9,7,9,5,17,10,12,6,12,9,6,13,10,7,14,8,13,8,9,5,5,3,6
191.488,0.960791,0.0128217,8,255,0,-123.737,8.99124,0.43086,0.183679,0.21603,0.166135,-0.359613,-0.162288,-0.0800853,0.164237,0.329033,0.171026,0.504737,0.264997,0.599159,0.460037,-0.732032,-0.151027,0.017761,-0.0598585,0.33868,0.787707,0.937382,0.415664,-1.13093,0.210268,-0.30164,-0.420157,0.13873,0.0703717,-0.146109,1.11239,0.414694,0.233473,0.258544,0.255291,-0.278323,-0.707976,0.260817,-0.147315,0.191274,-0.471491,-0.142937,-0.180141,0.206446,-0.991636,0.519217,1.19457,0.320695,0.0486026,0.0286979,0.0581724,-0.12223,-0.290144,0.15724,-0.00843176,0.200171,-0.133344,-0.199687,-0.346006,0.0355831,-0.0899554,0.221821,-0.084407,0.236701,0.747182,-0.733871,-0.415363,-0.0194916,0.361083,1.25701,0.621196,0.161577,-0.562179,0.453255,0.0339879,0.370634,0.269168,0.404517,-0.788806,-0.477973,0.457033,-1.08492,0.711353,-0.805992,0.570674,-0.18868,0.351839,-0.272792,-1.11368,0.446009,-0.486915,0.579012,0.226388,0.133357,-0.0687956,-0.471525,-0.236131,0.305095,0.523815,-0.44769,-0.447049,0.0850943,0.404503,0.695771,-0.153141,-0.499399,-0.63296,0.353348,-0.827685,0.814365,-0.235154,0.11806,0.110283,0.814064,0.389982,0.505251,-0.0356713,-0.159648,-0.0897724,0.0629136,-0.266957,-0.246965,-0.00224036,-0.0987639,-0.0096746,0.20078,-0.0178056,0.268583,-0.0432447,0.0247876,0.0303372,-0.53313,-0.281671,-0.0043503,-0.0795835,-1.01466,0.0579243,0.1585,20.5924,0.540266,0.530993,0.433227,0.469722,0.485045,0.53064,0.561154,0.531904,0.593181,0.549339,0.610088,0.585097,0.36657,0.471819,0.503318,0.488821,0.562929,0.643035,0.668275,0.577026,0.300481,0.539196,0.443892,0.422155,0.525891,0.513142,0.472735,0.6966,0.576849,0.543501,0.548145,0.547543,0.448197,0.370753,0.548566,0.47251,0.535669,0.412827,0.473325,0.466401,0.538487,0.3228,0.595789,0.709419,0.559619,0.509078,0.460448,0.469557,0.565597,0.52974,0.514689,0.469904,0.439925,0.468663,0.408441,0.451534,0.391811,0.416391,0.631165,0.52768,0.496741,0.51098,0.438181,0.359375,0.334496,0.424325,0.696346,0.461499,0.555116,0.57648,0.474569,0.487092,0.526781,0.306539,0.424499,0.45727,0.452707,0.453299,0.550887,0.627046,0.452294,0.527001,0.464965,0.585651,0.5262,0.533002,0.462196,0.674308,0.405876,0.293869,0.441433,0.491084,0.495702,0.496695,0.507154,0.503229,0.501593,0.496732,0.493454,0.496597,0.489959,0.494728,0.488081,0.490848,0.51456,0.503005,0.499647,0.501191,0.493262,0.484333,0.481359,0.491731,0.522486,0.495817,0.506001,0.508359,0.49724,0.4986,0.502907,0.477883,0.49175,0.495355,0.494856,0.494921,0.505537,0.514082,0.494811,0.502931,0.496195,0.50938,0.502844,0.503584,0.495893,0.519719,0.489671,0.476251,0.49362,0.499033,0.445419,0.457957,0.590222,0.541074,0.520304,0.458435,0.417302,0.456725,0.374693,0.433182,0.352528,0.385378,0.6776,0.538236,0.495495,0.515179,0.414924,0.310185,0.278659,0.396096,0.759056,0.446864,0.575924,0.604994,0.464867,0.482157,0.536995,0.244401,0.396331,0.441051,0.43479,0.435601,0.570135,0.672245,0.434223,0.537299,0.451632,0.617371,0.536195,0.545569,0.447822,0.732271,0.371257,0.229332,0.419361,0.487674,8.65435,8.97479,6.99779,7.4183,7.35339,7.66465,8.23637,7.67329,9.02076,7.79286,9.41458,8.96418,6.52745,8.18681,7.84019,8.5775,8.81027,8.45321,8.64001,8.34631,6.95511,8.64702,8.37915,8.19319,7.63217,8.06209,7.78629,9.80059,8.90673,8.9511,8.14678,9.1981,8.29939,7.86538,7.95715,8.57549,8.67118,8.16368,7.79033,8.5337,8.64215,7.5112,8.47742,9.31988,8.0543,8.44113,5,2,2,2,2,7,10,5,12,2,9,9,11,14,10,11,28,8,4,4,17,11,17,8,9,3,2,1,5,4,9,13,11,11,14,2,7,3,6,3,7,2,4,1,5,14,4,7,4,3,4,1,3,4,2,1,3,1,2,11,12,13,12,2,6,11,3,5,14,8,4,10,5,6,13,4,10,9,7,10,4,3,2,2,4,7,3,6,4,5,4,12,9,16,5,6,14,16,18,3,4,8,5,4,7,5,5,12,6,7,2,10,11,6,8,4,5,7,1,1,1,2,3,4,1,3,2,0,8,14,19,9,12,10,7,16,8,14,17,13,5,13,6,9,10,11,11,3,3,4,2,5,3,6,5,1,5,4,5,7,5,5,7,8,2,5,9,7,3,9,8,4,4,4,6,6,7,7,8,5,10,2,9,13,12,11,3,3,15,12
197.734,0.9986,0.0128217,8,255,0,-141.614,9.43516,0.529466,0.182305,-0.906638,0.590446,-0.48271,0.303281,0.438174,-0.219346,0.0475352,-0.617446,-0.00893071,0.314534,0.63183,0.541668,0.245038,-0.216765,-0.929095,-0.168107,-1.0089,-0.123802,1.05939,0.166354,-1.17666,0.034006,-0.13186,-0.856667,0.22614,-0.510981,-0.72614,0.644362,0.436336,0.0226591,-0.000156624,0.102649,-0.414326,0.123046,-0.506204,0.566802,-0.379888,0.0565963,0.00965213,-0.226284,0.110269,-0.763995,0.261984,-0.92663,0.288522,0.439239,-0.0234643,-0.0629594,-0.0714616,-0.0969323,-0.0675708,-0.00642357,-0.379396,0.106325,0.0728865,-0.0546401,0.139583,0.0686255,0.283369,-0.0445284,0.223151,0.701645,-0.0726952,-0.588142,-0.0751042,0.358237,0.0303204,0.679584,0.210635,-1.08462,0.531336,-0.0137877,0.587432,0.281564,0.073398,-1.681,-0.920993,0.702541,-0.966381,0.792061,-0.68352,1.13002,-0.107838,-1.01428,-0.0239495,-1.31192,0.832668,-0.892998,0.0467733,0.286645,-0.641323,-1.43844,-0.126981,-0.680842,0.443678,0.595657,0.0960944,0.156889,-1.23427,-0.0850007,0.0285468,-0.0216069,-0.920181,-0.74407,0.311516,-0.0359418,0.868273,-0.833069,0.110855,0.269142,1.23047,0.714064,0.163604,-0.358189,0.356465,-0.0333826,0.0586919,-0.110698,0.197308,0.0702756,0.158949,0.0594101,0.0230123,-0.298224,0.186503,-0.202183,0.20328,0.221565,-0.0162436,-0.120486,0.131195,-0.584212,-0.313007,0.177623,0.101146,22.7375,0.34612,0.602115,0.416127,0.552999,0.576261,0.4616,0.508337,0.393356,0.498433,0.55495,0.60905,0.593887,0.542877,0.46205,0.342563,0.470546,0.330066,0.478297,0.67772,0.529147,0.304576,0.505965,0.476887,0.354098,0.539584,0.411316,0.375313,0.611141,0.575946,0.503975,0.499973,0.517998,0.42783,0.52157,0.412128,0.598133,0.433755,0.509926,0.501693,0.46039,0.519333,0.369106,0.545826,0.342952,0.550438,0.576443,0.516471,0.489271,0.508772,0.494488,0.492037,0.503986,0.499136,0.511219,0.500162,0.494284,0.488519,0.490157,0.495547,0.503939,0.516879,0.503055,0.518327,0.50225,0.480756,0.496977,0.521371,0.499382,0.502396,0.515564,0.49589,0.509285,0.513194,0.488292,0.492071,0.499588,0.500003,0.498134,0.507529,0.497764,0.509199,0.4897,0.506904,0.498971,0.499825,0.504112,0.497996,0.513881,0.495239,0.516834,0.494757,0.492018,0.629406,0.414609,0.570038,0.45582,0.436351,0.531992,0.493058,0.589215,0.501304,0.45419,0.408753,0.421541,0.464272,0.531617,0.632461,0.524533,0.64323,0.518074,0.35003,0.475723,0.665393,0.495033,0.519249,0.622571,0.46702,0.574081,0.604493,0.406985,0.436615,0.496691,0.500023,0.485012,0.56022,0.482036,0.573398,0.417965,0.555257,0.491735,0.49859,0.533001,0.4839,0.609767,0.461811,0.632126,0.45796,0.436198,0.570474,0.453928,0.537701,0.476286,0.465766,0.517157,0.49628,0.548166,0.500699,0.475407,0.450719,0.457715,0.480835,0.516956,0.572195,0.513152,0.578298,0.509687,0.417853,0.486985,0.591049,0.497339,0.510317,0.566637,0.482312,0.5399,0.556578,0.449748,0.465909,0.498227,0.500012,0.491968,0.532376,0.490373,0.539529,0.455763,0.529692,0.495571,0.499245,0.5177,0.491372,0.559501,0.479511,0.572006,0.477438,0.465683,7.49953,9.01537,6.91876,7.80361,7.95322,7.21438,8.1995,6.76787,8.5053,7.81446,9.5575,9.1236,7.7364,8.27166,7.10526,8.65932,7.38588,7.32176,8.64644,8.33307,7.2,8.55357,8.20424,8.20078,7.71517,8.02153,7.78083,9.6368,9.00554,8.87379,8.14587,9.35326,8.38281,8.49084,6.89421,8.9889,8.67604,8.41613,8.60627,8.09812,8.63932,7.49565,8.44053,7.108,8.08159,9.00879,1,1,1,1,3,7,8,14,13,6,5,6,6,9,16,8,5,9,5,11,15,3,11,4,8,2,1,3,5,4,23,17,22,11,30,1,2,3,9,14,8,6,4,4,22,17,19,7,3,6,1,5,4,1,3,1,2,2,3,10,18,12,19,8,1,3,3,9,8,8,4,6,5,10,9,2,7,3,1,0,2,3,7,3,7,2,4,3,5,5,2,11,10,18,17,11,10,9,8,9,6,8,10,18,2,1,1,4,1,6,8,3,14,10,3,4,3,3,6,0,6,5,3,2,3,1,1,2,4,3,10,10,9,12,12,22,7,12,14,15,16,19,19,7,7,7,6,10,5,6,8,9,7,3,2,2,10,9,7,6,12,4,7,11,10,23,13,7,25,16,23,9,22,25,20,15,20,19,15,19,13,12,13,3,4,6,3,8,3,4
186.414,0.999045,0.0128217,8,511,0,-124.309,10.3907,0.513441,0.102194,0.255491,0.198049,-0.61805,0.0437271,0.737536,1.20889,-0.333869,-0.0525308,0.127343,0.0958936,0.73098,0.761818,-0.0345509,-0.0180928,-0.0400717,0.601982,0.594288,0.170431,0.946299,-0.224933,-1.01449,0.360853,-0.610582,-0.921822,-0.0558203,-0.833699,-1.04166,0.536395,0.536856,0.169183,-0.308633,-0.313459,-0.277045,-0.0026038,0.722298,-0.192797,-0.269787,-0.0224978,0.282448,-0.268986,0.323879,-1.21061,-0.0787524,0.572259,-0.0971376,-0.0974065,0.0211511,-0.0418618,-0.0429746,0.0688726,-0.0251855,0.0054793,0.171533,-0.0848776,-0.218959,-0.00414303,-0.0727957,0.129738,0.00234052,0.0263081,-0.0271251,0.347147,-0.686988,-0.553596,-0.139982,0.358808,0.386653,0.647712,0.544941,-0.615314,0.630061,0.286237,0.588322,0.276679,0.368514,-0.952062,-0.261301,0.699036,-0.337182,0.422881,-0.515709,0.70341,0.250311,-0.278846,-1.056,-0.959521,0.822862,-0.0169202,0.226155,0.195995,-0.496638,-0.317315,-1.03586,0.200836,-0.420834,-0.133592,0.587826,0.0215102,-0.697865,-0.007377,0.557747,-0.279499,-0.34896,-0.490053,0.633077,-0.752341,0.800424,-0.983686,0.307221,0.635758,0.783063,0.287364,0.00506254,-0.456731,-0.842927,0.205965,-0.0506498,-0.064195,0.0717998,0.122329,0.268851,-0.15899,-0.098175,0.00866594,1.11555,-0.684432,0.0813412,-0.00456803,0.339066,0.105096,0.00779001,0.637994,0.114559,-0.000291226,0.133053,20.9338,0.522159,0.517181,0.446566,0.503795,0.563661,0.603402,0.471057,0.495441,0.51105,0.508322,0.563101,0.565733,0.497001,0.49843,0.496522,0.552055,0.551394,0.514787,0.581395,0.480489,0.412855,0.531276,0.447207,0.420674,0.495156,0.428147,0.41057,0.546418,0.546458,0.514679,0.47324,0.472823,0.475975,0.499774,0.562359,0.483274,0.476603,0.498047,0.524493,0.476673,0.528079,0.396455,0.493166,0.549502,0.491571,0.491547,0.456233,0.466038,0.604582,0.492491,0.375973,0.303541,0.557091,0.509021,0.478143,0.483537,0.37703,0.372067,0.505934,0.503107,0.506882,0.39806,0.399327,0.470762,0.342968,0.538555,0.66751,0.43834,0.603355,0.653233,0.509586,0.639395,0.671639,0.408904,0.408828,0.470976,0.552809,0.553628,0.547439,0.500447,0.378432,0.533064,0.546203,0.503864,0.451642,0.546066,0.444603,0.696708,0.513522,0.402963,0.516677,0.516723,0.54066,0.531547,0.40268,0.506974,0.615512,0.683794,0.446949,0.491622,0.5203,0.51529,0.614522,0.619172,0.494489,0.497114,0.493609,0.594852,0.593669,0.527157,0.64651,0.464185,0.343612,0.557303,0.403826,0.357067,0.491098,0.370075,0.339713,0.584729,0.5848,0.526958,0.450932,0.45017,0.455926,0.499585,0.613209,0.469288,0.457075,0.496412,0.544929,0.457202,0.551475,0.315969,0.487442,0.590274,0.484512,0.484469,0.507317,0.505672,0.482307,0.501252,0.52111,0.534567,0.490439,0.498496,0.503647,0.502746,0.520923,0.521804,0.49901,0.499482,0.498852,0.517234,0.517014,0.504881,0.527075,0.493558,0.470978,0.510333,0.48252,0.473624,0.498401,0.476141,0.470202,0.515357,0.515371,0.504845,0.491162,0.491024,0.492066,0.499925,0.520675,0.494479,0.492274,0.499356,0.508089,0.492297,0.509275,0.465384,0.497745,0.516383,0.497218,0.49721,8.61016,9.07548,6.98482,7.84757,8.5381,9.07301,8.12935,7.63295,8.4631,7.80335,9.5321,9.18943,7.65359,8.29614,8.46648,9.38482,8.9982,7.88891,8.7757,8.25429,7.15709,8.73098,8.14823,8.18769,7.62917,8.02674,7.79052,9.73152,8.93253,8.88895,8.15828,9.35251,8.37676,8.84515,8.62483,8.62682,8.7308,8.82231,9.30532,8.53941,8.68859,7.46645,8.42207,9.16859,8.07876,8.20508,2,5,2,3,2,12,9,3,4,7,5,14,16,13,10,23,14,6,4,4,25,10,10,13,9,2,1,0,4,4,17,5,11,9,24,5,3,3,8,5,5,3,4,6,15,17,17,7,4,4,6,6,0,3,1,3,1,1,2,12,22,8,16,6,11,3,4,9,3,3,5,5,3,13,4,10,3,3,2,1,6,2,4,2,3,1,0,8,5,5,6,16,9,3,11,8,13,13,11,4,7,8,3,7,1,2,5,1,10,1,3,3,8,12,9,7,0,4,2,1,3,3,1,1,0,4,1,4,14,13,14,6,4,6,8,10,10,12,8,8,7,9,15,10,11,6,7,13,4,5,6,12,6,2,2,1,4,7,3,6,3,6,12,7,5,6,8,7,11,13,7,13,5,7,21,2,3,6,13,9,10,3,10,9,10,7,3,4,1,5
172.829,0.967684,0.0128217,9,511,0,-105.148,8.52619,0.515062,0.118186,-0.375126,0.989016,-0.263545,-0.100096,-0.994999,-1.10382,0.239433,-0.300567,0.638986,0.321897,0.990348,0.571762,-0.208445,0.266441,0.00910448,-0.908688,-0.730581,-0.31986,0.909558,0.317762,-0.474461,0.381969,0.487137,0.00408295,0.242539,-0.0659578,-0.26505,0.895794,0.77368,0.711617,0.325676,0.245314,0.308857,-0.437555,-0.79482,0.04646,0.360726,1.01859,-0.508858,0.582282,0.558445,-0.0492016,0.43329,-0.227587,0.180803,-0.040431,-0.0477143,-0.0165816,0.0307966,-0.0285504,0.174722,-0.0113783,-0.0626573,0.167189,-0.174843,0.00122541,0.131046,0.0604304,0.189813,-0.00775071,0.123759,1.28697,-0.229407,-0.273027,-0.136426,0.36296,0.96667,0.843386,0.345381,-0.822678,-0.289339,0.0553916,0.567027,0.291083,0.721576,-0.735067,-1.32676,0.712602,-1.72241,1.17575,-0.317855,0.280265,-0.348036,0.0231334,0.381059,-1.1089,0.333998,-1.10213,0.390871,0.408988,0.267602,-1.09177,-0.660751,-0.13269,0.980198,1.41985,-0.326558,-0.296485,0.70641,0.43447,0.623979,0.838299,-1.24571,-0.134967,-0.122886,-0.629243,0.251627,0.0894569,-0.356178,0.170441,0.438384,0.491004,0.957487,0.331401,1.09306,-0.0818335,0.00240761,-0.62142,-0.218712,0.351077,0.224437,0.354478,0.34177,-0.137513,0.182324,0.68153,0.292154,0.0102576,-0.476715,-0.697592,-0.0197082,-0.499238,-0.911782,0.146537,0.186357,19.382,0.381597,0.781228,0.41601,0.467839,0.217459,0.194569,0.576432,0.404483,0.694737,0.602112,0.781521,0.676086,0.433334,0.584895,0.502929,0.236953,0.280852,0.398516,0.763249,0.600836,0.351918,0.620479,0.651793,0.501314,0.577408,0.478791,0.415539,0.760033,0.730213,0.714192,0.603277,0.578279,0.598084,0.362825,0.264461,0.514944,0.61402,0.787664,0.341889,0.679044,0.672322,0.484175,0.635905,0.427294,0.557911,0.486995,0.521501,0.44352,0.51511,0.50574,0.556818,0.56297,0.486272,0.517231,0.463419,0.481547,0.443445,0.467255,0.511952,0.484724,0.499478,0.551927,0.541802,0.518336,0.448024,0.481784,0.527184,0.478107,0.472091,0.499766,0.486094,0.503783,0.515196,0.448805,0.455744,0.459278,0.481331,0.485935,0.482294,0.525073,0.545458,0.497335,0.479324,0.441846,0.529151,0.466655,0.468016,0.502822,0.475171,0.51305,0.489632,0.502319,0.546683,0.37901,0.532846,0.51249,0.621693,0.634384,0.470152,0.537443,0.420918,0.45991,0.378853,0.429119,0.525992,0.466795,0.498864,0.611507,0.590186,0.539837,0.38839,0.460423,0.558942,0.452471,0.439499,0.49949,0.469766,0.508231,0.533033,0.390023,0.40462,0.412106,0.459442,0.469421,0.461528,0.554395,0.59792,0.494202,0.455099,0.375541,0.563171,0.427833,0.430749,0.506141,0.446131,0.528375,0.477449,0.505046,0.584684,0.288688,0.559787,0.522801,0.712431,0.732324,0.445638,0.568087,0.358331,0.427147,0.288438,0.372543,0.547372,0.439563,0.497925,0.696043,0.660636,0.572398,0.303789,0.42807,0.606495,0.413802,0.39075,0.499069,0.444939,0.51503,0.560125,0.30645,0.33061,0.343251,0.426304,0.444314,0.430059,0.598437,0.673642,0.489411,0.418508,0.283182,0.613955,0.370304,0.375386,0.511213,0.402498,0.551692,0.45888,0.509215,7.30758,9.02446,7.00332,7.44064,6.00677,5.86708,8.14167,6.95098,8.73801,7.83597,9.37664,8.64591,7.08144,8.21922,7.81371,6.75187,6.81781,6.92375,8.6387,8.25243,7.16874,8.38206,8.34945,8.19382,7.72378,8.15769,7.87457,9.80925,8.92013,9.00762,8.26359,9.2771,8.45016,7.04071,6.47506,7.72686,8.6419,9.0627,7.53278,8.48091,8.62757,7.59034,8.41461,7.47657,8.0732,7.78232,5,2,4,5,3,7,9,7,1,6,7,6,6,13,4,10,4,8,18,1,9,6,8,20,21,0,1,0,1,1,18,17,23,19,13,4,5,3,1,5,10,2,6,2,2,2,13,5,5,3,2,2,1,0,2,1,1,1,2,8,6,9,10,0,4,0,6,3,6,1,4,4,12,6,4,7,6,2,1,5,2,2,1,1,3,2,2,9,10,5,5,20,15,24,18,16,23,13,24,8,2,5,9,2,4,8,7,7,1,6,6,4,8,16,5,6,11,14,8,2,1,0,1,6,2,2,10,4,3,3,4,11,2,4,1,6,10,9,10,12,17,6,9,11,6,14,11,5,8,2,5,5,3,4,5,1,5,3,4,7,5,5,8,6,3,4,5,7,4,6,2,6,6,8,2,4,3,5,9,7,3,3,7,6,10,11,4,9,6,13
183.048,0.973372,0.0128217,9,511,0,-103.683,7.81983,0.495232,0.0773331,-0.713371,0.405017,-0.833888,0.0524325,-0.278857,1.09514,-0.0749847,0.108768,0.709275,-0.15527,0.962591,0.743506,0.5789,0.215131,-0.882646,0.546901,0.556897,0.590267,0.569798,0.0978785,-0.843893,0.34454,-0.126977,-0.402212,-0.268555,-0.0300389,-0.285981,1.4494,0.689635,0.629367,-0.0172852,0.809594,-0.00715491,0.377324,0.374253,-0.377343,0.425684,-0.702531,0.777041,-0.249963,0.435448,-0.863503,0.224091,0.485891,0.213577,-0.0402075,0.0768024,-0.00612543,0.058759,0.0528457,0.102468,-0.0164663,0.0437675,-0.149633,-0.201992,-0.0484257,0.0146023,0.131065,-0.0397682,-0.00761109,0.0359398,0.623382,0.550899,-0.230821,0.0275118,0.357257,-0.31783,0.776521,0.551622,-0.625025,-0.00898671,-0.0138655,0.785601,-0.196971,0.130398,-0.86519,-0.396653,0.936864,-0.376623,0.976884,-0.888931,0.540664,0.238592,-0.525104,0.157243,-0.883609,0.42538,-0.362813,0.537085,0.287911,-0.129998,-1.59889,-1.15979,-0.841847,0.44751,0.680107,0.296806,0.24659,-1.43395,0.491191,0.294244,-0.476542,-0.926524,-0.446095,-0.153383,0.115711,0.523171,-0.235387,-0.0386764,0.537884,0.582263,1.05284,0.481142,0.625761,-1.15011,0.115331,0.372008,-0.118936,0.0356854,0.556018,0.19916,0.000187108,0.799227,-1.15435,0.651231,0.116751,0.78659,-0.316961,-0.0982134,-0.481505,0.111022,-0.21233,-0.409419,-0.124984,0.23841,20.1474,0.390621,0.562787,0.372892,0.508171,0.45665,0.664339,0.488316,0.516945,0.608771,0.475821,0.64567,0.613841,0.589252,0.533477,0.365812,0.584416,0.585929,0.590966,0.587878,0.515249,0.371435,0.55349,0.480222,0.437643,0.458244,0.495319,0.455549,0.711674,0.605851,0.596845,0.497306,0.62356,0.498885,0.558535,0.558062,0.441463,0.565954,0.392231,0.618785,0.461123,0.567449,0.368585,0.534867,0.57515,0.533236,0.493734,0.402996,0.555551,0.387131,0.507221,0.46167,0.646413,0.489674,0.514976,0.596461,0.478629,0.629551,0.600991,0.57906,0.529594,0.380778,0.574757,0.576103,0.580586,0.577837,0.513477,0.385824,0.54731,0.482519,0.444831,0.463081,0.495863,0.460695,0.689647,0.593854,0.585821,0.497619,0.609689,0.499015,0.551781,0.551362,0.448217,0.55836,0.404434,0.605413,0.465628,0.559686,0.383267,0.530824,0.566522,0.529381,0.494463,0.537795,0.478514,0.54415,0.497217,0.514798,0.442128,0.50398,0.494227,0.462421,0.508241,0.44908,0.460615,0.469309,0.488582,0.546716,0.471002,0.470473,0.468708,0.469791,0.494805,0.544676,0.481719,0.50674,0.521337,0.514252,0.501595,0.515176,0.423664,0.463458,0.466641,0.500918,0.45713,0.50038,0.479981,0.480144,0.52002,0.477419,0.537223,0.458846,0.513266,0.476902,0.545709,0.488107,0.474231,0.488665,0.502134,0.572502,0.458639,0.584533,0.494633,0.528511,0.389748,0.507674,0.488869,0.427908,0.515887,0.40273,0.424481,0.441023,0.477995,0.589372,0.444255,0.443245,0.439876,0.441942,0.489983,0.585527,0.464793,0.512994,0.541075,0.52746,0.503075,0.529238,0.355853,0.429878,0.435935,0.501769,0.417885,0.500732,0.461456,0.461768,0.538546,0.456539,0.571416,0.42113,0.525563,0.455548,0.587474,0.477079,0.45043,0.478153,0.504115,7.32949,9.00823,6.99819,7.82664,7.6465,9.25174,8.07586,8.10108,8.99471,7.79138,9.48869,9.0346,8.65159,8.41679,7.13184,9.00463,8.81688,8.66486,8.64095,8.27862,7.17755,8.56844,8.38454,8.16029,7.65857,8.0567,7.75659,9.81769,8.97181,9.10094,8.14354,9.33582,8.35553,8.97581,8.20388,8.09111,8.65514,7.71112,9.00109,8.24034,8.67486,7.52374,8.42662,8.7332,8.06918,8.11732,1,0,2,0,4,7,1,3,2,13,8,10,20,32,35,21,32,17,5,6,10,14,14,14,16,3,0,0,8,7,9,5,15,10,6,5,6,6,4,8,3,0,4,2,23,13,35,4,2,4,1,3,2,11,1,0,2,2,4,24,17,16,21,8,5,10,2,1,2,1,7,3,1,2,6,5,4,2,1,2,2,0,1,4,1,1,1,3,4,3,6,7,8,12,5,8,16,13,11,9,14,3,4,1,0,0,0,3,4,4,4,4,13,10,1,3,2,7,4,3,4,7,3,4,1,4,0,6,2,1,0,5,5,5,3,10,1,5,6,8,9,9,5,4,8,7,6,8,11,13,10,5,6,3,8,3,4,2,2,11,4,9,8,2,3,2,3,0,5,7,3,3,3,10,3,4,2,4,4,10,3,9,1,8,10,5,12,6,14,3
183.8,0.929806,0.0128217,9,511,0,-116.217,10.1957,0.43623,0.109208,0.0673929,0.506655,-0.537909,0.489896,-0.216968,0.589288,-0.428621,0.406089,0.718368,0.063546,0.548652,0.844088,0.190294,-0.00329774,0.258303,0.520753,0.154628,0.00245851,0.799484,-0.274061,-0.899284,0.416795,-0.0787479,-0.601114,-0.0257386,-0.902701,-1.13361,-0.154724,0.520266,0.237049,-0.361781,-0.717726,-0.350641,0.616497,0.638038,-0.824663,-0.519602,-0.535729,-0.0573613,-0.0307346,0.297215,-0.610036,-0.149045,0.737764,-0.503443,0.449612,-0.0107499,0.0628457,-0.184154,0.0249917,0.0418026,0.284788,0.0421996,0.14625,-0.0368997,-0.214505,0.0981434,-0.15979,-0.0738152,-0.00314082,0.107572,1.13604,-0.00277476,-0.416452,-0.251787,0.357676,1.06399,0.829091,0.314974,-0.795326,0.110559,0.136146,1.14221,0.509724,0.30134,-0.996933,-0.367216,0.770599,-0.438953,1.22283,-0.403156,0.776864,0.126272,-0.644324,0.216414,-1.57951,0.936115,0.0553739,0.0715319,0.0847704,0.194666,-1.13373,-0.19106,-0.437795,0.847081,1.26495,0.297458,0.0696466,-0.965612,-0.0504388,1.5738,-0.772051,-1.02807,-0.245621,0.0410336,-1.2766,0.485331,0.443818,-0.0660256,0.5073,0.398905,0.690257,-0.0504465,-0.59089,1.30093,-0.0881655,-0.626029,-0.0919431,0.0800892,0.0111317,-0.131423,0.503379,-0.731012,0.539319,0.0504053,0.297958,-0.156126,-0.246171,-0.0302294,-0.185172,-0.0885978,-0.361098,0.116409,0.294148,0.140821,23.6776,0.519131,0.64005,0.351812,0.635652,0.438689,0.661381,0.380617,0.61333,0.693407,0.51804,0.650966,0.722905,0.553836,0.499063,0.572839,0.643731,0.543803,0.500698,0.712641,0.422787,0.264712,0.616211,0.47765,0.335617,0.492691,0.263957,0.21622,0.45617,0.643604,0.56692,0.398673,0.306748,0.401711,0.668269,0.673671,0.281537,0.356569,0.352377,0.483715,0.491272,0.583619,0.333361,0.45777,0.698071,0.360791,0.624989,0.499953,0.499649,0.500373,0.49966,0.500151,0.499591,0.500297,0.499718,0.499502,0.499956,0.499619,0.499414,0.499868,0.500002,0.499821,0.499639,0.499893,0.499998,0.499445,0.50019,0.500624,0.499711,0.500055,0.500417,0.500018,0.500626,0.500786,0.500107,0.499639,0.499836,0.500251,0.500498,0.500243,0.499572,0.499557,0.500572,0.50036,0.500372,0.50004,0.500021,0.499794,0.500423,0.500103,0.499488,0.500349,0.499688,0.493916,0.454389,0.548407,0.45589,0.519577,0.447002,0.538616,0.463406,0.435511,0.494264,0.450632,0.424385,0.482828,0.500298,0.476699,0.453127,0.486045,0.499778,0.428324,0.524721,0.580476,0.462445,0.507108,0.554053,0.502324,0.580777,0.600931,0.513964,0.453171,0.478614,0.532613,0.564432,0.531612,0.444575,0.442655,0.573901,0.54677,0.548212,0.505178,0.502775,0.473195,0.554849,0.513452,0.43379,0.545323,0.4595,0.501961,0.514741,0.484351,0.514253,0.493686,0.517143,0.487529,0.511816,0.520894,0.501849,0.515962,0.524545,0.505538,0.499904,0.507517,0.51515,0.5045,0.500072,0.52325,0.492025,0.473853,0.512127,0.497708,0.482513,0.499251,0.473753,0.467057,0.495497,0.515136,0.506898,0.489473,0.479125,0.489797,0.517934,0.51856,0.476019,0.484883,0.484414,0.498331,0.499106,0.508649,0.482254,0.495663,0.521457,0.485353,0.513082,8.33369,9.06927,6.97038,9.06816,7.39002,8.44927,8.1271,8.21148,9.18265,7.76068,9.53113,9.34189,7.9281,8.2402,9.0324,9.49501,8.44896,7.67989,8.7177,8.32957,7.07798,8.79338,8.29937,8.13801,7.6426,8.02359,7.73844,9.64043,8.92797,9.12404,8.21445,9.36527,8.34867,9.21117,9.25949,7.33066,8.71911,7.70007,9.11858,8.36286,8.63678,7.60416,8.49433,9.65413,8.07794,8.83617,1,2,2,1,3,9,2,5,8,11,4,11,3,6,16,11,4,5,5,3,5,4,6,4,8,1,1,1,5,5,7,17,18,14,9,4,2,4,8,7,16,5,6,8,9,7,21,5,6,13,4,6,5,5,6,0,2,1,0,15,16,14,12,5,5,3,8,6,7,5,10,7,5,6,4,6,5,11,1,0,1,5,8,7,5,7,5,7,3,2,0,24,23,17,24,11,40,59,35,7,5,4,7,4,2,4,0,6,2,13,4,2,6,14,25,10,3,0,2,1,1,1,4,11,9,4,7,5,8,9,19,15,18,13,24,11,18,7,15,12,13,6,15,14,7,4,13,3,0,0,2,7,6,11,9,15,5,4,7,6,12,12,11,8,5,7,10,11,10,12,8,15,5,10,12,8,10,5,12,16,10,18,12,9,8,2,1,2,5,4
187.349,0.907211,0.0128217,9,511,0,-114.105,8.76876,0.588813,0.14906,-0.557294,0.149917,-0.374401,0.530612,0.0438773,-0.404841,-0.162327,-0.350636,0.391201,0.413534,0.686825,0.495427,-0.469242,-0.292061,-0.215474,-0.136044,-0.236785,0.205977,1.18663,-0.0190288,-1.14269,0.0170387,-0.516096,-0.942104,0.308276,-0.102008,-0.474544,1.15878,0.413352,0.311994,-0.0368519,0.449461,-0.27137,-0.596369,-0.579055,-0.355762,-0.0986586,0.419548,-0.209768,-0.416357,0.191427,-1.14415,0.0385556,-0.128129,0.298458,-0.462356,0.181773,-0.0363904,0.0781073,0.119718,0.032575,-0.0307924,-0.0744563,-0.094271,0.0896307,-0.0294029,0.0253045,-0.187063,0.11318,0.149768,0.0399731,0.818846,-0.360853,-0.5399,0.0384489,0.353193,0.992869,0.692642,0.554056,-0.955707,0.102514,0.174064,0.433818,0.40058,0.397769,-0.85489,-0.140833,0.436323,-0.763399,0.59675,-0.749813,0.897052,-0.271104,-0.0195465,-0.320274,-1.29804,0.843399,-0.172714,0.308841,-0.0171286,-0.461163,-1.16114,-1.19983,-0.454285,0.447643,0.444355,-0.00290569,-0.482591,-0.691746,0.194659,0.247352,-1.23232,-0.267377,-0.819096,0.0469507,-0.171868,0.704082,-0.268716,-0.210583,0.239636,1.03148,0.806544,0.399982,-0.121129,-0.0774233,0.085526,0.601218,0.0719577,-0.010411,0.256707,0.611918,-0.0997547,0.187631,-0.937976,0.619067,0.0464496,0.330593,0.0225536,-0.0831659,-0.149347,0.0339002,0.454611,-0.319227,-0.208257,0.0991605,20.2666,0.387855,0.530651,0.42395,0.606945,0.508981,0.417875,0.466819,0.42871,0.579405,0.583855,0.637008,0.600051,0.405106,0.440495,0.456004,0.472179,0.451679,0.542066,0.725452,0.496105,0.281772,0.503488,0.395894,0.316168,0.562775,0.47913,0.40406,0.720887,0.583819,0.563524,0.492457,0.590985,0.444675,0.380286,0.383633,0.427682,0.479814,0.585051,0.457163,0.415583,0.539107,0.281531,0.507892,0.473795,0.560796,0.406465,0.550107,0.486479,0.533725,0.452277,0.496042,0.536457,0.51464,0.53159,0.464767,0.462763,0.438354,0.455425,0.542231,0.526323,0.519429,0.512271,0.521348,0.481427,0.394556,0.501717,0.60165,0.498463,0.546425,0.584181,0.472218,0.509201,0.542706,0.396959,0.462779,0.471884,0.503324,0.459541,0.524462,0.553594,0.552049,0.53205,0.508899,0.462223,0.518915,0.53749,0.482738,0.601776,0.496522,0.511557,0.473101,0.541614,0.436999,0.517032,0.457551,0.560015,0.504987,0.454118,0.481559,0.460233,0.544344,0.546861,0.577431,0.55607,0.446871,0.466855,0.47553,0.484543,0.473115,0.523393,0.631686,0.497837,0.372974,0.501936,0.441612,0.394534,0.534979,0.488409,0.446275,0.628736,0.546841,0.5354,0.495812,0.550906,0.469197,0.432633,0.434566,0.459655,0.488789,0.547539,0.476177,0.452821,0.521742,0.372819,0.504382,0.485442,0.533869,0.447645,0.544359,0.488038,0.529844,0.457754,0.496498,0.532264,0.512952,0.527954,0.46882,0.467045,0.445405,0.460544,0.537379,0.523292,0.51719,0.510856,0.518888,0.483568,0.406415,0.501519,0.590197,0.49864,0.541095,0.574625,0.475417,0.50814,0.5378,0.408561,0.467059,0.475121,0.502941,0.464191,0.521644,0.547451,0.546081,0.528362,0.507873,0.466567,0.516735,0.533179,0.484728,0.590309,0.496923,0.510224,0.476199,0.536832,7.791,9.07757,6.87747,8.00207,7.37897,6.84107,8.09612,6.9059,8.92714,7.82195,9.50956,9.05164,6.76413,8.10792,8.03239,8.52504,8.17414,7.57344,8.73561,8.26807,7.10013,8.47865,8.27958,8.17349,7.69602,8.14737,7.70127,9.67991,8.95362,9.06245,8.24668,9.26228,8.3628,8.18394,6.67354,8.47113,8.74869,9.4005,8.01811,8.39867,8.68788,7.53791,8.33718,8.13715,8.06375,7.90424,5,0,1,2,0,2,1,3,3,11,4,10,13,22,22,17,37,7,4,14,12,9,9,7,8,1,2,4,12,7,2,6,13,4,4,5,3,2,6,5,8,1,4,4,7,19,23,2,2,1,2,5,1,5,5,0,0,0,1,24,16,13,16,3,6,9,4,5,2,3,8,0,3,5,4,3,1,1,3,1,0,0,0,1,1,0,1,2,4,11,4,14,12,1,11,5,11,10,7,9,10,4,3,3,2,3,0,3,3,8,4,6,10,2,4,4,1,2,2,4,8,10,3,3,2,3,4,2,3,1,3,3,13,12,4,2,6,12,6,10,12,8,13,9,8,4,15,2,6,8,4,3,8,6,4,5,2,2,0,6,5,3,3,4,6,6,5,7,8,7,4,6,7,12,8,12,3,11,4,11,4,5,5,13,6,7,7,3,0,1
177.159,0.976424,0.0128217,9,1023,0,-102.053,9.63612,0.546433,0.126818,-0.273946,0.91809,-0.936922,-0.0365963,0.42201,-0.850334,-0.317151,-0.794057,-0.478579,-0.17827,1.10207,0.402577,-1.00213,0.0791432,-0.526435,-0.577628,-1.0621,0.062161,0.415946,-0.20456,-0.797117,0.11261,0.405781,-0.245097,-0.205941,-0.600421,-0.754895,0.555655,0.453247,0.76367,-0.206704,0.192259,0.210414,-0.982537,-0.523423,0.312839,0.00108403,0.545608,-0.00418261,0.262268,0.229096,-0.180621,-0.161441,-1.0052,-0.31329,-0.427361,-0.164096,0.0611273,0.0159685,0.189341,-0.129646,0.151013,-0.159095,0.0314935,-0.0927399,-0.0306793,-0.119603,0.0234734,0.225631,-0.120453,-0.185289,0.665061,-0.880202,-0.116955,-0.175762,0.341738,-0.397755,0.53105,0.311278,-0.0289153,0.285056,-0.122008,0.377144,0.192308,0.118008,-1.29758,-0.615805,1.2326,-1.22374,0.81306,0.077083,0.923363,0.190147,-0.637574,0.414344,-1.03082,0.644031,-0.356809,0.200017,0.428303,0.275892,-0.818769,-0.0375054,-0.587721,1.01788,1.42638,-0.640704,0.342914,0.205056,0.0400581,0.342138,0.0115431,-0.0363577,-0.216251,0.686059,-0.552505,1.09787,-0.102934,-0.075531,0.728824,1.26354,0.398798,0.471349,0.0060978,0.0293626,-0.10795,-0.685205,-0.287056,0.14674,0.0724682,0.10955,0.452135,-0.0533092,0.638471,-0.0254409,0.500846,0.0400249,-0.217757,-0.1812,-0.251019,0.148947,0.155729,-0.573626,0.394298,0.0233805,19.579,0.454578,0.648074,0.349074,0.493916,0.569709,0.36227,0.447463,0.370961,0.421094,0.470395,0.675452,0.566538,0.339286,0.513156,0.413355,0.405124,0.330404,0.510334,0.56872,0.466041,0.370486,0.518714,0.567061,0.459339,0.465813,0.401477,0.377059,0.591349,0.574794,0.624311,0.465686,0.531923,0.534928,0.342213,0.413841,0.551827,0.50018,0.589733,0.499305,0.543496,0.538017,0.470005,0.473184,0.338829,0.448098,0.429419,0.559992,0.308295,0.695229,0.508052,0.40819,0.678844,0.56934,0.667951,0.603781,0.539148,0.274871,0.412328,0.707252,0.482592,0.613813,0.624438,0.71806,0.486325,0.40948,0.544892,0.668548,0.47524,0.411645,0.553726,0.545194,0.629131,0.660262,0.380108,0.401565,0.338008,0.54536,0.457794,0.45383,0.703669,0.613184,0.431591,0.499761,0.382194,0.50092,0.442543,0.449757,0.539662,0.535465,0.707812,0.568506,0.592948,0.489336,0.535683,0.463588,0.498575,0.516424,0.466943,0.487655,0.469125,0.481376,0.49306,0.542801,0.515668,0.461064,0.503081,0.479516,0.477527,0.458744,0.50242,0.516188,0.492037,0.469006,0.504384,0.515793,0.490459,0.491983,0.476641,0.470644,0.521619,0.517639,0.529696,0.491953,0.507485,0.508191,0.461822,0.479633,0.512177,0.500042,0.521229,0.499837,0.510209,0.508918,0.492968,0.493715,0.460945,0.487805,0.483368,0.539205,0.371301,0.631217,0.505248,0.439775,0.619582,0.545356,0.611944,0.568204,0.525543,0.347017,0.442523,0.639881,0.488652,0.574926,0.582086,0.647769,0.491087,0.440632,0.529302,0.612361,0.483857,0.44207,0.535091,0.529499,0.585263,0.606596,0.420983,0.435365,0.392203,0.529608,0.472457,0.469862,0.637287,0.574503,0.455257,0.499845,0.422389,0.5006,0.46246,0.467193,0.525879,0.523135,0.640287,0.544807,0.560981,7.98656,8.99162,6.85642,8.43056,8.61474,6.96621,8.17176,7.03785,7.72111,7.83314,9.51403,8.86751,6.77412,8.44673,7.90065,7.34685,6.97669,8.14663,8.60688,8.31822,7.31191,8.49037,8.33447,8.08078,7.7971,8.03413,7.83601,9.67391,8.93315,9.08604,8.31543,9.40971,8.37139,6.53957,7.79795,8.21384,8.63476,8.51529,8.80828,8.14808,8.64212,7.57083,8.37439,7.28958,8.09401,7.7874,7,8,3,6,6,14,14,9,20,4,3,3,0,1,2,2,6,4,4,8,8,4,4,2,5,3,4,2,1,4,10,20,8,9,16,1,4,2,14,10,18,7,7,5,12,8,4,7,9,10,6,11,2,7,6,2,2,0,0,13,6,11,9,5,6,3,11,10,17,13,10,8,5,3,9,9,3,5,1,6,4,5,6,4,6,5,6,1,2,2,2,29,30,10,17,15,25,21,31,4,3,20,16,17,8,6,5,6,3,11,7,9,8,2,6,6,5,5,12,0,0,1,11,5,2,5,1,4,16,26,13,15,14,26,27,19,23,15,28,11,39,28,25,19,16,23,24,2,2,5,3,7,4,5,14,8,6,4,9,13,16,13,33,29,24,15,35,19,17,28,23,23,41,37,25,29,27,23,29,19,13,12,17,5,4,5,5,5,6,5
179.997,0.999587,0.0128217,9,511,0,-106.608,9.20155,0.492836,0.304071,-0.643959,0.294387,-0.722041,0.111732,-0.296476,0.356415,0.0782539,-0.384426,-0.0775737,0.0183682,0.335543,0.579736,-0.768123,-0.05162,-0.830041,-0.231502,-0.366233,-0.280759,0.714169,0.205237,-1.1397,0.511507,-0.427188,-0.946793,-0.116578,0.209566,-0.137466,0.905335,0.510173,0.0410496,0.000941838,0.342141,-0.515195,0.0700218,-0.708897,-0.408014,0.000490768,0.219063,-0.0629958,-0.178757,0.267087,-1.009,0.252757,-0.921732,0.213044,-0.433257,-0.163954,0.120952,-0.0831894,-0.170227,-0.226169,-0.134906,-0.341579,0.0144072,-0.324781,-0.516157,0.0566512,0.288892,-0.110523,0.158874,0.331937,0.73112,-0.368302,-0.595157,0.00655097,0.345638,1.47877,0.748326,0.365425,-1.07318,0.380558,0.196811,0.176177,0.351465,0.220471,-1.21708,-0.725176,0.751753,-0.915675,-0.0453385,-0.346053,1.23712,-0.106361,-0.253282,-0.692821,-2.19178,0.529761,-0.469449,0.37187,0.47195,-0.154766,-0.729401,-0.816317,-0.130164,0.516487,0.626879,0.190498,-0.147589,-0.43551,-0.0227968,-0.158108,-0.575198,-0.79461,-0.870765,0.182205,-0.33972,0.740732,-0.191571,0.190913,-0.046744,0.746516,0.404774,0.556394,-0.392882,-0.293337,0.0169643,0.162675,-0.0224074,-0.265432,0.290632,-0.595019,-0.230454,-0.521297,-0.709334,0.0618122,-0.571909,0.0219358,-0.309103,-0.339637,0.00219322,0.0109277,-0.858378,0.253965,-0.0153354,0.106016,16.0989,0.384424,0.553601,0.371007,0.520411,0.446021,0.564779,0.514299,0.430193,0.485825,0.503357,0.561025,0.604406,0.36318,0.490566,0.352776,0.457787,0.433457,0.448862,0.627649,0.537443,0.302956,0.592419,0.422547,0.33354,0.478705,0.53823,0.474895,0.659689,0.592183,0.507502,0.500172,0.562213,0.40693,0.512796,0.373252,0.425971,0.50009,0.539955,0.488488,0.467373,0.548664,0.323507,0.546068,0.337625,0.538862,0.421465,0.559016,0.472921,0.566093,0.489714,0.527271,0.46723,0.492795,0.535337,0.507142,0.498309,0.469144,0.446822,0.570257,0.504753,0.575837,0.521303,0.53367,0.525828,0.434619,0.481112,0.603425,0.453041,0.539253,0.586304,0.510732,0.480714,0.512655,0.417405,0.453163,0.49622,0.499913,0.468539,0.547295,0.493553,0.564904,0.537498,0.499955,0.479841,0.5058,0.516453,0.475428,0.59185,0.476744,0.584063,0.480394,0.539808,0.634776,0.43716,0.65017,0.476041,0.563281,0.424106,0.483213,0.581755,0.516641,0.496058,0.428488,0.378097,0.659112,0.511076,0.670951,0.549516,0.577951,0.559959,0.351369,0.456071,0.72677,0.391963,0.590659,0.692686,0.524996,0.455149,0.529465,0.314941,0.392236,0.491192,0.499798,0.427102,0.608791,0.484978,0.647599,0.586673,0.499895,0.453128,0.513515,0.538285,0.442934,0.703935,0.445971,0.688088,0.454409,0.591918,0.459205,0.518682,0.454285,0.507094,0.481185,0.522614,0.504968,0.475612,0.495075,0.501166,0.521291,0.536742,0.451385,0.496723,0.447494,0.485306,0.476764,0.482182,0.54522,0.513028,0.42814,0.532431,0.472904,0.440175,0.492599,0.513302,0.491273,0.557229,0.532346,0.502606,0.50006,0.521709,0.467336,0.504446,0.455112,0.474118,0.500031,0.513905,0.496,0.488652,0.516951,0.436285,0.516042,0.441744,0.513523,0.47252,7.55564,9.05351,6.96811,7.72735,7.46282,8.22465,8.20724,7.36033,8.21527,7.83025,9.4934,8.98149,6.91477,8.24557,7.15027,8.83167,7.87855,7.48115,8.64038,8.35545,6.98398,8.90221,8.21169,8.21067,7.6727,8.23765,7.83255,9.63985,8.90066,9.1498,8.11698,9.18425,8.50122,8.79171,6.77144,8.23401,8.669,8.96566,7.91948,8.50129,8.61755,7.53809,8.41089,7.04447,8.08568,7.8005,2,1,2,2,0,7,6,5,9,12,7,8,25,13,15,8,15,5,4,7,7,9,11,10,7,0,1,0,2,3,15,14,10,16,10,1,9,3,9,7,8,1,8,2,23,14,21,3,4,3,1,4,5,2,1,0,1,0,1,11,16,10,11,2,5,8,10,6,5,8,6,2,5,5,3,6,6,4,1,2,2,1,4,2,2,4,2,12,4,9,11,9,20,13,18,15,16,18,13,3,4,6,3,7,10,7,5,4,6,2,10,4,11,7,6,7,5,1,0,8,3,6,1,4,0,5,2,1,2,4,4,10,14,9,7,10,9,15,13,15,10,14,6,16,6,7,16,3,6,2,7,5,9,7,7,3,4,12,6,8,9,0,1,4,5,7,11,7,8,6,12,9,7,7,6,6,10,10,4,9,4,5,4,11,4,10,3,3,5,4
177.106,0.965381,0.0128217,8,511,0,-111.286,8.68034,0.516866,0.294475,-0.133609,0.490379,-0.575864,-0.468077,0.742981,0.222267,0.00258196,-0.666647,-0.108686,0.0903127,0.522596,0.510323,-0.463716,-0.0135121,-1.29286,0.618785,-0.0714493,0.220069,0.814419,0.0165365,-0.960883,0.116313,-0.17127,-0.760668,-0.0828836,0.0309026,-0.0604577,1.1687,0.552197,0.0333288,0.121706,0.500802,-0.563067,0.613073,0.00980886,0.0408703,0.140445,0.542117,-0.0287516,-0.045895,0.327386,-0.848084,0.196399,0.0974782,0.20828,-1.04423,-0.128995,-0.0101917,-0.167345,-0.0461151,-0.119519,-0.31648,-0.417335,-0.125126,-0.340132,-0.347283,-0.0290859,0.138537,-0.11718,0.126079,0.320414,0.712708,0.126385,-0.492845,0.0150822,0.353876,0.72145,0.711332,0.358852,-0.996422,0.201111,0.25748,0.625622,0.108874,0.196955,-0.785972,-1.94791,0.454589,-0.435683,0.38865,-0.839964,0.728654,-0.298561,-1.26077,-0.922805,-1.5086,0.912183,-0.309961,0.343926,-0.0848442,-0.333817,-0.955636,-1.43038,-0.295134,0.320565,0.724166,0.146468,-0.246288,-1.1316,-0.276662,-0.125006,-0.469623,-1.31512,-0.87347,0.149989,-0.237433,0.465158,-0.273448,-0.102145,0.0314162,0.933408,0.461118,-0.0179226,-0.187273,1.16428,0.00361095,0.119888,0.229157,-0.120837,0.713432,-0.366522,-0.252976,-0.381593,-0.771639,0.11131,-0.306514,-0.088708,0.0212933,0.211067,-0.0996046,0.0489238,-0.870656,0.643805,-0.00831979,0.144295,14.3834,0.476212,0.586496,0.398811,0.417364,0.629373,0.53952,0.50046,0.383404,0.480644,0.516086,0.592053,0.589939,0.41812,0.497592,0.284666,0.6085,0.487272,0.539131,0.641169,0.502946,0.335184,0.520712,0.469521,0.367691,0.485236,0.505506,0.489229,0.696977,0.597138,0.505938,0.521672,0.588296,0.400999,0.60753,0.501748,0.507282,0.525003,0.595409,0.494877,0.491823,0.558069,0.353329,0.534937,0.517361,0.537043,0.32208,0.495779,0.515489,0.481813,0.485215,0.523458,0.507022,0.500082,0.478949,0.496566,0.502854,0.516506,0.516119,0.485353,0.499573,0.459241,0.519541,0.497742,0.506953,0.52571,0.500522,0.469677,0.503675,0.494589,0.475984,0.497381,0.500976,0.49809,0.53686,0.51744,0.501053,0.503845,0.515818,0.482217,0.519361,0.50031,0.501291,0.504437,0.517122,0.499092,0.49855,0.510343,0.473229,0.506205,0.50308,0.50658,0.467054,0.529049,0.394854,0.622784,0.600496,0.343693,0.451771,0.499438,0.641164,0.523639,0.480352,0.388172,0.390713,0.599585,0.502941,0.755033,0.368479,0.515547,0.452245,0.329802,0.496401,0.697748,0.474705,0.53721,0.659772,0.518033,0.493274,0.513156,0.265507,0.38207,0.492746,0.473534,0.392688,0.620163,0.369637,0.497865,0.491105,0.469468,0.384144,0.506258,0.509988,0.429218,0.676644,0.457355,0.478795,0.454789,0.712829,0.478509,0.578278,0.408361,0.425227,0.617355,0.535713,0.500416,0.39432,0.482514,0.514532,0.583328,0.581406,0.425914,0.497825,0.303148,0.598298,0.488502,0.535361,0.628159,0.502662,0.350095,0.518712,0.472462,0.379959,0.486663,0.504974,0.49027,0.679705,0.587952,0.505364,0.519579,0.579914,0.410353,0.597413,0.501579,0.506578,0.522589,0.586379,0.495373,0.492614,0.552499,0.366793,0.531569,0.515684,0.533473,0.337987,8.09777,9.0438,7.10648,7.02186,8.59492,8.00808,8.19845,7.00436,8.12595,7.8589,9.56436,8.82532,7.23284,8.23358,6.74404,9.67265,8.16806,8.0056,8.67505,8.21423,7.16668,8.3804,8.29614,8.14634,7.66303,8.09194,7.98862,9.69459,8.8725,9.01176,8.33316,9.24735,8.3382,9.18197,7.5618,8.53604,8.63543,9.1021,8.02448,8.43791,8.61894,7.53382,8.41761,8.30577,8.08087,7.07367,3,2,1,3,4,11,4,7,9,10,6,8,20,16,23,26,7,17,1,12,9,8,4,6,4,3,4,3,0,0,8,7,13,12,8,8,5,7,10,11,14,2,2,5,9,11,9,2,3,3,0,2,4,2,5,2,1,1,0,12,11,19,17,2,6,7,2,2,6,6,7,3,7,6,8,4,7,2,1,1,5,1,6,4,1,0,2,0,8,4,3,5,7,19,7,14,20,32,23,9,9,4,4,6,4,2,0,6,3,7,2,0,10,2,1,5,5,6,0,6,6,3,3,1,1,1,3,2,1,2,6,16,10,4,6,8,19,10,9,7,7,4,13,15,18,12,7,4,10,5,4,2,12,4,2,1,10,6,4,4,11,7,1,9,12,8,5,16,7,3,6,10,8,9,2,10,14,8,7,5,6,8,11,10,9,9,8,11,3,7
179.291,0.951678,0.0128217,9,511,0,-122.984,8.79162,0.541033,0.26427,-0.166012,0.500938,-0.661775,-0.499939,0.594407,0.0427638,0.07399,-0.752196,-0.098546,0.087746,0.568997,0.615591,-0.420947,0.0340033,-1.19497,0.441616,-0.195839,0.13638,0.906308,0.0031883,-1.0008,0.155943,-0.136267,-0.725398,-0.0946349,0.0706041,-0.191469,1.0989,0.614797,0.0541138,0.141492,0.404858,-0.52395,0.623287,0.029467,0.309868,0.17987,0.499294,0.0476972,-0.0713666,0.396964,-0.827061,0.187692,0.0888875,0.214225,-1.1144,-0.209366,0.0133284,-0.163401,-0.0200773,0.00353677,-0.309172,-0.411869,-0.0540776,-0.260137,-0.310843,0.0719942,0.132379,-0.0711485,0.132036,0.29778,0.67064,0.13223,-0.501497,-0.00190761,0.350029,0.8684,0.729991,0.301525,-1.04094,0.184971,0.168758,0.53718,0.0467312,0.202835,-0.826436,-1.84373,0.463716,-0.394478,0.506948,-0.874633,0.827565,-0.375508,-1.17779,-0.967692,-1.53023,0.804916,-0.354633,0.367337,-0.130001,-0.301714,-0.808236,-1.36403,-0.234269,0.278853,0.674366,0.109613,-0.275982,-1.05137,-0.233398,0.0888913,-0.601343,-1.26435,-1.01588,0.152005,-0.0794473,0.579278,-0.420428,-0.184602,-0.0471346,0.994481,0.406749,-0.0366443,-0.228039,1.11831,0.0673931,0.0543688,0.213758,-0.0898676,0.647685,-0.345712,-0.22443,-0.314785,-0.761298,0.106547,-0.242447,-0.201495,0.023259,0.19456,-0.115292,0.0257034,-0.870021,0.697792,0.0126194,0.141798,14.6806,0.472195,0.583206,0.390833,0.416957,0.598359,0.507169,0.512403,0.376495,0.483484,0.514707,0.594257,0.601769,0.429889,0.505701,0.309727,0.573505,0.467213,0.52285,0.64744,0.500535,0.338233,0.526122,0.477169,0.380723,0.484139,0.511835,0.467942,0.676332,0.601641,0.509072,0.523705,0.567464,0.413047,0.603005,0.50494,0.551766,0.530121,0.582938,0.507996,0.488037,0.566165,0.364784,0.531427,0.514898,0.535855,0.321396,0.494512,0.516554,0.478137,0.483479,0.519639,0.501414,0.502446,0.475155,0.496742,0.502901,0.518801,0.520339,0.486088,0.501124,0.460579,0.514595,0.493526,0.504508,0.529924,0.500105,0.466964,0.505155,0.495495,0.476039,0.496872,0.502334,0.493671,0.536263,0.520312,0.501789,0.504677,0.51338,0.482686,0.520593,0.500974,0.510242,0.505946,0.516499,0.501577,0.497641,0.51312,0.472687,0.506204,0.502938,0.507081,0.463227,0.536046,0.392736,0.640091,0.607057,0.37352,0.4907,0.483912,0.658007,0.521421,0.480924,0.378707,0.369217,0.590548,0.492605,0.738783,0.405111,0.542493,0.470371,0.312489,0.499307,0.704896,0.466133,0.529604,0.652742,0.520572,0.484648,0.541549,0.277666,0.369378,0.488232,0.469263,0.412841,0.612029,0.367659,0.493591,0.433007,0.460957,0.393077,0.489627,0.515518,0.414506,0.67251,0.459267,0.480676,0.453539,0.725031,0.471072,0.586509,0.386563,0.41366,0.602232,0.50746,0.512905,0.371713,0.482816,0.515302,0.597977,0.605767,0.42709,0.505932,0.302834,0.576435,0.465889,0.523773,0.653037,0.500556,0.332178,0.527177,0.476246,0.37609,0.483497,0.512314,0.466648,0.682829,0.605635,0.509439,0.524663,0.570161,0.409603,0.607049,0.50514,0.553846,0.531337,0.58623,0.50832,0.487553,0.56881,0.359596,0.532696,0.515501,0.537302,0.314833,8.07083,8.998,6.9707,7.01077,8.37154,7.75633,8.29288,6.87026,8.14616,7.80657,9.56176,8.94274,7.23877,8.29418,6.88246,9.4199,8.03753,7.86087,8.71772,8.21381,7.14255,8.43035,8.2869,8.18242,7.60289,8.2033,7.91064,9.75671,8.94186,8.98749,8.36826,9.32822,8.34251,9.13416,7.60149,8.78501,8.77491,8.99617,8.17771,8.35937,8.69928,7.51772,8.41984,8.30952,8.10381,7.01717,0,0,2,1,0,3,3,3,8,2,5,8,12,7,7,19,14,4,6,12,7,8,11,7,12,1,3,1,1,1,9,18,9,10,10,6,5,4,17,10,11,3,3,4,18,7,3,9,11,8,0,0,3,2,2,3,1,2,1,15,17,16,19,4,6,4,9,9,7,5,8,2,7,5,7,6,10,3,4,1,1,1,2,3,5,1,4,7,3,5,11,6,17,11,16,8,14,16,15,14,8,7,10,13,0,0,6,2,1,8,0,3,7,11,6,7,2,4,0,4,3,5,2,0,1,1,0,2,1,5,2,11,21,8,8,4,10,10,6,11,7,7,6,4,9,8,9,10,3,8,7,9,5,3,1,4,1,7,7,3,10,5,5,9,13,5,8,10,13,12,22,14,12,13,6,10,12,5,14,6,6,8,6,4,6,12,7,0,2,5
168.266,0.962834,0.0128217,8,511,0,-104.558,8.33592,0.570829,0.223282,-0.304932,0.482185,-0.73865,-0.422769,0.452407,0.585111,0.11921,-0.85383,0.371399,-0.0528777,0.461735,0.737158,-0.274884,0.0967421,-1.34788,0.4868,-0.0285641,0.131978,0.604773,0.121743,-0.856672,0.106089,-0.0239348,-0.596427,-0.121505,0.0507857,-0.124802,0.957174,0.751818,0.168386,0.0443657,0.596835,-0.357126,0.539063,-0.459075,0.0195921,0.246955,0.429593,0.301478,0.213379,0.443408,-0.775509,0.194528,0.386129,0.160959,-0.958987,-0.142918,0.0994792,-0.0690264,-0.0236077,-0.0531563,-0.500777,-0.304466,-0.255185,-0.306444,-0.448711,0.247574,0.18273,-0.156341,0.103349,0.384693,0.915554,0.257508,-0.420278,0.010095,0.350884,0.513682,0.784247,0.36038,-0.836029,0.133783,0.0128695,0.605835,0.03437,0.472258,-0.813938,-1.54659,0.246264,-0.518961,0.471093,-0.722045,1.0155,-0.214764,-1.11041,-0.788009,-1.4913,0.831927,0.0973883,0.236487,0.0332726,-0.308271,-1.07054,-1.25376,-0.201077,0.312249,0.937854,0.167079,-0.255516,-1.19192,-0.155464,0.22904,-0.608266,-1.25829,-0.904831,0.152748,-0.336689,0.689679,-0.24568,-0.13502,-0.370758,0.988543,0.16721,-0.0369988,-0.451457,1.29921,0.0150364,-0.0522805,0.135722,-0.00265506,0.609626,-0.283679,-0.381537,-0.411525,-0.780183,-0.0107442,-0.357903,0.00448526,0.121808,0.0391715,-0.063111,0.0543593,-0.723178,0.431163,-0.00922199,0.163561,14.049,0.430654,0.608608,0.337093,0.404423,0.602095,0.630812,0.527259,0.313948,0.584199,0.487899,0.60414,0.662601,0.437412,0.522129,0.225472,0.609614,0.493462,0.530172,0.634994,0.527837,0.313387,0.524263,0.494522,0.366779,0.472217,0.511622,0.471465,0.706064,0.665595,0.538465,0.510153,0.633308,0.418978,0.62094,0.396443,0.504484,0.556286,0.597081,0.56857,0.548685,0.60012,0.329594,0.544408,0.587471,0.536775,0.293591,0.480379,0.531002,0.452591,0.47281,0.529092,0.537597,0.507674,0.445253,0.523891,0.496596,0.52969,0.547314,0.482311,0.506228,0.414088,0.531298,0.498161,0.508496,0.538855,0.507837,0.445073,0.506829,0.498459,0.461679,0.492178,0.503269,0.491966,0.56131,0.548249,0.510838,0.502856,0.538347,0.477025,0.534648,0.47048,0.501261,0.515893,0.527628,0.519398,0.513733,0.528514,0.45024,0.512521,0.524837,0.510361,0.438575,0.554908,0.413696,0.630456,0.575844,0.418929,0.395766,0.478461,0.649643,0.433254,0.509559,0.417288,0.369795,0.549535,0.482517,0.726067,0.412887,0.505164,0.476157,0.392371,0.478004,0.650111,0.480829,0.504327,0.60619,0.521953,0.490819,0.522548,0.333542,0.367328,0.469594,0.49198,0.39374,0.56421,0.403756,0.582244,0.496458,0.45547,0.422951,0.445709,0.461499,0.420514,0.636645,0.464888,0.43064,0.470932,0.666749,0.467178,0.551789,0.421047,0.454555,0.548611,0.562737,0.512847,0.40899,0.539948,0.494301,0.549607,0.578797,0.470405,0.510426,0.358666,0.552281,0.496921,0.514222,0.564822,0.51312,0.408694,0.511433,0.49742,0.436063,0.486906,0.505474,0.486551,0.601735,0.580337,0.518142,0.504782,0.563981,0.461581,0.557846,0.450677,0.502112,0.526594,0.546174,0.532451,0.522984,0.54765,0.417178,0.520956,0.541525,0.517343,0.398078,7.74777,9.01983,6.92417,7.18076,8.37755,8.53873,8.29877,6.78591,8.57588,7.75934,9.47375,9.01946,7.48743,8.23985,6.53128,9.50424,8.08622,7.98597,8.56255,8.30188,7.07957,8.25131,8.40088,8.16847,7.67522,7.93481,7.71955,9.73876,9.0371,9.11542,8.20703,9.34069,8.47181,9.08894,7.13654,8.45425,8.66579,8.95581,8.2418,8.69171,8.66366,7.48588,8.39104,8.62524,8.03685,6.95746,0,3,4,5,2,7,4,4,5,8,5,3,11,16,28,23,16,3,5,3,10,12,8,8,7,3,3,2,2,3,6,12,14,15,7,4,4,3,6,9,10,2,4,3,15,21,27,6,4,3,2,0,3,2,1,2,0,0,2,8,15,20,13,13,13,9,4,5,6,10,6,3,6,7,7,6,9,4,0,0,0,3,3,2,2,0,0,0,2,1,5,2,10,9,6,8,11,10,14,5,15,3,6,5,1,2,1,6,3,4,0,2,7,9,4,9,3,2,0,2,1,2,0,1,1,0,0,0,2,4,4,6,7,9,9,12,12,2,6,6,13,7,5,12,9,13,11,7,8,5,9,3,2,4,6,1,6,7,7,3,4,3,1,8,6,13,9,2,6,10,7,9,12,13,5,7,5,9,15,6,5,4,6,6,7,12,5,3,2,4
160.729,0.817461,0.0128217,8,255,0,-89.6517,8.00489,0.547771,0.224583,-0.364266,0.663522,-0.586996,0.0306156,0.367031,-0.0857849,-0.131171,-0.756343,0.939868,0.0532983,0.487162,0.806869,-0.452881,0.065806,-0.762636,0.826328,0.169668,0.296219,0.786007,0.0305469,-0.884743,0.389057,-0.0403502,-0.65921,-0.0102703,0.495413,0.16398,1.22954,0.667233,0.068495,0.0435934,0.831633,-0.528859,0.483394,-0.548978,0.362118,0.423524,1.15155,0.141643,-0.0371903,0.363724,-0.612514,0.193041,0.252255,0.4307,-0.449289,0.282101,0.156027,0.235883,0.149169,0.0995384,-0.154791,-0.397365,-0.133841,-0.253853,-0.689251,0.266771,-0.0578062,-0.0897001,-0.158428,0.556286,0.870964,0.00743673,-0.321079,0.0545477,0.359074,1.25892,0.737428,0.298534,-1.18116,0.216794,-0.00712332,0.906631,0.273469,0.157054,-0.422815,-0.888497,-0.184825,-0.416646,0.267576,-0.911056,0.762668,-0.344074,-0.921883,-0.106142,-1.32484,0.937256,-0.902338,0.178554,0.239282,0.0944384,-1.09871,-1.33538,-0.225773,0.408831,0.817274,-0.235941,0.249569,-1.02263,-0.126265,0.0176975,-0.680375,-1.28161,-0.637414,0.451229,-0.116248,0.562371,-0.658187,0.245081,-0.641336,0.914619,-0.0899576,-0.0381272,-0.348443,2.24909,0.220401,-0.132339,-0.0237767,0.00445659,-0.0395011,-0.363091,-0.516023,-0.120876,-0.268007,0.342221,-0.421154,0.132042,-0.0478221,0.154464,-0.453093,0.0374877,-0.826302,0.108994,-0.137711,0.142239,12.6264,0.421343,0.640585,0.3749,0.506666,0.579244,0.48133,0.47147,0.341021,0.693937,0.511603,0.604512,0.668798,0.402648,0.514325,0.33979,0.672541,0.536877,0.564144,0.664761,0.506651,0.316354,0.583912,0.491215,0.36028,0.497764,0.606229,0.535645,0.744764,0.641329,0.51491,0.509491,0.673558,0.386839,0.603727,0.382691,0.578201,0.591187,0.73164,0.530802,0.491903,0.578542,0.369706,0.541934,0.554706,0.592697,0.403401,0.499323,0.501234,0.498909,0.500057,0.500682,0.499841,0.499756,0.498594,0.501747,0.500099,0.500906,0.5015,0.499158,0.500122,0.498582,0.501536,0.500315,0.500551,0.501461,0.500057,0.498355,0.500723,0.499925,0.498774,0.499981,0.500921,0.500305,0.502286,0.501241,0.500127,0.500081,0.501546,0.499017,0.500899,0.498979,0.500673,0.500787,0.502141,0.500263,0.499931,0.500676,0.498861,0.500359,0.500469,0.500801,0.499165,0.574686,0.366266,0.618936,0.493676,0.424756,0.517714,0.52707,0.651348,0.31505,0.488992,0.400701,0.339232,0.592478,0.486409,0.652528,0.335638,0.465008,0.439112,0.343107,0.49369,0.675039,0.420315,0.508335,0.632907,0.502122,0.399065,0.466178,0.265814,0.365555,0.485854,0.490996,0.334661,0.607543,0.401449,0.6115,0.425749,0.413392,0.278578,0.470773,0.507682,0.425424,0.623897,0.460207,0.448078,0.411955,0.591761,0.490076,0.518072,0.484011,0.500834,0.51,0.497663,0.496426,0.479402,0.525588,0.501452,0.513271,0.521972,0.487662,0.501793,0.479231,0.522501,0.504623,0.508071,0.521404,0.500832,0.475911,0.5106,0.498901,0.482045,0.49972,0.513496,0.504468,0.533453,0.518173,0.501866,0.501188,0.522645,0.485593,0.513169,0.485046,0.509866,0.511538,0.531337,0.503859,0.498987,0.50991,0.483316,0.50526,0.506873,0.511734,0.48776,7.75187,9.08552,7.00804,7.81998,8.14006,7.60195,8.10985,6.80918,9.29344,7.76741,9.5722,9.13854,7.16632,8.26293,7.36369,9.97062,8.38644,8.05609,8.63352,8.30221,7.13994,8.64679,8.25155,8.23543,7.69178,8.01903,7.62612,9.77722,8.97498,9.07548,8.31773,9.37393,8.36658,8.87329,7.1324,8.72978,8.69207,9.65286,7.59957,8.2553,8.61678,7.57354,8.49544,8.56578,8.04188,7.65122,0,3,1,2,3,3,3,8,7,9,7,10,19,29,24,16,16,12,18,4,13,11,13,9,12,5,4,2,2,3,5,5,1,8,4,2,5,5,8,6,2,2,0,4,20,12,17,1,7,4,2,2,2,2,3,0,1,5,3,19,14,25,16,5,3,2,2,5,3,7,4,6,4,5,2,3,8,5,0,1,0,0,2,2,1,0,0,7,2,6,3,17,19,16,11,22,19,19,13,7,9,7,4,8,0,0,1,6,7,3,1,8,2,5,3,2,1,1,2,2,4,4,0,1,2,1,1,0,16,11,13,8,12,8,11,8,6,9,13,8,2,6,5,2,4,7,2,11,12,9,7,2,6,2,2,4,5,5,3,3,1,0,3,5,9,8,11,6,5,7,10,7,13,5,8,8,5,9,4,2,0,6,2,16,4,4,5,3,4,0
170.894,0.525754,0.0128217,9,1023,0,-80.6983,8.71985,0.535477,0.261405,-0.0987955,0.665395,-0.770367,-0.00406788,0.0915155,0.298529,0.0618203,-0.533366,0.363525,-0.0532586,0.538056,0.546807,0.171745,-0.0965235,-0.309366,0.00757033,0.734948,-0.144272,0.763658,0.0906023,-1.0468,0.406309,0.127415,-0.52139,-0.211195,0.234488,0.021065,1.10152,0.639998,0.0831333,-0.0516654,0.561096,-0.560989,-0.193598,-0.436235,-0.686119,0.14868,0.913688,-0.022717,0.187149,0.324765,-0.640306,0.172295,0.717615,0.504732,-0.773734,-0.257825,-0.389628,-0.0808161,0.220751,-0.0895558,-0.403546,-0.227684,0.00352544,-0.246214,-0.646637,0.0577414,0.586828,0.257476,-0.0381872,0.663565,0.681101,0.336955,-0.494963,-0.0517759,0.355055,0.687165,0.717483,0.257128,-1.10403,0.258554,-0.252257,0.868857,0.246549,-0.00679467,-0.790072,-1.59629,0.605728,-1.2245,0.553276,-0.75803,0.881568,-0.0977597,-1.20937,-0.543221,-1.2358,0.393952,-0.445351,-0.169409,0.0517521,0.0782315,-0.563491,-0.950772,-0.318069,-0.0875641,0.470145,-0.489749,-0.294475,-0.953242,-0.738794,0.447651,-0.733031,-0.563437,-0.501667,0.345761,-1.02289,0.55999,-0.469598,-0.106337,-0.00283653,0.970724,0.274956,-0.0728262,-0.185131,0.806307,0.56684,-0.35167,0.127975,0.0920821,-0.0547817,-0.278029,-0.351283,0.0447652,-0.310151,0.0937278,0.0539642,0.200311,-0.110185,-0.139656,-0.363979,0.0989078,-0.643622,0.399275,-0.0162872,0.0935786,15.2338,0.483184,0.6114,0.371754,0.499307,0.515578,0.550658,0.510525,0.410167,0.561585,0.490932,0.590606,0.592046,0.529211,0.48357,0.447517,0.501289,0.622594,0.475454,0.627178,0.515422,0.328941,0.568746,0.521682,0.412142,0.464101,0.539843,0.503587,0.679232,0.607282,0.514152,0.491204,0.594395,0.405623,0.467083,0.426262,0.385252,0.525295,0.650745,0.496132,0.531824,0.555075,0.392668,0.529304,0.619816,0.585107,0.371219,0.491678,0.555818,0.435467,0.499657,0.507709,0.525127,0.505207,0.45519,0.530585,0.495514,0.545201,0.545933,0.514464,0.49187,0.473963,0.500638,0.561597,0.487849,0.563977,0.507632,0.412721,0.534174,0.510732,0.456191,0.482217,0.519743,0.501774,0.59174,0.553705,0.507003,0.495648,0.547126,0.452883,0.483697,0.463318,0.442458,0.512522,0.576366,0.498086,0.51576,0.527331,0.44627,0.51451,0.560158,0.542416,0.435188,0.515891,0.394541,0.621478,0.500655,0.485279,0.452112,0.490054,0.584989,0.441772,0.508569,0.414279,0.412913,0.472393,0.515526,0.549615,0.498782,0.3839,0.523197,0.379539,0.485426,0.662341,0.434993,0.47951,0.583116,0.53393,0.462341,0.496611,0.329829,0.398453,0.486627,0.508312,0.410685,0.589298,0.531111,0.569735,0.608641,0.476095,0.357078,0.503655,0.469923,0.447933,0.601595,0.472305,0.386542,0.419493,0.621987,0.49014,0.566031,0.423703,0.499594,0.509134,0.529764,0.506171,0.44696,0.536223,0.494684,0.553503,0.554366,0.517137,0.490366,0.469159,0.500756,0.57284,0.485603,0.575642,0.509043,0.397004,0.540469,0.512716,0.448143,0.478931,0.523389,0.502103,0.608213,0.563538,0.508298,0.494843,0.555775,0.444236,0.480685,0.456565,0.431938,0.514837,0.590205,0.497732,0.518672,0.532372,0.436431,0.517192,0.571145,0.550212,0.423375,8.17488,9.00147,7.02473,7.01055,8.00892,8.24569,8.31164,7.29454,8.70371,7.84325,9.63379,8.91291,8.10071,8.17748,7.88701,9.02746,9.12714,7.73911,8.77603,8.34458,7.09521,8.75258,8.38719,8.19081,7.66255,7.95822,7.71405,9.73877,9.0191,9.11393,8.18178,9.41752,8.37765,8.01988,6.51638,7.45773,8.59405,9.28349,7.66395,8.45553,8.65942,7.50988,8.43804,9.06039,8.16532,7.40465,3,2,2,1,2,5,6,6,8,5,6,7,4,16,4,17,2,20,18,10,12,6,10,9,15,1,1,8,2,1,9,5,14,14,12,1,1,5,5,3,7,7,4,0,22,11,19,7,4,4,1,0,7,5,4,5,1,3,6,6,24,20,6,6,8,8,3,6,3,3,9,5,4,4,5,4,5,9,2,2,2,3,6,2,3,1,5,5,6,6,5,13,10,5,14,7,16,15,15,11,3,5,14,7,3,1,0,1,1,5,1,1,10,3,10,7,1,2,0,5,4,3,1,1,1,2,2,3,2,7,4,9,7,10,5,11,9,18,7,13,16,13,11,8,4,12,5,2,3,1,2,2,3,4,1,3,10,5,8,6,1,6,6,10,19,19,8,13,21,10,18,9,12,22,22,22,19,12,17,13,7,12,4,9,7,5,10,3,4,7
169.375,0.948589,0.0128217,9,511,0,-104.642,7.99769,0.416107,0.410138,0.0929028,0.597772,-0.833023,0.158629,0.41421,0.173579,-0.134461,-0.0136885,0.0962093,-0.228645,0.499099,0.629837,0.5879,-0.161747,0.20924,-0.287088,-1.03577,-0.0620498,0.458829,0.0731329,-1.08163,0.204255,-0.00411084,-0.293082,-0.281741,-0.43083,-0.784338,0.669028,0.459776,0.0621867,0.115284,0.202938,-0.440306,0.256725,-0.0661823,0.280101,0.0808876,-0.174563,-0.384739,0.0606701,0.243763,-0.613203,0.00715694,0.51577,-0.0305286,0.821574,0.218862,0.522422,-0.119963,-0.129977,0.710797,0.437861,-0.342593,-0.133303,0.141228,0.240697,0.62914,-0.235568,-0.133386,-0.161518,0.403745,0.922246,-0.0594578,-0.114972,0.044437,0.362188,-0.175039,0.711615,0.394196,-0.644962,-0.477185,-0.253071,0.326198,0.176308,0.099744,-1.4721,-0.446349,0.71993,-0.733695,0.178656,-0.603647,0.689774,-0.0637776,-0.00825896,-0.537414,-1.34054,0.527839,-0.898917,0.241052,0.378818,-0.118755,-1.89214,-0.769633,-0.586241,1.01341,1.78916,0.216016,-0.0327371,-0.761187,-0.0238084,0.560237,0.0288953,-1.55005,-0.973269,-0.603547,-0.70955,0.519771,-0.267502,-0.553379,0.294723,0.574695,0.53788,0.604392,-0.383326,-0.757063,-0.428051,0.0896282,-0.0114796,0.0555126,0.40109,0.346458,0.462887,-0.134092,0.0702755,0.0864519,0.0729096,0.157325,-0.129387,0.0994792,-0.00487706,0.160888,-0.34538,-0.894373,0.100706,0.152461,23.8079,0.521407,0.634436,0.316857,0.536509,0.594356,0.539935,0.469038,0.496844,0.522168,0.447478,0.613084,0.641266,0.632321,0.462776,0.548094,0.434193,0.277834,0.485698,0.604237,0.516855,0.269427,0.546954,0.499052,0.432835,0.435404,0.401954,0.326655,0.649538,0.604446,0.514334,0.526555,0.546654,0.399855,0.558916,0.484746,0.564224,0.518641,0.459839,0.412213,0.513985,0.555967,0.36227,0.50165,0.616724,0.492962,0.680853,0.498619,0.491115,0.51238,0.497642,0.493843,0.49742,0.501999,0.500203,0.49857,0.503399,0.492582,0.490639,0.491262,0.502404,0.49689,0.504267,0.515391,0.500922,0.49318,0.498913,0.516072,0.496964,0.500061,0.504356,0.504188,0.506404,0.511657,0.490057,0.493166,0.499076,0.498286,0.496983,0.506545,0.496184,0.500984,0.495837,0.498798,0.502595,0.505719,0.499098,0.496377,0.509114,0.499894,0.492334,0.500454,0.48779,0.491979,0.448568,0.571435,0.486307,0.464296,0.485017,0.511608,0.501182,0.491694,0.519732,0.457012,0.44583,0.449412,0.513962,0.481941,0.524768,0.588492,0.505357,0.460465,0.493686,0.592322,0.482371,0.500355,0.525285,0.524308,0.537131,0.567313,0.442488,0.460384,0.494631,0.490047,0.482484,0.537945,0.477848,0.505714,0.475833,0.493016,0.515068,0.533172,0.494762,0.478965,0.55275,0.499382,0.455583,0.502636,0.429533,0.47924,0.369437,0.678095,0.464591,0.40843,0.461267,0.530028,0.503061,0.478502,0.550946,0.390222,0.362782,0.371497,0.536103,0.453351,0.563841,0.716337,0.51387,0.398825,0.483654,0.724597,0.454457,0.500919,0.565159,0.562664,0.595156,0.668518,0.354719,0.398622,0.486099,0.474246,0.454749,0.597196,0.442849,0.514794,0.437697,0.481922,0.538952,0.585186,0.486438,0.445711,0.633772,0.4984,0.38668,0.506826,0.324144,8.51935,9.11002,7.10413,8.95517,8.60839,8.31736,8.14779,8.09018,8.52336,7.82951,9.59272,9.1673,8.81725,8.21041,8.56471,8.64086,7.16505,8.0315,8.66216,8.39967,7.11139,8.65436,8.38275,8.23556,7.76523,8.1043,7.68103,9.7717,8.96313,9.06435,8.4508,9.35487,8.45584,8.69902,8.68242,8.72732,8.77016,8.17598,8.15989,8.46136,8.70222,7.64697,8.31961,8.9348,8.0404,9.39572,2,3,2,7,2,6,6,6,6,0,6,4,10,17,18,8,22,7,15,8,4,8,11,5,7,1,2,1,4,4,11,16,20,10,10,1,7,4,3,14,8,7,1,8,23,18,21,6,6,4,2,2,3,1,4,0,0,1,2,12,8,16,12,1,3,1,10,8,0,12,4,3,6,6,2,6,5,6,2,2,3,1,0,3,1,4,0,2,2,0,4,11,22,16,10,21,43,32,20,8,7,5,2,6,2,5,1,3,4,4,9,5,3,7,6,13,7,7,8,2,0,1,0,4,8,6,2,3,3,4,2,13,16,18,11,19,16,5,15,20,6,14,10,13,10,12,10,7,3,2,3,5,3,5,8,7,2,3,5,11,17,10,5,7,5,10,11,6,8,11,2,11,7,5,7,5,1,6,8,5,8,4,6,10,19,19,3,4,6,2
173.009,0.995215,0.0128217,8,255,0,-103.28,7.99561,0.411466,0.336496,-0.754853,0.427858,-0.614701,0.00722987,-0.113212,0.0743454,-0.126973,-0.390321,-0.125326,-0.0237212,0.553582,0.453034,-0.113888,-0.0725498,-0.319307,0.594939,0.166305,0.0908896,0.675729,0.072912,-1.02553,0.207625,-0.131488,0.010274,-0.212338,-0.239478,-0.41221,0.864979,0.503827,0.132973,-0.136466,0.286538,-0.310902,-0.692308,0.566361,0.453339,0.409525,-0.357119,0.638834,-0.134003,0.299055,-0.731621,0.010002,-0.470224,0.333962,-0.72685,0.105935,0.146945,-0.23387,-0.0152538,0.623312,0.153412,0.152839,-0.28894,0.0114013,-0.0925684,0.294643,-0.533658,-0.0241377,-0.724697,0.439559,0.900876,-0.110043,-0.00130398,-0.00446654,0.373284,0.737807,0.722484,0.187606,-0.56289,-0.135598,0.742045,0.837131,-0.0183736,-0.00792843,-1.01891,-1.06939,0.335824,-0.576804,0.729516,-0.759611,0.601355,0.0447965,-1.28331,-0.041549,-1.35332,0.78011,-0.37991,0.597428,0.482838,-0.284202,-1.2265,-0.756341,-0.118294,1.68217,1.46632,-0.0493574,-0.837404,-0.545756,0.535805,0.344495,0.0710078,-1.40807,-0.940827,-0.333978,-0.205128,0.558165,0.434318,-0.308267,0.167009,0.483672,0.600039,0.128949,0.0811457,-0.527989,0.524807,0.144309,0.115223,-0.0129958,0.311299,-0.198113,0.0926499,0.14265,0.0345468,-0.147393,0.00921723,0.0598456,0.00769938,0.160074,-0.41459,0.0114782,-0.663453,-1.05042,0.0484615,0.270623,17.0627,0.336255,0.595186,0.36499,0.501628,0.474525,0.516738,0.471434,0.412987,0.471804,0.494658,0.622156,0.600639,0.474373,0.483666,0.428578,0.630874,0.537385,0.520459,0.647655,0.516415,0.284169,0.546625,0.470421,0.502314,0.452323,0.446273,0.408215,0.685516,0.611563,0.529912,0.469304,0.564178,0.430433,0.348944,0.624858,0.600705,0.591201,0.420257,0.640034,0.469857,0.566949,0.340942,0.502253,0.395652,0.574652,0.341908,0.520755,0.488231,0.516904,0.499801,0.503115,0.497955,0.503493,0.510736,0.503448,0.500653,0.484775,0.487539,0.503133,0.501996,0.508783,0.483639,0.495425,0.4975,0.481419,0.497994,0.528183,0.494288,0.503617,0.499717,0.505841,0.506588,0.511338,0.476222,0.486143,0.496342,0.503754,0.492118,0.508552,0.519037,0.484424,0.487531,0.488736,0.509823,0.482432,0.503686,0.491773,0.520117,0.499725,0.512933,0.490813,0.519986,0.62265,0.429507,0.600566,0.498801,0.518769,0.487671,0.521048,0.564381,0.520775,0.503934,0.409199,0.425419,0.518881,0.512031,0.552764,0.402583,0.472444,0.484929,0.389762,0.487909,0.663826,0.465617,0.521795,0.498296,0.535161,0.539637,0.567948,0.360344,0.417203,0.477959,0.522619,0.452617,0.551385,0.612851,0.407151,0.425369,0.43249,0.558957,0.395599,0.522212,0.45056,0.619021,0.498341,0.577366,0.444833,0.618274,0.688456,0.389496,0.65604,0.498101,0.529695,0.480486,0.533294,0.601088,0.532864,0.506229,0.358589,0.383226,0.529872,0.519043,0.583074,0.34866,0.456438,0.47615,0.329643,0.480862,0.745971,0.445692,0.534475,0.497302,0.555531,0.562558,0.606588,0.287288,0.370697,0.465137,0.535775,0.425317,0.580926,0.674194,0.355507,0.383151,0.394085,0.592697,0.338263,0.535132,0.422106,0.683198,0.497373,0.621032,0.413188,0.682113,7.42923,9.02013,7.08675,8.52387,7.68843,7.91458,8.19706,7.35504,8.18277,7.79633,9.46606,8.87895,7.68762,8.24639,7.96554,9.5154,8.53437,7.93453,8.63573,8.43807,7.11081,8.58414,8.3467,8.14056,7.569,7.99497,7.78743,9.7112,8.93973,8.96108,8.18562,9.35453,8.42624,7.67474,9.19571,9.05066,8.87613,8.07519,9.0505,8.34366,8.69415,7.6281,8.36221,7.7845,8.05037,7.46241,4,3,1,1,4,0,6,1,1,11,14,16,41,31,24,28,18,8,7,15,6,7,12,2,5,1,2,1,1,2,7,6,15,10,10,7,4,3,6,10,16,1,7,2,14,14,16,2,2,13,1,0,4,2,0,1,3,0,1,15,16,14,19,5,6,14,6,4,4,5,7,5,3,10,5,5,5,6,3,2,0,5,1,2,2,2,6,7,3,7,4,30,23,24,28,18,23,21,24,5,10,1,4,4,1,0,2,7,6,6,6,6,16,14,3,5,7,7,5,5,1,0,3,1,2,1,1,4,5,3,6,8,6,9,4,8,5,7,8,8,7,10,2,7,3,8,7,3,6,7,2,5,6,9,10,4,4,6,2,7,4,3,6,1,6,3,3,2,8,6,4,6,3,5,2,1,7,1,0,9,4,5,3,7,15,13,9,6,4,9
193.087,0.999041,0.0128217,8,255,0,-113.937,9.14611,0.503331,0.488522,0.193015,0.679486,-0.774138,0.125277,-0.23933,0.210404,-0.291719,0.388773,0.0931098,-0.148928,0.801463,0.376669,0.158675,-0.343248,0.434817,-1.08681,-0.561212,0.270124,0.619495,-0.182788,-1.42785,0.156564,0.100719,-0.625572,-0.229274,0.270493,0.0140109,0.20434,0.367211,0.443393,-0.230481,0.498218,-0.15828,0.340796,-0.745354,-0.465797,-0.361748,0.706774,-0.711403,0.119451,0.00536881,-0.70761,-0.0838442,0.0682226,-0.230836,0.72807,0.0864288,-0.454767,-0.048873,0.136225,-0.531036,-0.0417337,-0.205979,-0.598226,0.0967504,-0.998942,0.485059,0.078759,0.26712,0.0224891,0.00395201,0.530438,0.383965,-0.340982,-0.103604,0.347988,0.557442,0.70986,0.100488,-1.36326,0.239207,-0.445367,0.594165,0.301438,0.0492507,-1.0952,-0.76558,0.289428,-1.30437,0.388173,-0.817365,0.65424,-0.542895,0.0969887,-0.744291,-1.42381,0.532956,-0.69025,0.0859302,0.0882492,0.0244105,-1.44896,-0.897007,-0.674057,0.697007,0.33104,0.267989,0.405941,-0.910672,0.129314,0.99836,-0.723436,-1.10208,-0.246369,0.323954,-0.792686,0.530321,-0.20128,-0.508991,0.178048,0.634312,0.639509,0.212682,-0.0937392,0.108726,-0.156237,-0.087983,-0.0426033,-0.0365751,-0.282241,0.12217,-0.0005603,0.0864844,-0.0555502,0.0917959,-0.0493563,0.0299743,-0.0716622,-0.0163096,0.0707478,0.0475806,-0.49648,-0.0639,0.0977765,0.148003,23.6981,0.525573,0.589143,0.398761,0.516607,0.468305,0.527873,0.461392,0.551373,0.512345,0.480261,0.604709,0.549784,0.521029,0.454607,0.557407,0.359741,0.426123,0.53576,0.58142,0.47578,0.319214,0.52075,0.513353,0.417796,0.469634,0.535809,0.501858,0.527071,0.548542,0.558529,0.469474,0.565687,0.479023,0.54507,0.402427,0.438543,0.452175,0.592642,0.406765,0.515835,0.500712,0.407251,0.488883,0.509046,0.469427,0.595367,0.518519,0.564857,0.426232,0.512023,0.477043,0.520186,0.472027,0.53725,0.508937,0.485708,0.576332,0.536094,0.515227,0.467099,0.541642,0.397164,0.446336,0.525906,0.559187,0.482461,0.366272,0.515024,0.509667,0.440238,0.478006,0.525942,0.501345,0.519605,0.535191,0.542459,0.47789,0.547679,0.484811,0.532667,0.428937,0.455406,0.465331,0.567431,0.432133,0.511464,0.500515,0.432491,0.491952,0.506548,0.477856,0.569437,0.476061,0.416453,0.59492,0.484456,0.529671,0.473908,0.536145,0.451895,0.488445,0.518477,0.401814,0.453384,0.480315,0.542501,0.446239,0.631715,0.56921,0.466522,0.423709,0.522672,0.670158,0.480577,0.487501,0.577028,0.528427,0.466477,0.498261,0.474659,0.454548,0.445187,0.528576,0.438475,0.519636,0.457801,0.591472,0.557558,0.54478,0.413164,0.587393,0.485178,0.499334,0.586936,0.510405,0.491533,0.52862,0.410603,0.496917,0.489147,0.512364,0.497999,0.503823,0.496639,0.50466,0.49379,0.498513,0.502379,0.487199,0.493983,0.497465,0.505483,0.493054,0.517355,0.508964,0.495685,0.490105,0.50292,0.522794,0.497499,0.498391,0.509992,0.503663,0.495679,0.499776,0.496736,0.494134,0.492917,0.503682,0.492042,0.502528,0.494556,0.511905,0.507441,0.505779,0.488711,0.511363,0.498092,0.499914,0.511302,0.501339,0.49891,0.503688,0.488371,8.79013,9.05078,7.07917,7.748,7.67037,8.16827,8.23186,8.36565,8.67952,7.77044,9.45978,8.99337,8.11101,8.19648,9.03605,7.37277,7.95543,8.23437,8.62074,8.35243,7.00134,8.74977,8.41062,8.17351,7.6815,8.09249,7.80855,9.65077,8.9829,9.06421,8.29963,9.30953,8.39823,8.67635,6.7849,7.78358,8.63619,9.08091,7.00612,8.43135,8.58238,7.51637,8.46197,8.63033,8.04729,9.38175,1,0,2,1,2,4,6,13,11,4,5,5,14,8,17,16,15,12,16,6,9,14,4,9,17,2,0,0,2,1,15,13,7,7,6,1,3,3,10,6,9,5,4,3,12,18,14,5,4,3,4,7,0,2,3,0,2,0,3,16,10,15,10,8,4,5,8,1,5,3,7,7,6,4,5,4,9,12,1,1,1,3,0,3,1,2,0,4,6,2,1,11,18,11,21,11,5,9,6,8,9,10,11,13,3,3,4,7,1,4,3,5,5,6,10,31,2,2,0,2,2,3,8,4,3,1,4,5,14,16,11,7,14,12,8,11,17,11,6,7,11,10,6,10,12,9,9,4,5,5,6,7,4,4,5,2,6,2,1,6,5,3,5,6,13,10,10,5,8,4,12,8,9,8,11,7,7,8,13,7,4,5,9,9,10,9,8,7,5,9
188.224,0.855891,0.0128217,8,511,0,-119.118,9.32549,0.504549,0.456605,-0.71972,0.802962,-1.09298,-0.207734,0.565502,0.0676716,-0.226805,0.497958,0.198815,-0.326714,0.920955,0.1893,1.10569,-0.303507,0.39371,-1.08245,-0.682473,-0.474289,0.506977,-0.102479,-1.39693,-0.158699,0.162904,-0.345061,-0.373904,0.179396,-0.0895688,0.472949,0.32825,0.48918,-0.220422,-0.0979038,-0.116774,0.205988,-0.713133,0.253231,0.0607907,0.124705,0.524575,-0.0895653,-0.0398946,-0.631918,-0.0678789,-0.593849,-0.217675,-0.346966,-0.283075,-0.467175,-0.219388,0.142852,0.118,-0.346796,-0.0985948,-0.396737,-0.271609,-0.82465,0.381274,0.333973,0.435871,-0.0488337,0.0971506,0.555064,0.0264825,-0.301326,-0.131772,0.360758,1.43933,0.642569,0.129404,-1.19325,0.584468,-0.224754,0.276144,0.00212938,-0.297162,-0.539947,-0.4384,0.850539,-1.49732,0.488615,-0.427822,0.532019,-0.0722418,-0.548141,-0.0658364,-0.887442,0.76032,0.0282686,0.111882,-0.0325262,-0.16334,-0.507124,0.0458544,-0.446881,0.488923,1.12226,0.396812,0.156345,-0.690135,-0.0758715,0.623723,-0.772182,-1.26756,-0.802236,0.386302,-0.593807,0.877052,-0.436681,-0.271548,0.389492,0.796009,0.216763,0.210062,-0.433327,0.196613,0.0823863,-0.140998,-0.152199,-0.0748963,0.211387,-0.162371,0.152855,-0.170809,0.0555104,0.158003,0.0448897,-0.0137115,-0.049995,-0.0337012,-0.0500759,-0.0722601,-0.152168,-0.597917,0.25866,0.132783,13.8238,0.401435,0.609615,0.352819,0.471206,0.577834,0.509389,0.468569,0.568663,0.527561,0.454787,0.625085,0.526244,0.648791,0.457983,0.554417,0.354154,0.406412,0.434562,0.56989,0.485783,0.315315,0.477992,0.52259,0.452263,0.4483,0.524874,0.487573,0.565255,0.545424,0.567467,0.469451,0.486418,0.483801,0.528553,0.402314,0.535082,0.508435,0.517298,0.572283,0.487574,0.494464,0.413199,0.490582,0.418332,0.469831,0.452001,0.495235,0.505316,0.492764,0.498625,0.503744,0.500448,0.498498,0.503297,0.501316,0.497837,0.506097,0.501253,0.50732,0.497991,0.502607,0.492834,0.495482,0.49686,0.503356,0.499322,0.490752,0.498949,0.501079,0.497715,0.497525,0.501188,0.499407,0.503131,0.502173,0.503239,0.498541,0.499352,0.499227,0.501364,0.495279,0.501677,0.500402,0.500826,0.503473,0.499407,0.499736,0.495816,0.499551,0.496068,0.498559,0.497703,0.527352,0.469492,0.541484,0.507902,0.4785,0.497426,0.508627,0.481066,0.492437,0.512426,0.465022,0.492799,0.458036,0.511544,0.485027,0.541086,0.525939,0.518035,0.480723,0.503898,0.552943,0.506037,0.493803,0.513124,0.51422,0.493176,0.503407,0.482016,0.487515,0.481399,0.508384,0.503724,0.504442,0.492164,0.527102,0.490368,0.497687,0.495256,0.480055,0.503407,0.501518,0.524021,0.502582,0.522576,0.50828,0.513196,0.605953,0.382227,0.657801,0.531012,0.416265,0.489886,0.533851,0.426111,0.470316,0.548682,0.365713,0.471734,0.34049,0.545244,0.441419,0.656383,0.600623,0.570425,0.424793,0.515314,0.697464,0.523704,0.475668,0.551397,0.555659,0.47321,0.513385,0.429771,0.45109,0.427395,0.532901,0.51463,0.517448,0.469248,0.605012,0.462219,0.490914,0.481368,0.422224,0.513385,0.505963,0.593351,0.510145,0.587847,0.532492,0.551679,7.85679,9.07083,6.97729,7.39778,8.76096,8.22505,8.25947,8.68831,8.84549,7.80029,9.53469,8.83524,9.34063,8.30446,8.92774,7.38055,7.8968,7.64146,8.69801,8.39337,7.13165,8.4604,8.38236,8.15613,7.74949,8.15148,7.86176,9.85441,8.98486,9.07086,8.26634,9.31334,8.41836,8.42876,6.85405,8.47964,8.65897,8.34122,8.52303,8.11041,8.58837,7.52668,8.43064,7.86448,8.03418,8.25767,1,1,0,4,3,10,12,11,9,5,5,7,6,10,3,2,7,6,2,8,12,6,8,4,6,3,1,2,6,1,19,12,20,21,23,4,2,1,7,4,9,4,4,3,10,8,12,5,10,7,1,5,2,4,3,4,5,1,2,14,8,10,11,5,6,3,2,4,11,7,9,12,8,3,4,13,2,8,2,3,1,7,3,6,7,6,10,7,3,3,0,26,23,17,23,15,19,36,14,3,6,7,10,13,4,0,0,6,8,5,3,13,15,2,11,7,2,1,3,4,0,0,4,2,4,8,0,4,7,4,14,13,9,16,19,24,21,17,25,11,18,12,19,8,17,18,19,7,3,5,3,12,10,4,4,4,7,5,9,8,3,5,3,12,15,5,10,7,21,11,12,7,12,6,5,13,10,13,18,8,7,7,6,10,9,7,7,6,6,6
181.927,0.92573,0.0128217,8,255,0,-122.941,8.79601,0.573679,0.561181,0.144754,0.665266,-1.2965,0.798879,-0.685916,0.57389,-0.219417,-0.363575,0.0876992,-0.524337,0.617335,0.585313,-1.00159,-0.552137,0.0061922,-0.0910133,-1.05788,-0.0483911,0.235327,-0.2069,-1.35309,0.0659575,0.0155372,-0.468012,-0.672045,-0.4037,-0.627761,0.386997,0.268974,0.248218,-0.198598,-0.348825,-0.395177,-0.0727624,-0.394465,-0.158259,0.150094,0.628979,0.0796927,0.326788,0.015663,-0.673885,-0.00414533,0.710288,0.0291451,-0.360872,-0.780041,-0.175374,-0.471809,-0.0747937,0.718062,-0.136644,-0.599515,-0.188559,-0.384974,-0.175727,0.562763,0.29223,0.11797,-0.137031,0.0252955,0.642636,0.256366,-0.327939,-0.0166898,0.357752,-0.48227,0.580137,0.0957838,-0.512055,0.139852,-0.0647607,-0.0829148,0.177516,-0.0568768,-1.70827,-1.33012,0.243346,-0.683535,0.537244,-0.723146,0.573696,-0.503438,-0.767893,-0.349148,-1.00802,0.279174,-1.4815,0.0462893,0.341804,0.281971,-0.90778,-0.768342,-0.692426,1.2333,0.821935,-0.231955,-0.255136,-0.35258,-0.0552498,0.834346,-0.285728,-0.293682,-0.954769,0.405612,-0.093773,0.819231,0.108975,0.310798,-0.0918744,1.02011,0.44135,-0.167637,-0.46269,-0.320723,-0.103039,-0.0273598,0.137295,-0.109104,0.0358478,-0.218204,0.0323282,-0.0447983,0.00307896,-0.0267764,-0.0355947,0.123151,-0.00517829,-0.00157463,-0.0410393,0.115598,-0.402164,-0.497714,0.319635,0.167472,25.5078,0.523239,0.605282,0.302974,0.6256,0.391552,0.591169,0.464807,0.441853,0.514086,0.416549,0.5979,0.592943,0.34442,0.412213,0.500995,0.485382,0.336299,0.492226,0.537735,0.466809,0.295349,0.510595,0.502496,0.425371,0.393677,0.435503,0.40049,0.561856,0.543106,0.539794,0.468137,0.444192,0.43685,0.488312,0.436963,0.474596,0.524095,0.599697,0.512801,0.552309,0.502516,0.393395,0.499334,0.612173,0.504682,0.442281,0.509276,0.542535,0.417662,0.551023,0.456152,0.536715,0.485941,0.476715,0.505621,0.466445,0.539484,0.537443,0.436157,0.464672,0.500397,0.494167,0.432612,0.496899,0.515078,0.486743,0.414138,0.504227,0.500996,0.47004,0.457034,0.474149,0.459852,0.524783,0.517232,0.515903,0.487274,0.477658,0.474694,0.495337,0.47474,0.489858,0.509619,0.540225,0.505107,0.520932,0.501004,0.456917,0.499734,0.545398,0.501868,0.476888,0.48545,0.43351,0.627476,0.420364,0.568529,0.442555,0.522046,0.536489,0.491184,0.552523,0.438249,0.441422,0.599361,0.555285,0.499377,0.50915,0.604785,0.504865,0.476358,0.52079,0.632781,0.493369,0.498438,0.546916,0.56716,0.5405,0.562783,0.461169,0.472983,0.475065,0.519957,0.535014,0.539648,0.507315,0.539577,0.515906,0.484914,0.437097,0.491988,0.467192,0.498425,0.567341,0.500417,0.429068,0.49707,0.536219,0.481996,0.41797,0.655947,0.401886,0.584528,0.429073,0.527275,0.545116,0.489089,0.564875,0.423785,0.427681,0.622108,0.568272,0.49923,0.511323,0.628671,0.506021,0.470752,0.525722,0.662276,0.491794,0.498067,0.557972,0.58285,0.550063,0.577482,0.451995,0.466582,0.469154,0.524691,0.543295,0.549013,0.509053,0.548926,0.519682,0.481333,0.42237,0.490085,0.459428,0.498051,0.583073,0.500516,0.412529,0.496374,0.544782,8.85297,9.03545,6.9385,8.82756,7.61587,9.02461,8.21551,7.97581,8.7891,7.79615,9.49433,9.34555,7.26478,8.0733,8.46808,8.70205,7.51055,8.32854,8.64616,8.22951,7.18429,8.76476,8.30902,8.12475,7.63133,8.07779,7.82756,9.73857,8.992,9.08182,8.23881,9.34919,8.36171,8.21015,7.49344,8.11444,8.73059,8.99498,8.61879,8.65739,8.70844,7.53818,8.4565,9.25516,8.13626,8.28702,4,5,9,3,2,5,7,7,4,5,2,7,5,6,6,8,4,6,6,4,4,4,11,9,12,0,1,2,0,2,4,12,15,13,12,1,1,4,6,7,12,5,6,3,7,10,11,6,11,4,2,2,3,2,0,0,1,3,3,8,16,2,12,0,3,2,6,1,3,5,2,8,3,5,15,6,12,8,3,2,2,3,5,4,2,2,6,0,4,1,4,21,25,26,33,24,22,23,24,5,1,4,12,5,6,1,3,2,2,4,4,5,5,9,8,14,1,2,1,5,3,3,0,1,1,0,1,0,13,6,6,16,9,14,13,11,12,19,11,12,8,15,15,12,4,18,11,8,9,10,1,11,5,8,10,6,11,18,6,4,1,7,10,12,11,9,11,13,8,20,18,11,19,9,13,9,5,19,16,13,9,2,2,2,11,8,2,7,5,6
175.723,0.999243,0.0128217,9,511,0,-117.376,8.48193,0.534105,0.502275,0.535341,0.267928,-0.778482,-0.0496605,-0.842042,-0.320731,-0.208312,1.16275,-0.0747855,-0.0461036,0.648753,0.574224,1.05652,-0.228782,-0.412251,-0.854399,0.407088,0.089995,0.798953,-0.164411,-1.25006,-0.00973959,-0.233073,-0.33033,-0.14186,-0.20686,-0.4188,0.692782,0.400192,0.307784,-0.146944,0.9079,-0.34408,0.461956,0.537005,0.113214,-0.326204,0.138506,-0.66805,-0.557663,0.121366,-1.0288,-0.106537,-0.603678,-0.639224,0.411082,0.470913,0.670338,0.335591,0.0818329,-0.65328,-0.185492,0.63855,0.175564,0.540017,-0.394379,0.0886653,-0.598282,0.259568,0.141025,0.424094,0.582071,0.36153,0.0134856,-0.102621,0.358493,0.896831,0.713707,0.039975,-0.365924,0.426064,0.941953,0.936431,0.846795,1.05196,-1.30626,-1.15986,0.94844,0.588877,0.454485,-0.623349,1.01469,-0.100355,-0.372345,-0.10338,-1.48925,1.12221,-0.630095,0.331873,0.505946,-0.186556,-0.69333,-1.11079,0.215391,0.258677,0.835489,-0.473953,0.141077,-0.764774,0.196411,-0.102189,-0.158764,-0.720021,-0.614826,-0.0232753,-0.387278,0.809043,0.0270931,0.399847,0.165485,1.10408,0.683663,0.454357,0.0439494,0.111849,0.0465457,-0.0478778,-0.0568964,0.0301771,-0.0107813,0.090806,0.060358,-0.129928,-0.0319245,-0.0518652,0.0442538,-0.0300787,-0.0350535,-0.0609114,-0.0409559,0.105056,-0.825843,-0.332991,-0.0817091,0.0603187,21.4811,0.577277,0.538909,0.388616,0.492774,0.379863,0.453463,0.469724,0.663025,0.489119,0.493292,0.593299,0.58279,0.649074,0.466757,0.440296,0.378171,0.558963,0.513093,0.614211,0.476094,0.325716,0.498583,0.466136,0.452079,0.479369,0.469935,0.439357,0.599468,0.557973,0.544669,0.47863,0.629124,0.450097,0.566821,0.577514,0.516469,0.452674,0.520144,0.403994,0.419555,0.517654,0.35461,0.484502,0.413047,0.40804,0.559536,0.548235,0.524197,0.4301,0.495512,0.424476,0.471044,0.481181,0.603572,0.493241,0.495833,0.558369,0.551714,0.594347,0.479334,0.462809,0.423385,0.536727,0.508133,0.571714,0.485144,0.3889,0.49912,0.478947,0.470179,0.487181,0.481312,0.46222,0.56229,0.536107,0.52779,0.486722,0.581329,0.468941,0.541656,0.548384,0.510231,0.470551,0.512516,0.439912,0.449767,0.510968,0.408071,0.490372,0.445654,0.442481,0.537086,0.391239,0.444908,0.65541,0.510252,0.667166,0.565834,0.542902,0.276828,0.515435,0.509517,0.369173,0.383618,0.29473,0.547095,0.584301,0.669428,0.416735,0.481428,0.340782,0.533892,0.737373,0.502011,0.547972,0.56778,0.529255,0.542605,0.585614,0.360746,0.41812,0.436795,0.530301,0.320869,0.570565,0.405764,0.390912,0.476643,0.566944,0.471435,0.634531,0.613143,0.474964,0.70049,0.521982,0.622117,0.628993,0.415934,0.455552,0.47771,0.564446,0.504134,0.569642,0.526675,0.517335,0.404395,0.506225,0.503838,0.446202,0.452342,0.412943,0.519036,0.534265,0.570651,0.466163,0.492509,0.433878,0.513683,0.602588,0.500811,0.519393,0.527472,0.511807,0.517214,0.534808,0.442582,0.466734,0.4744,0.51223,0.42499,0.528613,0.461619,0.455414,0.490576,0.527129,0.488472,0.555386,0.546291,0.489898,0.584818,0.508868,0.550086,0.553014,0.465832,9.12644,9.0321,6.88064,9.18544,6.80995,7.39094,8.29667,9.04432,8.44512,7.69771,9.46436,9.16979,8.92663,8.27308,8.06896,7.78718,8.98337,7.84978,8.64059,8.34571,7.137,8.5178,8.47238,8.25649,7.59072,8.05145,7.81481,9.66735,8.97567,9.08403,8.36523,9.22481,8.35584,9.24869,9.84055,8.85928,8.71806,8.88753,7.53691,8.11013,8.66429,7.58611,8.41037,7.85547,8.08938,8.98782,4,1,1,3,2,14,11,13,4,3,3,13,13,14,10,7,12,6,11,7,6,19,10,6,7,1,1,1,4,3,12,6,8,8,3,8,4,6,3,5,6,1,6,2,9,16,11,5,0,6,4,4,3,3,2,0,2,1,0,14,14,8,12,4,1,2,3,6,5,5,7,5,3,2,3,7,1,1,3,1,0,3,1,3,0,1,0,6,4,7,7,4,4,9,3,3,1,11,7,4,9,0,4,6,2,2,3,4,3,5,10,1,6,3,5,7,4,1,2,3,2,4,5,1,3,4,0,3,3,5,4,14,15,12,14,7,8,4,6,6,10,9,9,4,11,1,10,2,1,2,0,2,2,1,2,1,5,3,5,2,6,4,3,8,6,6,8,10,8,10,8,12,12,8,8,10,5,5,10,3,7,5,6,5,4,1,1,1,4,2
181.716,0.999925,0.0128217,9,511,0,-101.211,8.92225,0.568023,0.603851,0.336439,0.565334,-1.08455,-0.0945512,0.558376,0.802336,-0.140924,-0.290366,-0.666631,-0.468096,0.940317,0.525174,-0.365842,-0.390462,-0.653123,0.471487,-0.645116,0.813885,0.377522,0.0720753,-1.29002,0.0280034,-0.0411432,-0.568094,-0.604889,-0.205807,-0.521009,0.998776,0.334354,0.55111,-0.0312872,-0.200104,-0.0805747,-0.0200694,-0.0936468,-0.086247,0.442988,-0.552009,0.874339,0.0834407,0.0622957,-0.82745,0.181465,0.252687,0.570743,-0.393844,-0.808755,-0.433034,-0.520389,0.0734685,0.695063,0.214017,-0.603764,-0.523922,-0.631154,0.0227649,0.277516,0.819851,0.161802,-0.0747796,-0.275455,0.477311,-0.33877,-0.549216,0.0470824,0.357245,0.509916,0.629683,0.128359,-0.850264,-0.0559768,0.182729,0.322916,-0.060425,-0.384276,-1.51175,-1.57013,0.494126,-0.180671,0.576221,-0.795253,0.789563,-0.221194,-0.470805,-0.59336,-1.35306,0.338144,-1.29286,0.155549,0.331899,0.284228,-0.835832,-0.540927,-0.779001,1.29666,1.18173,-0.142858,0.0539462,-0.805871,-0.0922446,0.74337,-0.444419,-0.608534,-0.415864,0.771161,-0.0486587,1.11573,-0.226523,0.155574,0.0536577,1.01997,0.497577,-0.0373446,-0.708535,0.174512,-0.0302762,-0.045861,0.105574,-0.0356647,-0.0585463,0.153112,-0.0791673,0.237216,-0.0472308,-0.0296598,0.0128944,0.042261,0.0250867,-0.000518684,0.0305519,0.0422835,-0.75561,-0.489953,0.237578,0.170696,19.4728,0.54006,0.567054,0.373398,0.488719,0.566238,0.594588,0.48319,0.465407,0.421117,0.444374,0.610359,0.562342,0.456456,0.453541,0.422689,0.556025,0.423622,0.595916,0.544927,0.5086,0.350751,0.503342,0.495091,0.432623,0.428317,0.475461,0.438148,0.616975,0.539813,0.565386,0.496267,0.47614,0.490386,0.497605,0.488827,0.48971,0.552665,0.434509,0.602844,0.509955,0.507433,0.402526,0.52164,0.530116,0.567687,0.453141,0.471537,0.452266,0.590834,0.508007,0.45285,0.432463,0.511933,0.524572,0.55622,0.539561,0.421029,0.455639,0.530945,0.533021,0.55509,0.460153,0.55442,0.431503,0.46807,0.493896,0.607548,0.497628,0.503484,0.547965,0.551051,0.517423,0.544011,0.416209,0.471713,0.45346,0.50265,0.516941,0.506824,0.5017,0.507931,0.507304,0.462552,0.546615,0.426487,0.492934,0.494724,0.569624,0.484636,0.478612,0.451812,0.533306,0.436786,0.394802,0.69413,0.517853,0.396059,0.352914,0.526596,0.554632,0.623331,0.587514,0.329486,0.402075,0.568672,0.573229,0.620932,0.411865,0.619507,0.350924,0.429165,0.486388,0.726065,0.49471,0.507771,0.605696,0.612316,0.538799,0.597168,0.319801,0.437173,0.397373,0.50591,0.537728,0.515216,0.503791,0.517683,0.516287,0.417091,0.60279,0.340592,0.484243,0.488234,0.651407,0.465774,0.452411,0.393826,0.573854,0.458883,0.431193,0.629805,0.511579,0.432029,0.40297,0.517255,0.535507,0.580936,0.557086,0.386817,0.436025,0.544692,0.547682,0.579324,0.442504,0.578368,0.401609,0.453889,0.491173,0.652954,0.49657,0.505039,0.569139,0.573554,0.525188,0.563473,0.380046,0.459137,0.432903,0.503832,0.524491,0.509868,0.502458,0.511469,0.510563,0.445951,0.567205,0.394512,0.489781,0.49237,0.599987,0.477787,0.469088,0.430543,0.548092,8.90948,9.04263,7.17606,6.86677,8.95777,9.22217,8.11246,8.03661,7.82095,7.84376,9.43102,9.11423,7.9547,8.12045,7.55677,8.923,7.84427,9.23468,8.76159,8.3437,7.14659,8.57468,8.38446,8.13068,7.69541,8.1033,7.76129,9.63265,8.90721,9.00936,8.23149,9.16495,8.3238,8.40734,6.86776,8.33549,8.64975,7.83006,9.27506,8.51971,8.6119,7.53156,8.46245,8.53976,8.09522,8.11678,2,1,2,6,3,3,5,10,2,7,4,8,5,8,11,4,3,3,6,17,6,1,2,5,8,1,1,0,2,0,24,13,18,7,7,5,9,4,12,7,9,5,4,3,12,16,8,3,12,2,2,4,4,5,0,2,0,0,2,10,11,9,7,5,3,0,11,4,2,7,7,12,8,7,11,8,12,7,2,2,5,8,0,11,2,5,2,1,2,7,2,30,18,35,14,25,32,21,17,5,2,10,10,9,1,2,2,8,5,4,9,7,1,7,8,4,1,3,0,2,2,0,0,1,2,6,0,2,17,11,15,9,14,13,17,14,16,7,12,11,4,13,15,13,25,14,7,18,8,10,7,11,10,4,0,5,9,7,4,3,4,9,4,15,7,13,11,9,12,13,18,17,15,11,25,12,14,5,11,7,5,13,11,11,8,10,5,2,6,8
177.799,0.930318,0.0128217,10,1023,0,-115.119,8.81819,0.48711,0.515749,0.824085,0.450486,-1.16047,0.118538,-0.371983,0.319939,-0.200858,-0.0236525,-0.377545,-0.3046,0.497207,0.547951,0.115795,0.0179568,-0.483276,0.175632,0.0160356,0.029621,0.475889,-0.00749874,-0.947755,0.414283,-0.249874,-0.634657,-0.451428,-0.509421,-0.591317,1.131,0.738156,0.0289404,-0.08365,0.169611,-0.468138,1.00854,-0.0669261,0.0639359,0.503682,-0.240146,0.710145,0.00948378,0.370705,-0.923709,-0.005007,0.274007,-0.247286,-0.988354,0.936453,0.109346,0.588933,-0.0443567,0.536611,-0.186025,0.273695,1.07809,-0.409152,-0.115334,-0.0574927,-0.281689,-0.132104,-0.253223,0.591218,0.260637,-0.54688,0.0438439,-0.0594355,0.354138,-0.0503348,0.688224,0.126241,-0.704906,0.805216,0.338482,0.757481,0.290067,0.360522,-1.05,-1.44089,0.879189,-0.54545,0.244936,-0.860149,1.20335,-0.409219,-0.365213,0.242503,-1.78142,0.486927,-0.679393,0.520955,0.161865,0.410632,-0.685594,-0.628354,-0.45883,1.41459,1.35605,-0.00982919,0.166166,-0.474042,0.407567,1.40015,-0.271407,-1.14713,-1.01484,0.229565,-0.327199,1.04021,0.455736,0.240576,-0.00653564,0.904506,0.857335,-0.36639,-0.275531,-0.00823791,0.0181576,0.0467225,0.124406,-0.0681612,-0.109088,-0.228081,-0.0249657,0.110758,-0.051407,-0.0685776,0.100148,-0.00766685,0.0391859,0.0166105,0.121038,0.0525955,-0.334339,-0.138439,0.177222,0.180277,20.3092,0.553491,0.52932,0.424956,0.507723,0.475781,0.520835,0.486915,0.498459,0.475419,0.480163,0.532352,0.535643,0.507545,0.50117,0.468552,0.511442,0.501045,0.50193,0.530969,0.499511,0.438557,0.526968,0.483724,0.45874,0.470619,0.466855,0.461546,0.573166,0.54795,0.501886,0.49455,0.51105,0.469534,0.56534,0.495639,0.504166,0.532772,0.484357,0.546141,0.500618,0.524136,0.440101,0.499674,0.517846,0.483893,0.435953,0.3892,0.438719,0.65354,0.483799,0.550683,0.456369,0.527434,0.503234,0.551435,0.541549,0.432438,0.42564,0.484174,0.497545,0.565692,0.476006,0.497808,0.49595,0.435301,0.501025,0.626752,0.4436,0.53411,0.58591,0.561408,0.569201,0.580148,0.350118,0.400428,0.496043,0.511435,0.476827,0.563657,0.365504,0.509149,0.49126,0.431569,0.532786,0.404111,0.498703,0.44949,0.623671,0.500685,0.462608,0.533757,0.631931,0.431552,0.462417,0.595798,0.490093,0.531052,0.473283,0.516782,0.501977,0.531515,0.525438,0.458537,0.454327,0.490323,0.498499,0.540307,0.485324,0.49866,0.497524,0.460307,0.500627,0.578562,0.465428,0.520873,0.552849,0.537661,0.542477,0.549265,0.406576,0.438613,0.497581,0.506991,0.485827,0.53905,0.416491,0.505594,0.494656,0.457999,0.520062,0.44092,0.499207,0.469054,0.5766,0.500419,0.477113,0.520658,0.581868,0.471509,0.484414,0.540077,0.495898,0.512871,0.488929,0.506951,0.500819,0.513064,0.510541,0.482799,0.481045,0.495992,0.499379,0.51672,0.493922,0.499445,0.498975,0.483536,0.50026,0.532755,0.485666,0.508647,0.521951,0.515619,0.517624,0.520454,0.460936,0.474475,0.498998,0.502895,0.49413,0.516197,0.465151,0.502316,0.497787,0.482575,0.508311,0.475442,0.499672,0.487173,0.531926,0.500173,0.490518,0.508558,0.534153,9.10633,8.96603,6.89359,8.80904,7.75157,8.50681,8.18676,8.13176,7.79563,7.82509,9.47922,8.80562,8.284,8.22731,7.87863,9.12836,8.22522,8.18992,8.67692,8.39784,7.17462,8.65987,8.20162,8.18903,7.66491,7.89758,7.80831,9.81601,9.01282,8.96822,8.3147,9.3687,8.42574,9.57351,8.60656,8.54419,8.60258,8.21223,9.22809,8.48474,8.61233,7.46743,8.40056,8.70514,8.08738,7.13051,5,2,5,1,1,3,13,5,7,12,6,5,15,16,10,12,9,3,8,5,7,8,8,4,12,1,1,0,1,0,15,11,11,9,22,3,3,3,1,13,6,3,7,3,20,15,22,6,3,1,6,5,6,5,6,1,1,2,2,6,8,13,6,2,1,1,8,6,5,10,12,7,8,7,6,8,7,14,0,2,2,5,4,3,4,2,3,3,3,5,3,20,19,21,40,21,33,17,23,6,1,7,7,6,1,0,2,3,8,4,7,5,16,4,22,27,4,3,7,3,2,3,0,1,1,2,0,0,9,6,13,12,21,13,9,10,13,7,5,14,8,7,12,10,7,9,10,4,6,6,4,3,7,3,7,6,8,5,11,2,6,6,4,15,8,12,12,14,10,3,12,4,12,10,2,6,10,12,5,14,4,11,7,1,2,2,4,8,6,4
186.609,0.995841,0.0128217,8,255,0,-106.824,8.61182,0.551808,0.390831,0.36358,0.431278,-0.958376,0.340347,-0.914055,0.644513,-0.339726,-0.527323,-0.306624,-0.283746,0.554884,0.746194,-0.0525366,0.271852,-0.0621937,0.288587,0.463965,-0.0838157,0.434279,-0.281818,-0.678371,0.498916,-0.133241,-0.78941,-0.451942,-0.384193,-0.713363,0.731624,0.766534,0.225599,-0.407708,-0.267962,-0.400466,0.734995,-0.450763,0.560842,-0.0706979,0.284688,0.540092,-0.18452,0.444709,-0.824732,-0.192761,-0.127233,-0.244125,-0.121887,0.472802,0.144668,0.661189,0.11481,0.682298,-0.243658,0.182286,0.632564,-0.023828,-0.305073,-0.05057,-0.166971,-0.2928,-0.320628,0.406351,0.895892,0.169784,-0.0549169,-0.0974585,0.353703,-0.139808,0.779544,0.0899106,-1.07009,0.914837,-0.481568,0.369245,0.27891,0.0624751,-1.43754,-1.17607,0.824638,-1.07834,0.778512,-0.523562,0.526877,-0.125076,-0.226376,-0.112959,-1.25024,0.794132,-0.17183,0.162195,0.122658,-0.217431,-0.787127,-0.235949,-0.184794,0.829521,1.82413,0.294025,-0.133884,-0.33959,0.318338,0.577301,-0.460228,-0.680605,-0.712373,0.491804,0.137098,0.745794,-0.261664,-0.114375,0.533715,1.03286,0.600689,0.282915,0.333565,0.425284,-0.0347107,0.0804051,0.0699186,0.0462657,0.0482907,-0.060025,0.0497958,0.0629043,-0.137669,-0.0896253,-0.164956,-0.162899,-0.0665049,-0.067886,-0.139802,0.000151051,0.666663,-0.0775796,0.293308,0.160999,19.766,0.58072,0.595411,0.297631,0.575643,0.305998,0.640472,0.424493,0.384043,0.431753,0.436789,0.621781,0.661169,0.488235,0.560588,0.486074,0.564278,0.602445,0.481236,0.596058,0.437214,0.352573,0.60992,0.470193,0.330212,0.400138,0.414791,0.345451,0.658239,0.66524,0.550357,0.409686,0.44027,0.411256,0.658918,0.400391,0.623036,0.484171,0.563419,0.61866,0.458766,0.598306,0.323251,0.456934,0.471534,0.44554,0.472728,0.515428,0.518298,0.45941,0.514442,0.46128,0.52733,0.485584,0.477632,0.486988,0.487958,0.523535,0.531631,0.49777,0.511537,0.49736,0.512247,0.519683,0.496442,0.518425,0.48804,0.471238,0.521164,0.494345,0.466543,0.480826,0.483698,0.469758,0.531015,0.53249,0.509575,0.482701,0.488628,0.483008,0.531157,0.480876,0.523788,0.496999,0.512081,0.522909,0.492169,0.518867,0.465051,0.491819,0.4946,0.489639,0.494827,0.560301,0.571388,0.345492,0.556482,0.352204,0.605796,0.44362,0.413007,0.449073,0.45285,0.59144,0.621862,0.491245,0.545185,0.489636,0.54795,0.576716,0.486034,0.571878,0.453168,0.388827,0.582394,0.477808,0.371387,0.425241,0.436316,0.383298,0.619575,0.625046,0.537529,0.432464,0.455458,0.43365,0.620105,0.425433,0.592399,0.488219,0.547306,0.589055,0.469286,0.57358,0.365906,0.467917,0.478807,0.459402,0.479697,0.492949,0.491636,0.518579,0.493399,0.517721,0.487502,0.506589,0.510226,0.505947,0.505503,0.48924,0.485532,0.501019,0.494728,0.501206,0.494403,0.491002,0.501626,0.491578,0.505466,0.513154,0.490325,0.502584,0.515306,0.508764,0.507451,0.513832,0.485814,0.485138,0.495625,0.507907,0.505197,0.507766,0.485749,0.508742,0.489124,0.501371,0.494479,0.489526,0.503579,0.491376,0.51599,0.503739,0.502468,0.504735,0.502364,8.52506,8.98652,7.03867,9.11593,7.09081,8.96024,8.24028,7.55024,7.71657,7.84282,9.53894,8.9825,8.12179,8.41464,8.57498,9.21921,8.64563,8.08401,8.70871,8.31,7.27121,8.68753,8.30575,8.22466,7.64058,8.01184,7.61818,9.73376,9.00663,9.1433,8.15854,9.37688,8.3881,9.34931,8.16211,9.14176,8.59743,8.81021,9.12543,8.24386,8.62253,7.47764,8.41737,8.49645,8.0558,7.93935,5,1,1,3,1,17,10,7,19,3,1,4,15,7,12,5,6,10,5,7,14,9,5,10,5,4,0,0,1,1,18,11,19,13,10,3,2,2,16,15,1,7,3,2,5,8,6,11,7,13,3,11,3,1,1,1,3,3,3,18,5,11,17,4,8,5,9,12,11,11,9,16,7,9,3,5,4,6,3,7,0,4,8,0,8,10,5,3,3,4,4,19,12,13,18,19,35,34,26,5,5,5,4,6,5,4,3,13,9,5,7,13,11,7,4,7,3,3,5,4,3,2,4,3,3,1,3,3,5,7,10,2,3,10,10,14,14,13,11,13,11,8,8,20,19,5,9,0,11,11,11,8,13,6,2,4,3,4,8,12,13,11,5,23,16,27,8,15,26,11,13,20,19,15,11,13,16,10,20,18,20,10,12,8,3,9,13,11,15,4
188.364,0.959055,0.0128217,9,511,0,-131.734,8.4946,0.475371,0.367654,-0.85378,0.67746,-0.170337,-0.420527,-0.11474,0.155151,0.326781,-0.541596,-0.512908,0.305829,0.738691,0.474219,0.481077,-0.0535916,-0.0649395,0.286537,-0.858678,0.486786,0.983821,0.347991,-0.751347,0.29277,0.183444,0.15753,0.288194,0.225354,-0.0334826,0.41106,0.486056,0.502811,0.272919,0.501417,0.117034,0.438765,0.000251059,0.256874,0.143543,0.481692,-0.912233,0.25506,0.310195,-0.275065,0.402905,0.229334,-0.0193431,0.00775833,-0.400458,-0.0907698,-0.547978,-0.251422,-0.276138,0.207094,-0.151376,-0.388937,-0.0229937,-0.448158,0.558935,-0.247722,0.249903,0.148345,0.0810407,1.43358,-0.119147,-0.305,-0.0982085,0.355351,2.10331,0.602209,0.137205,-0.015224,0.856176,0.804387,0.738131,0.48681,0.881796,-0.341124,-0.448796,1.1093,-0.9487,0.123036,-0.910566,0.896517,0.0370245,-1.01323,-0.164973,-0.780065,1.12203,-0.567592,0.00755243,0.612767,0.447663,-0.284642,-0.3501,-0.0243059,0.262831,1.07215,-0.172521,0.0574387,-0.877857,0.262569,0.148723,-0.11943,-0.258495,-0.534312,0.824614,-0.19175,0.981044,-0.0621677,0.279138,0.624239,1.34575,0.731063,0.0593312,0.0441327,-0.882041,0.0451196,-0.134927,-0.240861,-0.146592,0.0151376,0.158312,-0.0900119,-0.231223,0.141347,0.0287386,0.105646,-0.0918145,-0.0153881,0.0312087,0.113914,-0.00197112,-1.29041,-0.491682,0.0538408,0.0187757,17.4242,0.22724,0.725357,0.439254,0.35369,0.45897,0.555377,0.615021,0.315092,0.324034,0.607885,0.742494,0.663701,0.665891,0.480803,0.476743,0.601273,0.22601,0.66771,0.803826,0.622194,0.254053,0.603414,0.565369,0.556219,0.601843,0.58007,0.488002,0.643201,0.667478,0.672787,0.596584,0.672347,0.541846,0.652264,0.50009,0.591036,0.551264,0.666088,0.212863,0.590407,0.609375,0.402676,0.640514,0.58146,0.493068,0.502781,0.525409,0.479832,0.505074,0.512524,0.503418,0.495379,0.490267,0.516127,0.515273,0.490891,0.478011,0.485878,0.485674,0.501596,0.501934,0.491466,0.525555,0.485504,0.470729,0.489636,0.522365,0.49128,0.494536,0.495308,0.491416,0.493288,0.500997,0.487758,0.485526,0.485027,0.491871,0.485069,0.496514,0.486934,0.499993,0.492349,0.495724,0.485656,0.527146,0.492403,0.490761,0.508193,0.488001,0.493169,0.500576,0.499769,0.750584,0.294381,0.554731,0.63243,0.536948,0.450114,0.396114,0.66794,0.659679,0.402599,0.278238,0.351617,0.349602,0.517282,0.520937,0.408601,0.751765,0.347929,0.219337,0.389586,0.725029,0.406659,0.441095,0.449354,0.408085,0.427808,0.5108,0.370415,0.348143,0.343252,0.412854,0.343658,0.462316,0.362117,0.499919,0.417882,0.453824,0.349422,0.764436,0.418452,0.401245,0.587817,0.372872,0.426551,0.50624,0.497497,0.603433,0.417488,0.520926,0.551508,0.5141,0.480938,0.459918,0.566183,0.562715,0.462478,0.410185,0.441971,0.44114,0.506587,0.507982,0.464837,0.604009,0.440448,0.381372,0.457329,0.59132,0.464075,0.477466,0.480646,0.464634,0.472328,0.504116,0.449644,0.440536,0.438507,0.466503,0.438676,0.485618,0.446275,0.499969,0.468467,0.482363,0.441065,0.610289,0.468689,0.461944,0.53376,0.450636,0.47184,0.502378,0.499046,6.95826,8.97418,7.04861,7.02942,7.13267,7.54172,8.30481,6.49804,7.4391,7.76821,9.36188,8.91667,8.02724,8.12479,7.71347,8.70568,6.95158,8.03557,8.7295,8.33638,7.09949,8.64815,8.24905,8.19054,7.74185,8.30285,7.91111,9.72572,8.93396,9.02524,8.22432,9.33976,8.45038,8.62985,7.66157,8.35954,8.73022,8.69275,6.63481,8.35682,8.67418,7.55568,8.41775,8.1589,8.0696,8.21786,3,5,4,4,3,16,10,2,12,17,7,11,7,9,2,7,6,3,6,10,6,2,16,9,8,2,5,3,1,2,9,8,16,10,9,1,1,0,7,10,6,0,4,3,5,10,16,7,6,9,1,2,3,1,7,1,0,2,1,16,19,14,9,4,2,2,2,9,8,4,8,6,7,2,6,6,4,6,1,0,2,2,2,9,5,4,4,1,11,1,5,4,8,9,3,5,12,23,13,3,1,5,8,7,5,2,4,4,6,2,7,3,10,9,3,4,1,3,5,2,4,3,3,0,4,0,4,7,17,20,13,16,11,9,11,13,9,5,15,8,14,14,13,6,16,10,7,7,6,5,2,4,5,4,3,5,2,5,13,7,4,9,12,18,6,16,14,11,16,8,13,14,6,11,19,14,17,18,6,5,15,7,4,6,9,3,6,5,4,2
165.999,0.915957,0.0128217,9,511,0,-114.33,8.32771,0.466785,0.263216,0.26688,0.950662,-0.408236,0.100694,0.150646,0.0604203,0.248977,0.204274,0.237355,0.229153,0.903204,0.814848,-0.404696,-0.186519,-0.483056,0.197753,0.0376006,0.108276,1.05531,0.342624,-0.986715,0.343539,0.289614,0.0197972,0.219256,0.160032,-0.0746987,0.772858,0.563588,0.231288,0.248307,0.90313,-0.267352,-0.666635,0.283089,-0.201822,0.412286,-0.0465075,0.982109,0.158077,0.319608,-0.452295,0.474454,-0.0350295,-0.215029,0.472467,0.00419173,0.356329,-0.18907,-0.233677,-0.390056,-0.641541,0.0145056,-0.0832134,-0.020305,-0.443437,0.391523,-0.512013,0.221613,0.0827806,0.517905,0.641866,0.248023,-0.0900194,-0.0815459,0.360539,-0.599286,0.685076,0.28291,-0.709018,0.0891501,-0.233867,0.490201,1.0112,0.0747694,-1.02233,-0.313718,0.962819,-0.698585,0.904523,-0.317247,1.4371,0.160067,0.80665,-0.704989,-0.410515,0.817605,-0.25725,0.608554,0.808257,-0.073872,-1.01935,-0.464151,-0.154171,0.895404,0.503809,-0.891316,0.199888,-0.533046,0.0710185,0.219938,-0.0475666,-0.815994,-1.12807,0.717821,-0.488162,0.807972,-0.50337,0.239,0.420673,1.04897,0.334888,0.530332,-0.620311,1.06497,-0.0625967,0.112915,0.213492,-0.0578793,0.122232,-0.236265,0.387759,0.303832,-0.417835,0.242418,0.216668,0.216439,-0.0689453,0.125449,-0.194567,0.199781,0.224558,-1.153,0.112815,0.0880861,14.4574,0.542721,0.647986,0.434864,0.516152,0.524155,0.509694,0.539868,0.532732,0.538014,0.536705,0.641007,0.627855,0.435423,0.470106,0.423101,0.53169,0.506033,0.517368,0.663151,0.554759,0.346754,0.554904,0.54634,0.503177,0.535125,0.525657,0.488016,0.621536,0.589464,0.537046,0.539761,0.640996,0.457204,0.39463,0.545302,0.467659,0.565775,0.492538,0.652576,0.525344,0.551107,0.427927,0.575551,0.494379,0.46555,0.575239,0.516542,0.558675,0.474709,0.506243,0.50934,0.503746,0.515433,0.512663,0.514713,0.514205,0.555771,0.550354,0.474928,0.488437,0.470083,0.512259,0.502331,0.506713,0.565064,0.521232,0.439121,0.521289,0.51795,0.501228,0.513592,0.509922,0.495368,0.547775,0.534889,0.514337,0.515392,0.555766,0.483429,0.458759,0.517546,0.487488,0.525542,0.497116,0.560597,0.5098,0.519807,0.471984,0.529385,0.497828,0.48667,0.529262,0.514978,0.553168,0.477098,0.505653,0.508456,0.503392,0.513974,0.511466,0.513322,0.512862,0.550532,0.545618,0.477296,0.48953,0.472908,0.5111,0.502111,0.506078,0.558969,0.519225,0.444832,0.519277,0.516253,0.501111,0.512306,0.508983,0.495807,0.543279,0.531597,0.512982,0.513936,0.550528,0.484996,0.462645,0.515887,0.488672,0.523129,0.497389,0.554913,0.508873,0.517935,0.47463,0.52661,0.498033,0.487931,0.526499,0.423673,0.250469,0.615548,0.471007,0.456685,0.482591,0.428721,0.441389,0.432006,0.434328,0.260882,0.280998,0.614582,0.553558,0.635749,0.443243,0.489163,0.46883,0.228506,0.402504,0.757253,0.40225,0.417286,0.494294,0.437134,0.454001,0.521519,0.290882,0.343031,0.433724,0.428911,0.260898,0.576459,0.683224,0.419117,0.557914,0.383347,0.513403,0.243724,0.45456,0.408902,0.627497,0.36655,0.510096,0.561666,0.367083,8.5774,9.09889,7.00025,8.60975,7.62503,7.52414,8.22377,7.68499,8.5444,7.7128,9.68061,9.1884,7.0042,8.07042,7.40554,8.8942,8.32105,7.57766,8.63273,8.32841,7.17882,8.66306,8.3625,8.07294,7.70174,8.13714,7.87463,9.76303,8.90866,8.93169,8.22302,9.25609,8.37414,7.29419,8.81366,7.81301,8.81585,7.98668,9.05325,8.21547,8.63632,7.53319,8.47561,7.9062,8.09096,8.80701,2,4,2,1,3,12,11,7,15,2,3,5,13,9,10,9,7,10,12,15,12,12,5,4,4,0,4,1,3,2,10,15,13,14,17,3,0,4,5,12,11,6,2,5,15,17,8,6,6,3,3,16,1,2,1,1,4,1,6,4,9,11,13,8,9,5,4,10,11,7,10,7,8,7,4,2,6,4,2,4,0,1,1,3,0,2,1,4,3,3,10,19,6,16,4,16,11,7,10,1,3,2,12,6,1,5,3,4,6,8,7,9,6,3,4,4,2,6,5,1,1,1,0,3,2,2,3,3,3,4,1,7,9,15,11,8,29,14,6,10,6,14,13,12,9,11,11,3,4,4,2,7,5,2,5,5,2,8,11,15,16,9,6,7,8,2,6,5,12,9,6,5,6,5,6,14,4,10,7,4,7,3,7,8,9,4,2,2,0,1
176.252,0.887313,0.0128217,9,511,0,-96.1097,9.41285,0.567082,0.220559,0.0729036,0.41096,-1.07623,0.371428,0.524333,-0.557135,-0.218555,0.824162,0.390684,-0.361744,0.820992,0.887594,-0.113145,-0.188617,1.09702,-0.193808,0.510673,0.432676,0.495976,-0.0916136,-1.01829,0.128818,-0.282164,-0.587009,-0.464768,-0.549358,-0.727139,0.618886,0.515229,0.610314,-0.209317,-0.363026,-0.243871,-0.21434,0.237796,0.232879,-0.247821,-1.03523,0.697599,-0.108513,0.241525,-0.956454,-0.0307149,0.112121,0.0616202,0.85559,-0.163945,-0.340345,-0.20225,-0.0032821,0.391902,0.53642,-0.0366689,-0.0483694,0.0299018,-0.132261,0.0569878,0.46593,0.0535366,-0.120282,-0.0296135,0.138242,0.506227,-0.444152,-0.0985641,0.358364,1.2385,0.892158,0.165656,-1.0121,0.0850365,-0.340332,0.506225,0.170685,0.224225,-1.00089,-0.644937,0.398324,-1.10317,0.624516,-0.675325,0.937665,-0.269462,-0.251005,-0.626441,-1.01606,0.935284,-0.00586947,0.45996,0.526638,-0.134238,-0.563345,-0.661203,-0.0684416,0.307406,1.01016,0.154684,0.270233,-0.613974,-0.0191979,0.94002,-0.959157,-1.22574,-0.793646,0.443982,-0.722828,0.853765,-0.34285,0.325291,0.134662,0.685466,0.275009,0.242344,0.104687,-0.50877,-0.0119544,0.103485,-0.22881,0.0938888,-0.0752027,-0.306998,-0.100408,0.184543,0.260134,0.44071,0.241177,0.167143,0.0140374,0.116118,-0.0321623,-0.0449222,-0.497692,0.302729,-0.0385477,0.159013,23.8133,0.50252,0.514199,0.462873,0.512834,0.518113,0.480755,0.492447,0.528453,0.513499,0.487501,0.528344,0.530637,0.49609,0.493482,0.537841,0.493302,0.517642,0.514949,0.517135,0.496834,0.464865,0.504452,0.49025,0.479724,0.483943,0.481023,0.474891,0.521376,0.517799,0.52108,0.492766,0.487456,0.491572,0.492593,0.508218,0.508048,0.491436,0.464283,0.524091,0.49625,0.508346,0.466993,0.498938,0.503875,0.50213,0.529535,0.509225,0.551823,0.367068,0.546869,0.565971,0.429955,0.472369,0.602816,0.549283,0.454346,0.602432,0.610479,0.485685,0.476147,0.635373,0.475492,0.564272,0.55454,0.562441,0.488408,0.373908,0.516297,0.464351,0.426252,0.44145,0.43092,0.409001,0.57769,0.564839,0.576631,0.473534,0.454185,0.469176,0.4729,0.530058,0.529438,0.468678,0.371903,0.58738,0.48627,0.530529,0.381265,0.496113,0.514186,0.507798,0.606619,0.49093,0.449045,0.630795,0.453917,0.435129,0.56888,0.527166,0.398869,0.451542,0.544888,0.399248,0.391324,0.514074,0.523451,0.366798,0.524096,0.4368,0.446372,0.438601,0.511397,0.624055,0.483978,0.53505,0.572522,0.557571,0.56793,0.589498,0.423599,0.436243,0.424641,0.52602,0.545046,0.530306,0.526644,0.470447,0.471057,0.530796,0.62603,0.414064,0.513498,0.469985,0.616808,0.503822,0.486053,0.492334,0.395125,0.505517,0.531062,0.419262,0.528081,0.5396,0.457934,0.483465,0.562053,0.529533,0.47265,0.561817,0.566774,0.491438,0.485729,0.58227,0.485336,0.538572,0.532699,0.537466,0.493067,0.423538,0.509748,0.478658,0.45569,0.464883,0.458519,0.44519,0.546702,0.538915,0.546059,0.484164,0.472553,0.481552,0.483784,0.517989,0.517618,0.481253,0.422287,0.552601,0.491788,0.518271,0.428115,0.497675,0.508485,0.504663,0.564393,8.4319,9.01492,7.00737,7.93808,8.71625,7.56077,8.14357,9.03616,8.77148,7.76944,9.46699,9.30174,8.03509,8.15239,9.54793,8.38309,8.89963,8.61837,8.68597,8.27923,7.267,8.49167,8.27421,8.2441,7.65939,8.06437,7.87465,9.64805,8.90449,9.24225,8.15344,9.36415,8.32959,8.34668,7.7953,8.82466,8.78512,7.47075,9.39648,8.45978,8.61212,7.55464,8.34432,8.49699,8.07476,9.26763,2,2,1,4,1,8,6,3,4,4,5,5,20,13,20,10,32,9,6,5,7,10,9,4,15,0,1,3,3,7,10,14,5,7,14,1,2,1,13,5,7,3,3,5,20,18,22,6,2,3,3,3,0,0,4,0,2,0,3,14,15,12,22,11,15,10,10,5,7,5,7,13,11,5,12,6,6,5,1,0,2,2,2,1,2,6,3,7,7,3,8,17,4,6,8,9,17,30,26,5,7,6,2,4,2,2,4,4,6,4,5,5,4,3,17,9,0,0,2,5,3,3,2,2,3,3,4,3,16,7,25,12,12,11,10,8,11,8,6,4,5,8,9,8,5,6,9,2,3,6,3,6,3,1,2,10,4,11,7,2,2,12,5,1,11,8,3,6,8,6,1,10,12,6,5,9,7,5,8,5,4,8,6,8,14,4,7,5,8,4
188.701,0.991334,0.0128217,8,255,0,-114.017,8.66396,0.397812,0.271437,0.262974,0.42654,-0.819441,-0.432833,-0.285674,-0.219928,-0.296675,-0.261127,-0.145857,-0.0143102,0.798558,0.40603,0.354046,-0.0129847,-0.40818,-0.0941288,0.199398,-0.84275,0.626311,-0.173921,-0.987345,0.395966,-0.183486,-0.486189,-0.287128,-0.235849,-0.427268,0.720385,0.497381,0.499227,-0.314782,0.577932,-0.267218,-0.0241925,-0.85039,-0.0141024,-0.0306762,0.470865,-0.0166346,-0.240362,0.258168,-0.844577,-0.0764475,-0.0819203,-0.0737526,-0.472225,0.0123784,0.474586,-0.0487181,0.118178,-0.0803422,-0.395974,0.0401344,0.201136,0.148636,-0.277695,0.215404,-0.259553,0.00844332,-0.125081,0.101153,0.800551,-0.226936,-0.182648,-0.037624,0.357945,0.69737,0.617362,0.120251,-0.694951,0.769004,0.448279,0.461661,0.64749,0.706495,-1.37496,-1.24411,0.837341,-0.419739,0.305223,-0.962566,1.05751,-0.752192,-0.646337,-0.928879,-1.57685,0.940793,-0.361293,0.169687,-0.164853,0.418898,-1.01521,-0.829699,-0.689412,0.720279,0.464761,-1.0942,0.0282209,-1.52993,-0.0332364,-0.467799,-0.887041,-0.65914,-0.774309,0.124567,-0.316161,0.809043,-0.531769,-0.111069,0.365395,1.03285,0.488524,0.0358987,-0.877228,-0.0357381,-0.0735415,-0.0675831,-0.0234974,-0.107147,0.0372505,0.220338,0.0985978,-0.154819,-0.271069,-0.202521,-0.12288,-0.169936,-0.016135,-0.0169465,0.159509,0.144038,-0.366725,-0.339396,0.0727117,0.00755744,23.0252,0.552438,0.584547,0.341638,0.41423,0.443074,0.456098,0.440902,0.447928,0.470842,0.497136,0.654592,0.580554,0.570387,0.497401,0.419027,0.48117,0.539823,0.337453,0.622787,0.465248,0.312079,0.578591,0.463343,0.403905,0.442787,0.452938,0.415312,0.640309,0.59825,0.598605,0.437332,0.613646,0.446723,0.495158,0.336087,0.497178,0.493861,0.593138,0.496671,0.452042,0.551486,0.337126,0.484705,0.483611,0.485244,0.4066,0.485085,0.47582,0.546357,0.524537,0.516202,0.512475,0.516825,0.51481,0.508274,0.500812,0.454818,0.476981,0.479924,0.500737,0.523141,0.50534,0.488689,0.547667,0.464527,0.509866,0.555783,0.47755,0.510408,0.527555,0.516284,0.513377,0.524222,0.45922,0.471812,0.471707,0.517851,0.467259,0.515156,0.501373,0.548097,0.5008,0.50174,0.473311,0.500944,0.513633,0.485357,0.54777,0.504337,0.504648,0.504184,0.526766,0.475909,0.460974,0.574567,0.5396,0.526167,0.520152,0.527173,0.523922,0.513369,0.501312,0.427306,0.462843,0.467586,0.50119,0.537353,0.508629,0.481727,0.576655,0.44283,0.51594,0.589545,0.463761,0.516816,0.544457,0.5263,0.521609,0.539092,0.434336,0.454526,0.454358,0.528828,0.447212,0.524479,0.502218,0.577339,0.501293,0.502812,0.456937,0.501525,0.522022,0.476348,0.576819,0.507008,0.50751,0.506761,0.543186,0.477702,0.463872,0.569084,0.53666,0.52422,0.518652,0.525151,0.522142,0.512373,0.501214,0.432655,0.465603,0.469996,0.501102,0.534578,0.507986,0.483088,0.571023,0.447057,0.514753,0.583,0.466453,0.515564,0.541159,0.524343,0.520001,0.53619,0.439179,0.457898,0.457742,0.526684,0.45112,0.522658,0.502053,0.571658,0.501197,0.502603,0.460132,0.501411,0.520383,0.478109,0.571175,0.506486,0.50695,0.506258,0.539982,8.69764,9.05355,6.91192,8.16814,7.53373,7.61075,8.17914,7.56248,8.21822,7.85187,9.54436,8.86504,8.28361,8.37406,8.04869,8.50137,8.62314,6.88496,8.60131,8.32296,7.23885,8.85327,8.33865,8.07945,7.53203,8.01364,7.78964,9.68177,8.97173,9.19638,8.15794,9.39534,8.29848,8.52546,7.68268,8.5373,8.78131,9.10533,8.27069,8.27199,8.69201,7.56804,8.43727,8.43085,8.08816,7.83623,2,0,3,3,5,13,12,8,16,3,3,13,9,11,10,9,5,13,10,4,1,6,11,9,3,3,2,0,0,0,8,13,15,8,25,3,0,1,10,9,9,4,2,1,23,19,20,2,3,6,4,1,4,3,2,3,0,2,2,8,13,9,12,2,5,4,7,7,7,11,5,3,5,6,8,4,18,13,3,4,3,5,2,2,3,4,5,3,2,4,0,16,12,9,11,7,3,10,8,2,0,10,8,2,0,4,0,11,6,4,6,1,4,8,3,7,6,0,4,3,5,7,1,1,5,1,2,1,2,4,3,10,13,23,12,18,14,14,15,10,17,10,20,20,12,18,14,2,2,9,5,8,4,3,1,3,6,10,4,14,11,11,9,12,18,15,7,10,10,14,27,15,15,21,21,12,9,11,11,7,7,12,9,5,7,7,5,1,0,1
207.304,0.682001,0.0128217,8,255,0,-126.181,8.67015,0.526572,0.231126,0.386769,0.400118,-0.775772,-0.488881,-0.272785,0.148203,-0.343246,0.175057,0.478195,0.057585,0.830911,0.360303,1.03163,-0.0353705,0.466565,-0.581047,-0.461669,-0.234858,0.61378,-0.235829,-1.03023,0.173641,-0.221732,-0.408953,-0.143606,-0.217859,-0.418198,0.706158,0.629572,0.332909,-0.269283,0.483012,-0.093683,-0.133401,-0.927169,0.21246,-0.0430407,0.13613,-0.193357,0.00606037,0.330647,-0.796874,-0.184181,0.154808,0.189577,-0.282839,0.213493,-0.00458251,0.00783603,0.2251,-0.160358,-0.320339,0.0342308,0.131051,0.0527207,-0.290679,0.210394,-0.175668,-0.0687685,-0.376228,0.0705258,0.959091,-0.0184182,-0.240208,-0.0616299,0.349995,1.03268,0.608499,0.0884249,-0.496271,0.330152,0.0796489,0.0625568,0.74499,0.546776,-1.18049,-0.848567,0.40023,-0.25604,0.2766,-1.05149,0.85131,-0.327227,-0.970334,-0.14807,-0.796714,0.921948,-0.443525,0.349021,0.44328,-0.56495,-0.817809,-0.608024,-0.351183,0.605306,0.773567,-0.944024,-0.299246,-0.949395,-0.0046775,0.48389,-0.448142,-1.21659,-0.873793,0.254665,-0.981581,0.740295,-0.124726,0.130667,0.0455308,0.744355,0.216421,-0.142745,-0.477385,-0.0991497,0.121832,0.0227077,-0.0586197,0.0116271,-0.0357124,-0.0164153,0.215511,0.123886,0.0961635,-0.011989,-0.0831817,-0.113946,0.026911,0.0668561,-0.00833918,0.0710762,-0.0283598,-0.592734,0.0865311,0.042165,26.428,0.591688,0.594777,0.322122,0.384881,0.434964,0.535475,0.418434,0.541876,0.61269,0.513804,0.689315,0.585541,0.728975,0.49152,0.610039,0.364178,0.391078,0.443924,0.64306,0.443694,0.271291,0.541538,0.447034,0.403182,0.465621,0.447953,0.40105,0.663129,0.646529,0.579151,0.43579,0.613785,0.477552,0.468058,0.291267,0.550767,0.489681,0.532594,0.453771,0.501453,0.578622,0.317719,0.455953,0.537051,0.545331,0.432596,0.498219,0.498158,0.503572,0.502251,0.501256,0.499318,0.50158,0.499194,0.497798,0.499735,0.496174,0.498341,0.49525,0.500163,0.497852,0.502675,0.502126,0.501081,0.497174,0.501086,0.504744,0.4992,0.501021,0.501883,0.500661,0.501003,0.501926,0.496749,0.497101,0.498467,0.50124,0.497776,0.500431,0.500614,0.504269,0.499022,0.500198,0.499373,0.50089,0.499972,0.498478,0.503669,0.500848,0.499287,0.499127,0.501302,0.497258,0.497163,0.5055,0.503466,0.501934,0.498949,0.502434,0.498759,0.49661,0.499592,0.494109,0.497445,0.492686,0.500251,0.496692,0.504119,0.503273,0.501665,0.495648,0.501672,0.507304,0.498769,0.501572,0.502899,0.501018,0.501545,0.502965,0.494994,0.495536,0.49764,0.501909,0.496576,0.500664,0.500946,0.506573,0.498494,0.500305,0.499035,0.501371,0.499957,0.497656,0.50565,0.501306,0.498902,0.498656,0.502005,0.442937,0.440985,0.612973,0.571942,0.540334,0.478053,0.550689,0.474083,0.42961,0.491468,0.379302,0.446811,0.351721,0.505241,0.4313,0.585261,0.567988,0.534746,0.410038,0.534889,0.648089,0.474292,0.53281,0.560305,0.521267,0.532238,0.561655,0.39686,0.407776,0.450828,0.539819,0.428911,0.513879,0.519757,0.634035,0.468558,0.506378,0.479839,0.528621,0.499102,0.45116,0.615936,0.527266,0.477076,0.471937,0.541814,8.71318,8.98819,6.85973,7.49948,7.47099,7.98841,8.16833,8.0214,8.82476,7.877,9.5675,8.68082,9.0575,8.19494,9.16197,7.84358,7.67227,7.51751,8.55721,8.29998,6.98878,8.45194,8.22459,8.23478,7.62958,8.04333,7.79799,9.76448,9.0086,8.96379,8.25894,9.36173,8.43972,8.33309,6.97137,8.75831,8.71945,8.66454,8.07341,8.50459,8.64453,7.52537,8.36339,8.78019,8.10198,7.89094,4,9,5,4,3,9,16,19,15,2,7,4,6,7,5,6,7,8,9,10,10,7,11,14,13,3,1,3,1,2,11,13,11,13,19,1,2,6,8,7,8,5,5,3,18,13,11,1,4,5,1,5,4,5,10,5,2,5,4,16,6,18,19,1,2,2,10,8,4,6,9,14,8,6,9,11,2,3,5,5,6,1,1,3,4,4,3,6,2,2,7,9,12,12,5,9,7,18,17,2,0,2,4,5,2,0,3,3,8,6,8,3,6,7,13,5,1,5,1,0,3,1,5,3,3,3,0,4,7,9,4,3,27,17,8,17,13,26,10,10,29,8,19,16,14,10,15,1,1,6,7,0,6,7,8,5,5,8,7,4,11,9,5,4,12,10,10,13,14,13,18,8,9,11,10,11,11,4,14,6,10,9,8,4,4,3,3,4,3,5
203.53,0.793846,0.0128217,8,511,0,-141.936,8.05762,0.4419,0.290419,-0.112305,0.294741,-0.887354,-0.382171,0.118726,-0.36765,-0.378738,0.126045,0.494215,-0.43116,0.601162,0.872126,0.312181,0.0368225,0.115199,-1.03274,-0.103827,0.774545,0.221428,-0.329563,-0.764132,0.372391,-0.180009,-0.158631,-0.429525,-0.133251,-0.32008,1.02501,0.469849,0.217764,-0.390969,0.437269,-0.116039,-0.888604,-0.152516,0.474372,-0.0875825,0.103482,0.237754,-0.26691,0.296982,-0.632795,-0.260261,-0.257357,-0.300482,0.369724,0.0950314,-0.042377,0.0136858,0.378366,0.231942,0.207208,0.118843,-0.243666,0.467164,-0.0714277,-0.0959464,-0.0846685,-0.293112,0.158805,0.197948,1.26865,-0.821949,0.0127249,0.024292,0.357149,0.115377,0.602727,0.0772898,-1.07503,0.427877,0.636464,1.00229,0.0964125,0.126286,-1.1569,-0.961028,0.219276,-0.606468,0.0619566,-0.845561,0.312972,-0.100126,-0.619914,0.0640273,-1.43223,0.299759,-0.524425,0.268906,0.0633738,0.00639667,-0.31406,-0.737056,-0.219977,0.61394,1.03799,-0.803274,-0.360869,-0.802158,0.0914498,-0.149065,-0.07256,-0.56946,-0.464816,0.083933,-0.324147,0.948079,-0.565769,0.0921972,0.320309,1.43347,0.517733,0.127312,0.194662,-0.0554321,-0.0992798,0.149337,-0.0352564,0.0167828,0.0114765,0.0829772,-0.0960202,-0.148376,-0.168276,0.0452308,0.141048,0.0309658,-0.0138559,-0.146893,6.21269e-05,0.222772,-0.894402,-0.973852,0.0766699,0.0827603,15.8995,0.464441,0.592407,0.244948,0.381109,0.537584,0.385464,0.382137,0.539892,0.651806,0.366563,0.681932,0.751462,0.597738,0.511677,0.536472,0.212456,0.467117,0.727629,0.56977,0.396972,0.274997,0.61596,0.443155,0.449857,0.367044,0.457838,0.399855,0.785899,0.644758,0.568631,0.37848,0.635235,0.463263,0.244655,0.451778,0.646071,0.472251,0.532774,0.57484,0.416146,0.593093,0.309428,0.418197,0.419093,0.405836,0.615159,0.523061,0.439729,0.674665,0.577892,0.475623,0.574978,0.577203,0.474123,0.399819,0.587682,0.378922,0.328088,0.4362,0.492434,0.476346,0.700328,0.521322,0.346007,0.454625,0.56731,0.652054,0.42407,0.536922,0.53255,0.587356,0.527354,0.565396,0.301007,0.404634,0.455371,0.579655,0.411102,0.523826,0.67489,0.531299,0.403739,0.517989,0.478749,0.451299,0.554628,0.439275,0.627177,0.553277,0.552687,0.561433,0.424606,0.52509,0.434475,0.688615,0.584631,0.473478,0.581474,0.583885,0.471846,0.391258,0.59523,0.368727,0.314313,0.430646,0.491767,0.474264,0.715792,0.523199,0.333421,0.45065,0.573161,0.664506,0.417494,0.540163,0.53541,0.594878,0.52976,0.571085,0.285616,0.396461,0.451461,0.586541,0.403454,0.525923,0.688854,0.53405,0.395493,0.519573,0.476878,0.447037,0.559399,0.433982,0.637834,0.557933,0.557292,0.566786,0.418075,0.527315,0.42873,0.703527,0.591985,0.471127,0.588565,0.591177,0.469351,0.381947,0.603456,0.357681,0.299575,0.424575,0.491036,0.471983,0.732185,0.525257,0.319887,0.446298,0.579555,0.677903,0.410317,0.543714,0.538544,0.603075,0.532396,0.577303,0.269294,0.387564,0.44718,0.594053,0.395121,0.528221,0.703781,0.537064,0.386519,0.52131,0.474827,0.442373,0.564619,0.428196,0.649365,0.563027,0.562331,0.572639,0.410946,8.0006,9.07513,7.03624,7.78399,8.57718,7.81615,8.21767,8.58866,8.94612,7.71822,9.57885,9.50942,8.87935,8.23483,8.9903,7.08517,8.0139,9.58063,8.73797,8.29379,7.00241,8.75889,8.33114,8.20363,7.72073,8.08971,7.79805,9.79447,8.90885,8.98887,8.19878,9.22578,8.46513,7.25731,8.14159,9.35242,8.71906,8.77614,8.67166,8.19542,8.64197,7.63452,8.40156,8.40608,8.08457,8.75476,1,1,2,0,7,13,8,7,9,9,10,9,26,14,10,18,12,6,5,7,8,4,6,4,9,1,0,1,2,1,3,12,14,14,9,2,0,0,4,4,9,3,2,3,12,13,10,4,4,1,0,2,1,3,2,1,1,0,1,19,19,14,26,0,3,5,2,7,2,2,5,5,1,2,3,4,6,6,3,4,5,1,3,3,4,4,1,6,2,1,5,15,8,13,8,17,7,15,21,6,5,4,1,9,2,5,3,4,2,2,6,8,7,6,4,6,4,6,6,1,2,2,3,1,2,1,1,2,9,6,6,17,20,14,16,18,16,10,19,10,11,10,11,19,10,12,19,5,7,6,3,5,3,3,4,1,1,6,5,7,13,6,12,13,10,12,10,16,8,16,6,11,10,23,16,18,15,8,13,2,9,7,8,5,4,3,6,6,4,4
189.026,0.980462,0.0128217,9,511,0,-134.489,9.94923,0.571868,0.209156,-0.623535,1.06949,-0.986874,0.997863,-0.0329193,-0.00475397,-0.15461,-0.915225,-0.162922,-0.289558,0.982959,0.81702,-0.413802,-0.320812,-0.0982485,0.500613,-0.783705,-0.715613,0.657097,-0.0309577,-1.22465,0.0445391,0.452247,-0.366312,-0.318843,-0.591212,-1.00615,0.137384,0.511562,0.673927,-0.0905272,-0.415114,-0.0794834,-0.00386718,0.00371671,-0.149621,-0.173731,0.583814,-0.441781,0.747857,0.168657,-0.290292,0.139512,0.121447,-0.4412,-0.789235,-0.313137,0.066281,-0.12941,-0.245524,-0.251246,-0.140595,-0.18675,0.167698,-0.24671,-0.502254,-0.00656816,0.166611,0.303106,-0.267813,-0.0014914,0.422668,0.356453,-0.270795,-0.25107,0.367113,0.323272,0.669329,0.0953932,-0.784807,0.242697,0.29781,0.0815669,0.502567,0.199845,-0.322329,-0.25915,0.897278,-0.604519,0.131626,-0.269936,0.99464,0.373014,-0.275838,-1.13503,-1.05671,0.790806,-0.661749,0.301501,0.468784,-0.258787,-1.06158,-0.677687,0.0388137,1.07959,1.34606,0.208543,0.00994948,-1.14329,-0.222665,0.566417,-0.410148,-1.46349,-0.776005,0.80346,-0.372816,0.637008,-0.0240086,-0.442272,0.531778,0.884548,0.465134,0.0883213,-0.27821,0.490622,-0.121985,0.123965,-0.0495273,-0.0953452,-0.0481546,0.0883214,0.322132,0.0230778,-0.0173262,0.110166,-0.0680854,0.0538827,-0.153615,-0.125322,-0.0453967,0.112394,-0.608277,-0.64344,0.142416,0.106388,25.5338,0.434492,0.611124,0.397206,0.603906,0.496522,0.499498,0.483669,0.404479,0.482791,0.469441,0.602398,0.585484,0.456386,0.466153,0.48962,0.552702,0.417937,0.424955,0.568991,0.496729,0.373409,0.504706,0.547643,0.46137,0.46636,0.437851,0.395257,0.514513,0.553846,0.570734,0.490435,0.456248,0.491602,0.499591,0.500393,0.484195,0.481651,0.561379,0.453453,0.578372,0.517814,0.469364,0.514738,0.51283,0.453514,0.417369,0.444662,0.594168,0.412952,0.587997,0.497066,0.499576,0.486226,0.419157,0.485486,0.474219,0.586709,0.572297,0.463191,0.471442,0.491246,0.544493,0.430612,0.436573,0.55829,0.497241,0.392568,0.503969,0.540214,0.467403,0.471617,0.447509,0.411288,0.51224,0.545461,0.559769,0.491934,0.463075,0.492917,0.499655,0.500331,0.48667,0.484523,0.551839,0.460713,0.566252,0.515025,0.474154,0.51243,0.510821,0.460764,0.430129,0.5937,0.342866,0.645723,0.352749,0.505006,0.500723,0.523494,0.635691,0.524755,0.543919,0.354822,0.378252,0.562596,0.548631,0.514936,0.424455,0.616971,0.607136,0.401385,0.504708,0.678072,0.493227,0.431658,0.555475,0.548335,0.588949,0.648401,0.47912,0.422829,0.398928,0.513763,0.562793,0.512085,0.500588,0.499435,0.522737,0.526395,0.412141,0.56678,0.388195,0.474375,0.54403,0.478797,0.48154,0.566693,0.617765,0.598978,0.334443,0.653621,0.34478,0.505295,0.500765,0.52485,0.643111,0.526184,0.546444,0.346949,0.37152,0.566174,0.551423,0.515799,0.42016,0.623462,0.613122,0.395846,0.50498,0.687399,0.492836,0.42776,0.558654,0.55111,0.593972,0.656424,0.477915,0.418445,0.393259,0.514558,0.566381,0.512783,0.500622,0.499402,0.524049,0.527917,0.407177,0.57059,0.381969,0.472896,0.546561,0.477573,0.480474,0.570499,0.624297,7.77953,9.00176,6.98876,9.55353,8.01467,8.04499,8.1113,7.06569,8.27511,7.73845,9.50026,9.3294,7.60475,8.10518,8.17197,8.98186,7.60735,7.28017,8.75714,8.2444,7.13403,8.49842,8.33845,8.17508,7.70693,8.06749,7.62164,9.67693,9.001,9.16825,8.18028,9.23232,8.35756,7.84757,8.48439,7.69068,8.68618,8.47996,8.22822,8.65633,8.63202,7.53928,8.42789,8.40845,8.00117,7.60141,2,2,3,0,2,8,12,12,11,2,6,4,8,13,3,8,14,11,9,5,7,9,11,7,7,5,0,3,4,5,9,14,11,9,17,3,1,3,2,4,5,4,2,4,14,12,8,4,8,5,2,2,1,0,0,1,1,0,0,10,10,12,6,6,3,5,4,3,4,0,7,4,3,8,3,7,4,3,2,3,0,0,2,2,0,2,3,4,0,8,6,13,16,18,24,11,12,13,29,3,8,9,9,6,0,0,2,4,2,3,4,6,4,6,6,8,1,5,6,0,1,0,5,3,1,4,2,4,10,3,8,7,12,8,14,8,8,8,11,17,12,17,11,20,4,12,10,1,10,5,5,6,4,5,5,10,3,2,3,10,7,11,8,15,9,7,15,10,12,10,6,8,10,14,14,10,7,8,4,9,9,7,6,3,3,6,4,3,3,3
200.627,0.997215,0.0128217,9,511,0,-130.76,8.44606,0.605352,0.177581,0.158359,0.0670203,-0.779469,-1.21429,0.383974,0.0743898,-0.197981,0.801916,0.370483,0.0539929,0.518409,0.831474,0.0390865,-0.15242,0.249709,-1.05644,-0.126314,0.392276,0.617034,-0.00495523,-1.08334,0.178601,-0.606227,-0.599375,-0.139158,-0.0243688,-0.39774,1.27755,0.376444,0.171387,-0.165335,0.773464,-0.411441,-1.52891,-0.240958,0.952195,-0.0770291,0.580934,0.453262,-0.371642,0.18801,-1.22467,0.0158569,-0.286051,-0.0405049,0.679511,0.0571884,-0.0721778,-0.229192,0.108973,-0.168978,0.0201825,-0.0641413,-0.331571,0.056293,-0.210367,-0.233097,-0.0148491,-0.101305,0.295947,0.182152,0.974329,-0.22326,-0.430766,0.0586319,0.366003,0.447179,0.678453,0.0800897,-0.993602,1.13767,0.15954,0.412071,0.48863,0.433148,-0.553474,-0.759377,0.540498,-0.569362,0.841175,-0.118908,1.05265,0.123956,-0.749437,-0.330133,-0.948807,0.675447,-0.312114,0.373997,0.108459,-0.346717,-0.784788,-0.470491,-0.00271847,0.565799,0.822151,-0.114661,0.160098,0.139833,-0.0687374,0.21847,-0.0885811,-0.561729,-0.764279,0.688658,-0.489383,1.38523,-0.507791,0.521452,0.470562,1.56747,0.785302,0.467587,-0.458178,1.35465,-0.0549489,0.0955642,-0.0242959,0.0277532,0.0328034,0.044855,0.0300642,-0.0293125,0.0154321,-0.00140932,0.0170939,-0.0803903,0.0935371,-0.0814648,-0.0749623,0.0802517,-0.16686,-0.451677,0.256964,0.0363754,16.1019,0.538497,0.516319,0.318764,0.234491,0.592453,0.518112,0.451924,0.685967,0.589276,0.513149,0.623657,0.692137,0.50952,0.462941,0.560526,0.263216,0.469271,0.594405,0.64593,0.498793,0.258165,0.543394,0.356482,0.358015,0.466155,0.494064,0.404312,0.77639,0.590681,0.54165,0.459814,0.679964,0.401101,0.183973,0.441575,0.716619,0.481246,0.637845,0.608647,0.410451,0.545668,0.232682,0.503862,0.430771,0.490135,0.659725,0.491162,0.496259,0.543397,0.567364,0.478582,0.495848,0.511048,0.45536,0.479333,0.496986,0.471097,0.453724,0.497818,0.508507,0.486066,0.558693,0.50705,0.478119,0.465615,0.500277,0.560173,0.490033,0.533785,0.533404,0.507766,0.50136,0.522185,0.429173,0.479001,0.490435,0.509227,0.456936,0.522948,0.584517,0.513446,0.447053,0.504299,0.467621,0.474723,0.520731,0.489508,0.567932,0.499115,0.515961,0.502261,0.462146,0.493394,0.497204,0.53247,0.550482,0.483988,0.496897,0.508258,0.466598,0.48455,0.497748,0.478388,0.465371,0.49837,0.506358,0.489585,0.543956,0.505269,0.483642,0.474283,0.500207,0.545069,0.49255,0.525267,0.524982,0.505805,0.501017,0.516586,0.446908,0.484302,0.492851,0.506897,0.46778,0.517157,0.563435,0.51005,0.460363,0.503213,0.475785,0.481101,0.515498,0.492158,0.55091,0.499339,0.51193,0.50169,0.471685,0.482126,0.492433,0.587119,0.63378,0.45675,0.491601,0.522341,0.410425,0.458263,0.493903,0.441728,0.407199,0.495586,0.517204,0.471833,0.617079,0.514259,0.45582,0.430772,0.50056,0.619946,0.479843,0.56803,0.567271,0.515708,0.502752,0.544792,0.359614,0.457594,0.480657,0.518661,0.413539,0.546326,0.666094,0.527182,0.394106,0.508697,0.434775,0.448996,0.541867,0.478783,0.634867,0.498209,0.532256,0.504574,0.423867,8.59008,9.05729,6.83357,6.10534,8.27814,7.89227,8.16865,8.79238,8.85432,7.86679,9.54803,9.42125,7.84816,8.20181,8.72773,7.60244,8.23441,8.28845,8.5662,8.40974,7.05984,8.61534,8.21993,8.20429,7.62544,8.10432,7.63885,9.62241,8.86172,9.11679,8.20939,9.39273,8.38976,7.11785,7.29248,10.1486,8.72047,9.696,8.69954,8.51001,8.62709,7.47324,8.43576,8.05887,8.00678,9.23583,1,6,2,5,7,12,15,18,21,5,1,6,7,5,1,2,3,9,1,7,4,2,1,5,6,3,4,1,2,3,8,22,12,6,22,1,2,2,12,16,10,8,5,5,9,8,6,11,7,4,0,3,2,1,2,3,4,1,4,8,6,10,7,4,1,1,6,15,15,5,5,6,12,8,9,7,4,3,1,3,1,6,5,4,2,1,7,5,7,1,4,11,12,7,8,12,17,13,14,0,6,11,3,8,5,6,2,4,4,4,9,4,8,5,7,8,7,5,5,1,2,2,1,1,0,2,2,2,16,4,7,21,28,26,23,23,21,23,32,23,27,30,18,22,21,17,27,3,2,8,3,4,2,2,3,3,12,14,13,15,8,8,9,29,34,13,18,30,20,37,29,25,34,18,23,14,15,33,17,16,21,17,11,2,4,4,1,2,4,4
196.422,0.862957,0.0128217,8,511,0,-118.246,7.52532,0.721036,0.226956,0.404605,0.359654,-1.43322,-0.377193,0.341205,0.393915,-0.176944,-0.415218,0.139059,-0.499683,0.85089,0.663476,0.35463,0.0913515,0.287876,1.13951,-0.131346,0.998612,0.453145,0.0109139,-1.04177,0.515761,-0.551662,-0.549976,-0.628653,0.284554,-0.110892,1.77799,0.828393,0.533697,-0.224004,1.43561,-0.137897,0.404434,0.701098,0.240155,0.390714,-0.235881,0.214702,-0.56227,0.443316,-1.25921,0.132751,-0.122641,0.560219,-1.39132,-0.0846786,0.071235,0.226386,0.141199,0.263182,0.0598361,-0.00423941,0.335197,0.145345,-0.0662011,0.329281,0.0729397,-0.280135,-0.301452,0.101987,-0.0656013,0.210364,-0.0870144,0.147278,0.363607,0.164358,0.678886,0.0284849,-0.867022,0.291831,0.136602,0.707756,-0.0998562,-0.12961,-1.15314,-1.0723,0.753487,-0.779982,0.191648,-0.648279,0.646839,-0.0484406,-0.633086,-0.671293,-0.869727,0.619334,-0.502091,0.182684,0.667476,-0.71138,-0.51311,-0.39158,-0.973988,0.832592,1.03926,-0.673328,-0.219038,-1.21607,0.277758,0.233755,-0.429238,-0.941521,-0.982844,0.0499002,-0.652963,0.879353,-0.0323668,0.379436,0.451302,1.00916,0.180101,0.182841,-0.32037,0.230012,0.0513018,-0.0283763,0.0136289,-0.000166178,-0.0229699,-0.0359484,-0.0766423,0.00962267,0.0267587,0.00864811,-0.0223132,0.0643255,-0.0153279,0.0662539,0.043515,0.137658,-0.536559,-0.30375,0.106235,0.102771,24.6636,0.493365,0.494102,0.523488,0.506186,0.494404,0.49354,0.502902,0.506809,0.497719,0.508194,0.486049,0.48912,0.494184,0.498502,0.495279,0.48132,0.502154,0.483628,0.492569,0.499821,0.517079,0.491542,0.509046,0.509019,0.510309,0.495333,0.501819,0.470873,0.486417,0.491248,0.503674,0.476473,0.502262,0.493368,0.488504,0.496061,0.493593,0.503868,0.496479,0.50922,0.49273,0.52064,0.497823,0.502011,0.490813,0.522802,0.521266,0.518906,0.425191,0.480173,0.517937,0.520705,0.490695,0.478177,0.507313,0.473745,0.54463,0.534836,0.518642,0.504804,0.515135,0.559643,0.493093,0.552326,0.523813,0.500574,0.445431,0.527098,0.47102,0.471108,0.466987,0.514961,0.494168,0.592431,0.543456,0.528038,0.488222,0.574932,0.492748,0.521257,0.536805,0.512627,0.520537,0.487597,0.511289,0.470464,0.523298,0.434161,0.506981,0.493551,0.529428,0.427347,0.445939,0.451905,0.683306,0.550425,0.454358,0.447356,0.523717,0.555468,0.481355,0.566629,0.387804,0.41193,0.452573,0.487749,0.461461,0.351736,0.517611,0.369162,0.439513,0.498536,0.636214,0.431254,0.573464,0.573243,0.583537,0.461904,0.514871,0.278082,0.390674,0.428895,0.530012,0.316416,0.518489,0.445961,0.407048,0.46783,0.447781,0.531599,0.471232,0.574856,0.440812,0.662766,0.4822,0.516445,0.425413,0.678421,0.469314,0.472716,0.607148,0.528612,0.474113,0.470123,0.513433,0.531489,0.489442,0.537872,0.435743,0.449787,0.473096,0.493063,0.478153,0.414322,0.509973,0.424744,0.465644,0.499171,0.578456,0.460914,0.541794,0.541667,0.547594,0.478405,0.50842,0.368173,0.437424,0.459561,0.517004,0.392678,0.51047,0.469327,0.446961,0.481771,0.470365,0.517905,0.483702,0.542594,0.466386,0.594473,0.489921,0.509312,0.457561,0.604108,8.5946,9.14704,6.87366,7.61714,8.6695,8.72285,8.15767,7.9039,8.32584,7.81842,9.40156,8.85661,8.68309,8.27755,8.62813,9.69366,8.05215,9.33485,8.7828,8.34781,7.13072,8.70711,8.22467,8.21659,7.68788,8.11525,7.715,9.84097,9.02352,9.08054,8.11004,9.39728,8.4008,9.19236,8.7085,9.02609,8.68141,8.54427,8.04455,8.21393,8.63379,7.5086,8.47113,8.21263,8.08587,6.77699,5,5,2,5,1,8,9,4,6,7,5,5,10,11,11,14,8,12,7,6,4,5,4,5,5,2,0,3,3,5,11,24,12,15,7,5,3,2,3,7,4,6,1,3,13,7,11,14,6,12,4,4,1,1,7,1,3,3,0,15,21,16,25,2,4,8,6,12,6,8,4,11,9,4,11,15,2,1,2,3,2,10,2,7,6,1,3,0,2,5,1,9,13,21,14,12,13,15,21,3,3,12,9,6,2,0,1,0,5,6,8,7,6,13,7,12,4,2,3,3,1,2,0,5,1,3,2,0,3,6,5,10,5,10,7,10,15,11,5,12,11,8,9,9,12,15,15,5,4,0,5,5,4,4,5,6,12,4,14,6,5,8,12,19,13,16,8,15,8,9,12,12,12,18,9,15,9,18,9,4,7,7,3,11,12,10,5,1,5,3
203.4,0.866062,0.0128217,9,511,0,-133.722,9.9206,0.603048,0.224986,-0.29669,0.508296,-0.256278,0.494578,-0.579316,-0.37097,0.0238991,0.301334,0.517259,0.342451,0.654798,0.0254259,-0.224853,-0.641283,-0.197559,-0.736913,-0.0669537,0.0834584,1.13801,0.077587,-1.39985,-0.195198,-0.121495,-0.807739,0.20246,-0.876437,-0.934344,0.322691,0.19237,0.224051,-0.0732392,-0.24473,-0.384608,-1.29763,-0.836914,-0.782985,-0.523026,-0.885402,0.437808,-0.0242067,-0.146925,-0.759769,0.146752,0.986543,-0.0239962,0.471639,-0.112244,0.128879,0.0522476,-0.246515,0.177101,0.286051,-0.0995631,0.387153,0.227732,0.107814,0.292027,-0.412118,0.468067,-0.19835,0.102228,0.434962,-0.586642,-0.379934,-0.128155,0.361964,1.29935,0.694256,0.0257947,-0.659234,0.692134,-0.0320408,0.836379,1.04828,0.497141,-1.16034,-0.966531,0.909334,-0.564165,0.647559,-0.160845,1.4774,0.169583,-0.465043,-0.612699,-0.575956,1.02534,0.142784,0.422527,0.361817,-0.0886261,-0.520009,-0.631069,-0.740604,0.815447,0.80692,-0.0301408,0.21818,-0.947628,0.402137,0.168256,-0.372076,-0.436297,-0.634458,0.62904,-0.349202,0.852542,-0.486323,0.340798,0.81425,0.935505,0.478908,-0.147505,0.0080364,0.216574,-0.0261104,-0.0122979,0.0154453,-0.00677916,-0.0232496,0.0163876,0.0832465,0.00627066,-0.0270667,0.026522,-0.021196,-0.00328008,-0.0151641,-0.0173345,0.026385,0.0188764,-0.163138,-0.642186,-0.067779,0.101174,22.3856,0.467782,0.555048,0.472161,0.553574,0.437336,0.459748,0.502599,0.53272,0.556011,0.53717,0.570726,0.502765,0.475569,0.430715,0.478531,0.420547,0.49272,0.509074,0.621281,0.508436,0.352314,0.478787,0.486792,0.413059,0.522001,0.405834,0.399775,0.535032,0.520906,0.524344,0.492037,0.473413,0.458275,0.362526,0.409985,0.415671,0.44337,0.404894,0.547464,0.497368,0.484029,0.418126,0.515952,0.605661,0.497391,0.551107,0.543403,0.426001,0.537515,0.42797,0.584154,0.554193,0.496495,0.455921,0.424715,0.449944,0.405131,0.496271,0.532929,0.592957,0.528942,0.606424,0.509818,0.487762,0.339034,0.488623,0.694494,0.528597,0.517811,0.616295,0.470342,0.62578,0.633701,0.452815,0.471817,0.467188,0.51074,0.535831,0.556169,0.681623,0.620335,0.612856,0.576111,0.627011,0.436142,0.50355,0.521535,0.609619,0.478491,0.359221,0.503519,0.431267,0.512098,0.479281,0.510451,0.47984,0.523609,0.515125,0.499025,0.487713,0.478916,0.486037,0.47332,0.498963,0.509169,0.526131,0.508057,0.530018,0.502731,0.496596,0.45372,0.496836,0.556845,0.50796,0.504955,0.532896,0.491744,0.535684,0.538033,0.486842,0.492155,0.490863,0.502987,0.50998,0.515681,0.552726,0.53408,0.53189,0.521318,0.536048,0.482152,0.500987,0.505992,0.530947,0.494015,0.459851,0.500979,0.480774,0.547489,0.419112,0.541052,0.421258,0.591949,0.559278,0.496163,0.451772,0.417711,0.445241,0.396397,0.495918,0.536037,0.601525,0.531675,0.616149,0.510748,0.486604,0.325016,0.487546,0.710737,0.531297,0.519496,0.626848,0.467542,0.637108,0.645662,0.448378,0.469155,0.464091,0.511756,0.53921,0.561435,0.697056,0.63122,0.623122,0.583189,0.638438,0.430171,0.503886,0.523571,0.619615,0.476457,0.346707,0.503852,0.424854,8.44718,8.98958,7.11551,8.76579,6.74996,6.98563,8.23936,7.74733,9.36913,7.79388,9.45547,8.81216,7.1511,8.05739,7.9884,7.88035,8.70746,7.50049,8.69109,8.30021,7.20515,8.56214,8.27624,8.1334,7.63533,8.02058,7.95539,9.74195,9.00134,8.96814,8.12928,9.38257,8.27854,6.94996,7.25899,7.52806,8.68882,7.41265,9.50768,8.38649,8.61684,7.55424,8.37859,9.32737,8.10413,9.31753,0,2,5,3,1,6,6,16,10,6,3,3,20,21,22,19,12,6,29,26,11,8,9,8,7,2,1,0,1,1,14,8,12,26,15,2,3,4,9,11,3,5,4,2,15,23,11,5,5,2,2,2,1,3,6,5,3,1,1,13,20,11,15,9,8,6,6,7,2,6,5,5,1,7,4,7,8,3,4,4,6,1,3,3,0,6,0,1,3,1,5,10,13,5,13,8,11,6,5,4,4,8,4,3,2,3,0,5,1,6,5,3,10,9,3,2,1,8,2,4,4,3,0,1,2,1,3,5,5,9,6,12,16,8,14,20,13,4,13,17,6,8,12,15,13,5,6,2,1,1,1,4,2,3,2,3,4,3,9,10,11,11,5,13,7,8,11,7,9,8,4,11,7,7,2,7,7,9,14,5,5,5,5,5,5,6,6,5,3,1
208.869,0.953127,0.0128217,9,511,0,-139.33,10.0411,0.582722,0.422065,-1.47996,0.585495,-0.48466,0.00544113,-0.125281,0.471519,0.0580836,0.226597,-0.182724,0.219668,0.640854,0.604825,-0.486765,-0.234333,0.293756,0.194878,-0.0844551,-0.00462438,0.905183,0.127147,-1.40605,0.0539089,-0.0801537,-0.94978,0.131252,-0.685129,-1.11605,0.120629,0.228787,0.30371,0.106619,-0.381547,-0.45073,0.507001,0.475244,-0.0359017,-0.484456,0.297141,-0.451506,-0.0859962,0.0865131,-0.806733,0.242537,-0.393876,0.0554087,-0.539393,-0.463419,-0.184671,0.339322,-0.437727,-0.206429,0.494562,0.213106,0.41587,0.0286379,-0.365771,0.0455612,-0.321668,0.339284,-0.731391,0.197877,0.0849493,0.603775,-0.286326,-0.241992,0.357459,1.15219,0.590644,0.0337443,-0.826581,0.619356,0.158121,0.237968,0.00623231,0.422646,-0.667481,-1.29874,0.609431,-0.292948,0.64655,-0.680549,0.594485,0.0406513,-0.652773,-0.188213,-1.6853,0.88771,-0.544047,0.113997,0.101785,0.131962,-0.366148,-0.587936,-0.208788,0.634868,1.0617,-0.0996569,0.395707,-0.870859,-0.224199,0.531188,-0.499857,-0.720544,-0.526608,0.568815,-0.827587,1.00174,0.265068,-0.0552431,0.235063,1.16247,0.545241,0.199683,-0.561087,0.169766,0.033028,0.00665436,-0.0250981,0.00409806,0.0239831,0.0371508,0.0458764,0.0195812,0.00926804,-0.0451051,-0.00958315,0.0140436,0.0225527,0.0283034,0.0160414,0.0087982,-0.388587,-0.074216,0.117553,0.0681799,22.4637,0.468611,0.512432,0.489709,0.500116,0.497339,0.510012,0.501234,0.504812,0.496119,0.504665,0.513607,0.512842,0.489664,0.495024,0.506238,0.504139,0.498206,0.499902,0.519214,0.5027,0.470175,0.501145,0.498298,0.47984,0.502787,0.485454,0.476316,0.502562,0.504859,0.50645,0.502264,0.491898,0.490429,0.510766,0.510092,0.499238,0.489713,0.50631,0.490412,0.498174,0.501837,0.482874,0.505151,0.491636,0.501177,0.488547,0.290375,0.587468,0.427361,0.500821,0.481099,0.570696,0.508766,0.53415,0.472447,0.533109,0.595544,0.590293,0.42705,0.464688,0.544225,0.529382,0.487255,0.499302,0.633329,0.519183,0.299656,0.508136,0.487904,0.36044,0.519801,0.398034,0.337637,0.5182,0.534479,0.545715,0.516088,0.442661,0.432382,0.575937,0.571247,0.494581,0.427391,0.544732,0.432267,0.487022,0.513056,0.380581,0.536544,0.440825,0.508363,0.419294,0.639937,0.443365,0.546944,0.499471,0.512168,0.454321,0.494358,0.478001,0.517744,0.478673,0.438063,0.441512,0.547147,0.522749,0.471493,0.481077,0.508204,0.500449,0.41296,0.487651,0.633294,0.494763,0.507786,0.591235,0.487252,0.566168,0.606753,0.488283,0.477789,0.47053,0.489644,0.536998,0.543675,0.450905,0.453962,0.503488,0.546925,0.471166,0.54375,0.508353,0.491596,0.577736,0.476456,0.538189,0.494617,0.552209,0.527432,0.489138,0.508991,0.499899,0.502324,0.491252,0.498922,0.495796,0.50339,0.495924,0.488112,0.48878,0.50903,0.504348,0.49455,0.496384,0.501567,0.500086,0.483212,0.497641,0.526064,0.499,0.501487,0.517615,0.497565,0.512709,0.520695,0.497762,0.495755,0.494365,0.498022,0.507079,0.508362,0.490594,0.491183,0.500666,0.508988,0.494487,0.508376,0.501596,0.498395,0.514964,0.4955,0.507307,0.498972,0.510007,6.96027,9.00428,7.08681,8.2693,7.47928,8.13125,8.21316,7.86382,8.36978,7.85625,9.42944,9.2299,7.08451,8.31339,8.47066,8.94271,8.47716,7.61115,8.60352,8.28863,7.03992,8.62838,8.27732,8.1069,7.75964,8.14184,7.67367,9.75196,8.81948,9.0616,8.2662,9.35237,8.23737,8.91869,8.78247,8.32568,8.69233,8.68961,8.39655,8.27094,8.66402,7.48463,8.41472,7.71936,8.10385,7.98037,2,1,5,7,1,15,12,8,13,5,7,3,9,3,6,9,5,12,3,7,1,7,6,5,10,3,1,3,1,1,3,5,13,20,9,5,3,2,8,5,18,5,1,3,9,5,13,5,9,6,3,2,8,9,4,1,3,2,0,10,13,17,19,4,5,1,3,3,5,9,5,4,2,4,11,5,10,4,5,2,6,4,2,1,2,6,5,5,3,3,7,15,20,8,17,13,10,9,32,4,7,5,15,10,1,0,2,1,2,4,6,5,8,6,5,11,1,2,5,2,3,4,9,2,1,4,5,3,16,10,10,9,21,16,11,7,8,14,11,17,10,19,15,18,5,7,9,2,2,5,2,0,5,6,5,4,4,7,9,11,9,9,11,22,19,14,15,14,8,16,9,12,16,11,16,12,30,17,17,10,10,8,11,8,8,7,3,7,4,5
228.05,0.999809,0.0128217,8,255,0,-155.27,9.489,0.480139,0.378243,0.631853,0.481085,-0.60972,-0.633022,-0.324446,0.403472,0.0654894,-0.0139505,0.5561,0.211271,0.671663,0.264617,0.335905,-0.385507,-0.0884538,-0.524625,-0.45797,0.308441,0.983301,0.137028,-1.40946,-0.0493079,-0.216233,-0.0646436,-0.0402175,-0.126295,-0.567722,0.51813,0.393072,0.315074,0.0396737,-0.398451,-0.383108,-0.759023,-0.540641,-0.254049,-0.196838,0.711769,-0.219119,-0.137785,-0.035974,-0.873191,0.295607,-0.421704,-0.288353,0.10887,-0.0546811,-0.575328,-0.437471,-0.0984282,0.459341,0.348828,0.35422,0.346554,0.0711901,-0.409596,0.2311,0.00197296,0.5966,0.163027,0.486923,0.466151,-0.23338,-0.339525,-0.141176,0.35612,1.02022,0.637773,0.0131193,-0.607142,0.590377,-0.339306,0.598718,0.60582,-0.204439,-1.3861,-0.393334,0.665652,-1.19407,0.460556,-0.26894,1.04151,-0.325016,-0.346141,-0.475534,-1.10757,0.573448,-0.37752,0.155934,0.191713,-0.00591402,-0.75624,-0.551122,-0.468132,0.644956,0.570203,-0.152369,-0.239966,-0.812456,0.167487,0.176284,-0.32188,-0.518153,-1.19014,0.482433,-0.190399,0.981193,-0.701818,0.400482,0.35499,0.723812,0.175021,0.154381,-0.209587,0.0831422,-0.0109915,-0.00227494,-0.00720605,0.0110059,0.00290839,-0.0136195,0.0112032,0.0151019,0.00488719,0.0202942,-0.0107336,-0.00417728,0.0219884,-0.00622179,-0.0149508,0.0123701,0.189717,-0.355082,0.060748,0.082077,16.4113,0.573107,0.555831,0.429419,0.42676,0.462262,0.546882,0.507631,0.498374,0.564446,0.524601,0.577641,0.530799,0.539066,0.455194,0.489693,0.439164,0.446831,0.535883,0.612627,0.515964,0.341409,0.494254,0.474822,0.492467,0.495313,0.485286,0.434222,0.56009,0.54568,0.536652,0.504623,0.453698,0.455472,0.412457,0.437326,0.470428,0.477077,0.582195,0.474487,0.483948,0.495808,0.399622,0.534395,0.451013,0.466446,0.512685,0.463201,0.47196,0.535514,0.536867,0.518921,0.476477,0.496179,0.500814,0.4676,0.487676,0.460892,0.484566,0.480412,0.522477,0.505161,0.530571,0.526695,0.482012,0.44288,0.492006,0.581502,0.502877,0.512613,0.503772,0.502346,0.507368,0.533075,0.469806,0.477082,0.481625,0.497685,0.523231,0.522338,0.54417,0.531502,0.514818,0.511482,0.458567,0.512782,0.508038,0.502099,0.550771,0.48276,0.524584,0.516818,0.493648,0.529933,0.522802,0.471114,0.470012,0.484617,0.519127,0.503106,0.499338,0.526351,0.510019,0.531814,0.512548,0.515926,0.481724,0.495805,0.475138,0.478292,0.514625,0.546503,0.506499,0.433546,0.497661,0.489746,0.496934,0.498093,0.49401,0.473099,0.524555,0.518635,0.514939,0.501882,0.481111,0.481837,0.464062,0.47438,0.487953,0.490665,0.533708,0.489609,0.493465,0.498294,0.45868,0.514017,0.48001,0.486327,0.505163,0.444144,0.457397,0.553915,0.555958,0.528769,0.464245,0.494187,0.501238,0.450795,0.481254,0.440657,0.476527,0.470217,0.534168,0.507851,0.546437,0.540565,0.472647,0.413588,0.487838,0.622571,0.504377,0.519186,0.505738,0.50357,0.511209,0.550227,0.454135,0.465163,0.47206,0.496478,0.535312,0.533956,0.566974,0.547846,0.522537,0.517466,0.43715,0.519441,0.512229,0.503193,0.576898,0.473783,0.537365,0.525575,0.490337,9.32594,9.05809,6.97662,6.66346,7.28108,8.05835,8.20023,7.61263,9.24512,7.85315,9.53822,8.934,7.98622,8.23978,8.03583,8.26112,8.16243,7.9569,8.67667,8.27663,7.14901,8.59876,8.31352,8.16686,7.58458,8.14303,7.6718,9.66653,9.07113,9.15768,8.17266,9.29069,8.41216,7.73429,6.76202,8.27314,8.64991,9.30419,8.04391,8.39729,8.613,7.6126,8.44596,7.68002,8.0206,8.76769,2,4,7,5,9,11,6,10,7,3,4,6,6,11,13,8,13,10,9,5,7,8,3,3,6,2,1,2,4,3,11,13,12,9,12,1,1,1,12,9,8,3,4,1,22,23,11,3,4,3,2,6,2,5,6,2,2,2,0,9,17,8,17,5,6,7,5,7,6,5,3,11,10,10,2,5,5,6,1,1,5,5,3,3,3,1,2,1,3,4,4,12,3,7,9,13,9,5,17,6,10,3,3,8,1,0,1,10,12,4,10,6,3,8,5,6,2,7,4,5,3,1,0,2,1,1,1,0,3,24,10,32,2,32,17,14,9,19,21,9,8,11,16,16,8,18,14,10,2,3,4,3,4,3,0,3,17,10,7,0,7,7,12,6,4,12,8,22,5,5,21,9,5,10,8,9,8,5,9,8,12,4,6,7,5,5,1,4,2,6
215.096,0.891035,0.0128217,8,255,0,-155.555,9.28007,0.531161,0.378985,0.448868,0.392532,-0.556188,-0.703178,-0.125532,-0.32017,-0.00576325,0.0633738,-0.50449,0.225759,0.785151,0.543302,0.354396,-0.108644,0.0807871,-0.33284,0.466352,-0.13006,1.11204,0.0909036,-1.13181,0.272854,-0.393174,0.0876803,0.108398,-0.277308,-0.309945,0.85593,0.519186,0.294003,0.0911121,-0.198217,-0.332801,-0.0652724,-0.608505,0.62598,-0.0522467,0.822423,0.0156312,-0.251669,0.228016,-1.02686,0.263261,-0.00594421,-0.152515,-0.0558235,0.277655,0.0166405,-0.524151,-0.0593104,0.618111,0.349,0.292634,-0.0171149,0.0520413,-0.263761,0.229132,-0.265711,0.242253,0.100944,0.404992,-0.43946,0.0206582,-0.240925,-0.0710394,0.354086,-0.0461403,0.45853,0.0116426,-0.778534,0.665752,0.244097,-0.0105944,0.150454,0.167708,-0.616797,-0.822986,0.603146,-0.246103,0.56854,-0.559882,0.312366,0.0613663,-0.846247,-0.250303,-0.495074,0.478271,-0.394786,0.0420626,-0.429615,0.236013,-0.774665,-0.595767,-0.428114,0.4695,0.746845,-0.284572,0.0807628,-0.925082,-0.463569,0.434659,-0.776708,-0.52237,-0.843076,0.483243,-0.970503,1.21364,0.404386,0.117719,0.365077,1.04879,0.204862,-0.277036,-0.662096,-0.360409,0.0153533,-0.00209593,0.0233001,0.0177557,0.00136699,-0.0331577,-0.0136899,0.0141072,-0.00608008,-0.00165828,0.00727595,-0.0157076,-0.0116135,-0.0148529,-0.0135071,0.117805,-0.150119,0.108013,0.268976,0.0547753,17.2962,0.450844,0.456981,0.560803,0.576646,0.513788,0.535118,0.500633,0.493038,0.5552,0.475217,0.414585,0.440592,0.461143,0.511934,0.491125,0.536502,0.448943,0.514285,0.3802,0.490014,0.621845,0.470059,0.543089,0.490368,0.488093,0.530429,0.534,0.407057,0.443206,0.467744,0.489991,0.521763,0.536498,0.507171,0.566458,0.431657,0.50574,0.410615,0.498283,0.527621,0.47497,0.610939,0.471109,0.500653,0.51675,0.506133,0.502318,0.502027,0.497128,0.496368,0.499352,0.498346,0.49997,0.500327,0.497395,0.501166,0.504055,0.502806,0.50183,0.499439,0.500417,0.498281,0.502408,0.499328,0.505743,0.500469,0.494155,0.501409,0.497969,0.500453,0.50056,0.498568,0.498399,0.50442,0.502681,0.501518,0.500471,0.498976,0.498281,0.499663,0.496857,0.503233,0.49973,0.504247,0.500081,0.4987,0.501178,0.494697,0.50136,0.499969,0.499212,0.499712,0.48316,0.485273,0.520861,0.526366,0.504711,0.512014,0.500216,0.497622,0.518924,0.491528,0.470568,0.479621,0.486703,0.504077,0.496968,0.512489,0.482505,0.504881,0.458362,0.496588,0.542375,0.489761,0.514751,0.496709,0.495932,0.510406,0.51163,0.467921,0.480525,0.488968,0.496581,0.507438,0.512487,0.50245,0.522821,0.476524,0.501961,0.469174,0.499413,0.509444,0.491443,0.538462,0.490121,0.500223,0.505724,0.502095,0.512119,0.510598,0.484986,0.481021,0.49661,0.491355,0.499844,0.501711,0.48638,0.506096,0.521189,0.514667,0.509569,0.497066,0.502182,0.491013,0.51259,0.496488,0.529993,0.502455,0.469475,0.507367,0.489385,0.502368,0.502927,0.492512,0.491631,0.523096,0.514016,0.507938,0.50246,0.494648,0.491014,0.498237,0.483574,0.516897,0.498589,0.522194,0.500422,0.493205,0.506157,0.4723,0.507108,0.499839,0.495882,0.498493,8.88407,9.01712,7.0015,7.2718,7.45287,7.24883,8.17944,7.65091,7.88475,7.82114,9.58175,8.98302,7.95598,8.29965,8.27018,8.41006,8.90239,7.44812,8.74928,8.28078,7.22807,8.6996,8.19349,8.16577,7.69811,7.94921,7.915,9.73117,8.95775,9.06719,8.281,9.26108,8.4101,8.53721,7.37096,9.26173,8.60804,9.46744,8.25631,8.34181,8.65259,7.52992,8.46147,8.17925,8.08395,8.35503,4,6,2,2,4,16,5,8,17,1,6,8,5,4,4,5,3,12,7,5,8,13,6,2,1,12,1,5,0,2,12,15,19,23,18,4,4,0,5,10,8,8,6,7,17,7,8,13,11,13,5,5,5,3,5,5,8,3,6,12,9,9,8,4,2,1,9,9,6,9,4,3,5,3,3,5,8,8,4,2,0,3,2,6,4,2,4,1,1,2,6,8,13,4,16,8,10,15,7,10,4,15,14,8,1,3,1,7,4,6,6,1,3,12,12,14,0,1,5,6,4,2,4,3,1,5,1,6,3,6,11,23,14,19,17,38,15,12,14,21,15,20,28,31,16,29,18,4,7,4,4,5,3,8,7,7,10,3,15,10,13,3,4,19,26,17,15,26,13,33,24,18,17,13,16,20,10,16,11,13,5,4,13,3,8,5,2,6,1,5
237.935,0.912001,0.0128217,8,255,0,-154.615,8.94464,0.459928,0.304051,0.245383,0.344239,-0.638709,-0.0552567,0.0462053,-0.274503,0.115212,0.227515,0.472181,0.165487,0.657947,0.607031,0.46453,-0.211497,-0.0623514,-0.466176,0.0841673,-0.288999,0.849245,0.174616,-1.09137,0.0642965,-0.348665,-0.392353,0.035636,-0.0751854,-0.130668,0.425859,0.390376,0.183084,0.0980496,-0.019941,-0.379838,-0.494391,-0.14269,-0.12648,-0.261191,0.590652,-0.190347,-0.260601,0.162958,-0.903381,0.301427,0.0814006,-0.0632401,-0.524765,0.142153,0.392572,-0.0645471,-0.0567788,0.0487981,-0.220134,0.433617,0.0909907,0.314274,-0.61118,0.46007,0.103248,0.452927,0.104876,0.478666,0.579749,0.703164,-0.38078,-0.133191,0.35196,0.511251,0.665357,0.0162558,-0.76807,0.544594,-0.298919,0.608057,0.340398,0.0819213,-0.940907,-0.786382,0.591908,-1.50197,0.443769,-0.900137,0.989026,-0.293371,0.270975,-0.182482,-1.28509,0.895927,-0.262574,0.253357,0.716173,0.172728,-0.758954,-0.363882,-0.560082,0.742708,0.825047,-0.233079,-0.0358882,-0.677294,0.0980812,0.229614,0.128754,-0.452526,-0.816252,0.491484,-0.107595,0.941069,-0.73493,0.201417,0.347519,0.996554,0.2181,0.496931,-0.255899,0.523952,-0.00676096,0.000284403,-0.00436376,0.00231876,0.00414698,0.0228274,-0.0199378,-0.0113183,0.00177992,-0.0227654,-0.0157231,0.00641504,0.00800481,0.00635011,0.0046259,0.0713316,0.339512,-0.463595,0.0968047,0.0739299,21.9724,0.535505,0.549728,0.408471,0.491992,0.506696,0.460298,0.516692,0.532928,0.568013,0.523967,0.594221,0.587084,0.566924,0.469385,0.490964,0.432842,0.512197,0.458211,0.62066,0.525287,0.346893,0.509318,0.449637,0.443377,0.505165,0.489105,0.48107,0.561411,0.55634,0.526511,0.514207,0.49711,0.445169,0.428831,0.479331,0.481677,0.462216,0.584781,0.47244,0.462301,0.523601,0.371979,0.543577,0.511796,0.490835,0.424523,0.54303,0.56022,0.389571,0.490288,0.508122,0.451894,0.520242,0.53991,0.582251,0.529058,0.613642,0.605119,0.580942,0.462889,0.489041,0.418776,0.514792,0.449371,0.645006,0.530657,0.317038,0.511301,0.439013,0.431462,0.506264,0.486786,0.477046,0.574308,0.568197,0.53214,0.517229,0.496495,0.433622,0.413955,0.474937,0.477781,0.454214,0.602364,0.466589,0.454316,0.528615,0.346327,0.552791,0.514306,0.488885,0.408784,0.520816,0.529185,0.445999,0.49531,0.503922,0.476718,0.509778,0.519301,0.539992,0.514043,0.555614,0.551342,0.539347,0.482056,0.494708,0.460514,0.507143,0.47549,0.571587,0.514817,0.408412,0.505457,0.47044,0.466747,0.503025,0.493619,0.488911,0.536083,0.533086,0.515535,0.508321,0.498307,0.467805,0.458135,0.487891,0.489266,0.477845,0.549966,0.483849,0.477895,0.513828,0.423918,0.525562,0.506909,0.494633,0.455576,0.471591,0.460188,0.57349,0.506404,0.494645,0.531772,0.48665,0.473656,0.445492,0.48083,0.42433,0.430107,0.446369,0.524493,0.507226,0.55382,0.490246,0.533445,0.402825,0.479773,0.623858,0.492549,0.540322,0.545348,0.49587,0.508713,0.51514,0.450803,0.454879,0.478793,0.488638,0.502311,0.543909,0.55705,0.516532,0.514655,0.530235,0.431969,0.522047,0.530167,0.481122,0.603197,0.465122,0.490567,0.507329,0.560521,8.7696,9.0607,6.8586,8.12025,7.68383,7.29668,8.25477,7.9027,9.04283,7.82784,9.59156,9.20481,8.18827,8.21804,8.04035,8.23685,8.57502,7.2792,8.64919,8.32648,7.16459,8.55102,8.22454,8.16569,7.67106,7.92746,7.86047,9.78997,8.94437,9.02013,8.23405,9.24356,8.34077,8.04913,8.01468,8.49256,8.77247,9.35707,7.78844,8.3307,8.67014,7.55962,8.47946,8.21394,8.08082,7.84071,5,4,4,1,7,14,8,8,5,4,4,3,10,5,2,10,10,4,11,6,9,3,4,7,7,3,4,4,2,4,10,12,11,17,16,0,1,2,12,4,9,3,4,6,13,14,17,4,5,3,7,3,4,3,3,1,0,2,6,9,18,7,12,3,8,11,8,5,7,12,3,8,6,12,15,11,10,7,3,4,2,10,2,5,3,7,6,6,1,5,3,9,7,9,14,13,16,19,10,3,3,5,6,7,2,5,3,13,6,9,2,1,9,5,6,3,10,6,11,4,3,0,4,2,2,2,3,2,12,8,7,3,13,13,12,22,19,12,9,13,19,14,11,16,11,20,18,3,4,4,2,9,6,0,4,7,12,5,11,9,4,2,13,10,15,19,9,9,13,14,14,15,13,9,6,9,20,7,9,10,10,6,5,10,10,12,4,4,7,4
222.863,0.999847,0.0128217,8,255,0,-171.616,8.77672,0.362329,0.263556,-0.292085,0.430021,-0.639672,0.0842307,0.0145689,-0.695205,-0.0320427,0.144661,-0.326104,0.162237,0.498489,0.536696,0.69385,0.104558,-0.0842535,0.0173231,-0.442086,0.854018,0.885426,0.103804,-0.867515,0.181168,-0.311124,0.0277596,0.0655735,0.209535,-0.194983,0.685717,0.61234,0.264935,-0.0337463,0.204186,-0.577986,-0.00865395,-0.299414,-0.102083,-0.0934185,-0.0198371,0.433934,-0.252385,0.366582,-0.844739,0.227779,-0.578268,0.0380251,0.418545,0.180491,-0.000293791,-0.617302,0.0519192,0.163027,-0.0147027,0.287635,0.0425563,0.218156,-0.542413,0.291255,0.114497,0.192963,0.0825949,0.629008,0.444483,0.564162,-0.364365,-0.092369,0.372165,0.804785,0.628548,0.0162359,-0.923288,0.529298,0.540872,0.448651,0.26147,0.780073,-0.717179,-0.87794,0.734714,-0.789571,0.701665,-0.00308646,0.31611,-0.196541,-0.66508,-0.0230714,-1.15783,0.691165,-0.335913,0.581727,-0.0132545,0.490816,-0.613075,-0.865036,-0.0667673,0.605114,0.861995,-0.356412,-0.245613,-0.867656,0.152245,1.15068,-0.659316,-0.491524,-0.551744,0.413321,-0.35532,1.03586,-0.0844015,0.860484,0.351246,1.18071,0.192587,0.195197,-0.73869,0.206468,-0.0101884,0.00212678,0.00829228,0.0025479,-0.00437425,0.0150901,0.020449,-0.00992829,0.00507792,-0.00415895,-0.0102021,0.000812804,-0.00974632,0.021099,0.00151471,0.0518191,-0.181449,-1.1245,0.137743,0.122556,17.3482,0.467589,0.547639,0.429394,0.509359,0.501619,0.423357,0.496439,0.516069,0.463826,0.51802,0.555167,0.559357,0.576496,0.511616,0.490639,0.501925,0.451033,0.593776,0.597139,0.511533,0.404778,0.520121,0.465483,0.503085,0.507286,0.523267,0.478347,0.575613,0.567627,0.529406,0.49625,0.522674,0.436125,0.499038,0.466778,0.488658,0.489621,0.497796,0.54807,0.471984,0.540645,0.407219,0.525289,0.436094,0.504225,0.546375,0.458897,0.560355,0.410747,0.511878,0.502055,0.403186,0.495481,0.520392,0.454135,0.522866,0.569847,0.575123,0.59663,0.514743,0.488119,0.502443,0.437969,0.618174,0.622347,0.514636,0.38003,0.52553,0.456231,0.503915,0.509247,0.529519,0.472527,0.595526,0.585516,0.537297,0.495241,0.528767,0.419195,0.498779,0.457871,0.485606,0.486827,0.497202,0.560899,0.464463,0.551519,0.383062,0.532082,0.419156,0.505363,0.558759,0.513247,0.480503,0.528984,0.496179,0.499339,0.531494,0.501454,0.493438,0.514788,0.492641,0.477403,0.475674,0.468567,0.495257,0.503822,0.499214,0.520043,0.461337,0.459921,0.495291,0.539271,0.491783,0.514109,0.498741,0.497025,0.490496,0.508844,0.468934,0.472251,0.487984,0.501531,0.490739,0.526195,0.500393,0.513579,0.504631,0.504238,0.5009,0.480326,0.511447,0.483377,0.538244,0.489669,0.526207,0.498275,0.481023,0.581382,0.381412,0.672456,0.476338,0.495904,0.686059,0.509007,0.459421,0.590663,0.454517,0.36342,0.35354,0.314269,0.47064,0.523668,0.49513,0.621784,0.276809,0.269795,0.470851,0.726219,0.449244,0.586584,0.492197,0.481574,0.441365,0.554596,0.316243,0.334349,0.426066,0.509486,0.442849,0.656999,0.502433,0.583387,0.528667,0.526238,0.505576,0.380374,0.57048,0.398379,0.721098,0.436313,0.65707,0.489312,0.384461,7.88804,9.03555,6.92366,7.80734,7.66152,6.86118,8.12584,7.80838,7.84966,7.82821,9.48438,8.82318,8.42743,8.33576,8.0669,8.94152,7.71887,8.60744,8.64269,8.2792,7.2402,8.42224,8.19915,8.0778,7.7191,8.16127,7.70463,9.66615,8.90837,9.22101,8.12392,9.35618,8.27,8.54054,7.3743,8.43506,8.75998,8.52791,8.4144,8.26542,8.63143,7.59836,8.41913,7.50973,8.05203,8.69003,2,2,2,0,1,11,5,6,14,7,14,4,13,12,11,8,7,8,7,9,8,7,7,10,15,0,3,2,6,3,13,18,11,22,7,3,3,4,7,9,15,9,7,2,2,7,8,4,3,6,1,6,6,8,1,2,1,1,1,10,18,11,8,10,5,4,16,6,15,10,4,3,3,4,3,5,8,13,3,1,3,2,4,4,2,0,1,5,5,4,3,14,13,19,12,19,24,11,9,6,5,4,6,6,1,2,2,5,4,4,4,5,4,7,22,16,1,3,3,1,2,3,3,4,1,1,3,1,10,8,12,14,9,7,13,11,12,9,8,8,11,7,11,9,10,13,7,3,5,5,6,6,5,2,1,3,10,18,15,5,4,8,3,13,19,15,21,8,12,14,8,10,13,12,10,13,9,12,10,7,13,6,5,3,7,4,0,2,3,2
217.411,0.972006,0.0128217,8,255,0,-152.217,8.868,0.406633,0.476241,-0.137489,0.433214,-0.450172,0.289421,0.193969,-0.917992,0.0295093,0.177449,-0.0386369,0.132967,0.474589,0.624269,0.618817,0.214384,-0.147934,0.133916,0.0320489,0.404649,0.904383,0.129613,-1.05017,0.157555,-0.242337,0.136072,-0.0444927,0.286002,-0.299705,0.398917,0.665885,0.0763978,0.00154815,0.140573,-0.489505,-0.389175,-0.833345,-0.0690028,-0.139036,-0.407677,0.389894,-0.297055,0.366991,-0.89586,0.224043,-0.942766,-0.0749466,-0.00432722,0.0225892,-0.0971857,-0.618964,0.0686571,0.138028,-0.0327572,0.376214,0.0838955,0.127345,-0.525871,0.592344,0.0851073,0.22191,0.148032,0.623264,0.161335,0.682772,-0.319986,-0.105811,0.370201,1.35676,0.579853,0.00343753,-1.06634,0.265972,0.514403,0.208522,0.430801,0.601312,-0.675633,-0.813327,0.863623,-0.965234,0.719176,0.223983,0.326438,-0.212881,-0.878376,0.358033,-1.05406,0.511779,-0.35328,0.276154,0.0963401,0.486612,-0.579195,-0.766001,0.00498292,0.622141,1.07836,-0.302065,-0.18377,-0.57392,0.171332,0.848348,-0.678334,-0.511357,-0.430722,0.535015,-0.0803803,0.892224,0.149818,0.816462,0.162288,1.00944,0.150947,0.179697,-1.13831,0.446956,-0.00294308,-0.00219953,0.00132301,-0.00293365,-0.000685719,0.00679025,0.00524637,0.00864622,-0.00413085,-0.00403223,0.00800917,-0.00295269,-0.00833017,0.00982442,-0.00150265,-0.00110273,-0.398833,-0.73155,0.126668,0.10132,16.0507,0.494455,0.517466,0.481851,0.511671,0.507823,0.463041,0.50119,0.507157,0.498442,0.505363,0.519133,0.525158,0.524939,0.508646,0.494034,0.505401,0.501293,0.516315,0.536413,0.505228,0.457744,0.506354,0.490227,0.505488,0.498205,0.511534,0.487914,0.516084,0.526832,0.503081,0.500062,0.50567,0.480267,0.484308,0.466439,0.497217,0.494392,0.483563,0.515721,0.488021,0.514798,0.463929,0.509036,0.462048,0.496977,0.499825,0.476549,0.573412,0.423758,0.549242,0.533061,0.348241,0.505037,0.530252,0.493405,0.522681,0.580308,0.604974,0.604084,0.536529,0.47477,0.522843,0.50547,0.568635,0.649647,0.52211,0.328049,0.526868,0.458729,0.52321,0.492406,0.548664,0.44902,0.567675,0.611744,0.513038,0.500264,0.523976,0.417214,0.433959,0.361471,0.488224,0.476285,0.430858,0.566162,0.449468,0.562317,0.351679,0.538168,0.344412,0.48721,0.499261,0.513705,0.456912,0.544766,0.471174,0.480669,0.590522,0.497058,0.482314,0.503852,0.486745,0.45282,0.438075,0.43861,0.478637,0.514746,0.486651,0.496805,0.459741,0.410791,0.487079,0.603206,0.484296,0.524144,0.486436,0.504436,0.471514,0.529847,0.460308,0.433993,0.492383,0.499846,0.485987,0.548653,0.538726,0.582335,0.50688,0.513859,0.540559,0.461203,0.529584,0.463473,0.588386,0.477676,0.59291,0.507472,0.500431,0.525124,0.421427,0.581595,0.447265,0.464585,0.661852,0.494603,0.467592,0.507066,0.475701,0.414065,0.387773,0.38872,0.460872,0.527029,0.475528,0.494139,0.426531,0.34038,0.476313,0.683142,0.471217,0.544205,0.475135,0.508136,0.447884,0.554594,0.427557,0.38057,0.486031,0.499717,0.474314,0.58858,0.570698,0.647857,0.512617,0.525406,0.574011,0.429173,0.554115,0.433282,0.658219,0.459117,0.665896,0.513703,0.500791,8.08405,9.04917,7.17649,8.0376,7.89945,6.65408,8.23557,7.88091,8.19506,7.83097,9.42109,8.93845,8.37555,8.47917,8.03631,9.03897,8.27444,8.13579,8.69408,8.34798,7.06406,8.41537,8.29092,8.12191,7.63168,8.29905,7.6415,9.69313,8.98496,8.97438,8.20417,9.28308,8.33937,8.12622,6.77933,8.48552,8.60347,8.10548,8.41556,8.22953,8.65037,7.56007,8.45399,7.14731,8.08474,8.23359,2,3,2,4,1,5,12,7,5,8,10,9,9,3,9,4,7,16,5,11,6,9,4,7,9,4,5,1,3,5,19,17,36,19,13,0,0,0,11,15,11,5,9,3,6,6,12,7,4,6,1,1,11,7,5,0,1,2,1,9,15,8,13,2,6,2,9,5,12,11,8,9,12,7,3,2,13,14,2,2,6,0,2,4,3,1,3,6,2,4,7,12,10,5,13,8,17,14,15,2,4,1,12,3,1,0,4,6,12,3,4,3,7,7,5,15,4,1,7,4,7,0,1,5,1,1,2,3,10,7,7,9,11,13,11,9,8,14,6,17,18,11,8,7,13,8,7,9,9,9,7,7,9,14,2,3,12,7,18,6,7,5,8,13,15,12,8,11,7,9,17,10,10,3,10,9,12,5,9,4,6,3,6,2,5,3,3,1,2,2
235.773,0.997909,0.0128217,8,255,0,-149.742,8.88031,0.46966,0.272935,0.468844,0.363321,-0.515741,-0.276837,-0.301727,0.697614,0.088002,0.219188,-0.153907,0.105156,0.50581,0.84321,-0.0570579,-0.12049,0.233951,-0.690946,0.402627,-0.00668706,0.811921,0.166484,-1.03812,0.412029,-0.276929,-0.485521,-0.021831,-0.0111043,-0.3722,0.75606,0.56826,0.132738,0.00232246,0.351347,-0.385074,-0.112256,0.398522,0.0799624,0.0602314,0.343554,0.452363,-0.117011,0.336918,-0.881008,0.292488,0.402521,0.155341,0.171158,-0.162613,-0.539187,-0.213857,-0.263333,-0.190282,0.0728929,-0.0300816,0.207811,-0.298767,-0.495872,0.100882,-0.0438077,-0.0511814,-0.128139,0.234837,0.695778,0.491979,-0.415116,-0.0686154,0.359269,0.799386,0.77388,0.00821735,-0.595322,0.936893,-0.0331655,0.709873,0.426473,0.128433,-1.69367,-1.61306,0.623813,-1.00869,0.438184,-1.56958,1.35167,-0.376732,-0.424818,-1.05016,-1.47059,1.00084,-0.480108,-0.0446322,0.247248,0.228262,-0.263142,-0.326365,-0.11832,0.735597,0.718183,-0.424186,0.0771677,-1.05535,-0.204249,-0.381107,-0.406638,-0.347852,-0.797191,0.56922,-1.07031,1.11628,-0.532886,-0.149242,0.476664,1.35453,0.48556,0.595409,-0.127025,0.523235,0.0056809,-0.0073063,0.00683744,-0.00359357,-0.00576046,-0.0131724,0.000668164,0.00351936,-0.00530542,0.0010853,-0.00211052,-0.00448587,0.00103523,0.00578212,-0.00545235,0.0960557,0.0504735,-0.180723,0.052835,-0.0114067,20.1292,0.580837,0.562863,0.41124,0.451994,0.447708,0.619019,0.515303,0.538053,0.473254,0.518283,0.587086,0.642605,0.490076,0.479054,0.540605,0.382076,0.56958,0.498837,0.637589,0.528927,0.326887,0.571183,0.451978,0.41634,0.496203,0.498068,0.435617,0.628561,0.597578,0.523073,0.500404,0.560812,0.433416,0.480484,0.56888,0.513905,0.510475,0.559476,0.578043,0.479658,0.558338,0.351378,0.550702,0.569562,0.526994,0.529737,0.557411,0.544568,0.436905,0.466003,0.462957,0.58497,0.510822,0.526933,0.481079,0.512931,0.561893,0.602248,0.492983,0.485185,0.528743,0.415826,0.54936,0.499178,0.598555,0.520465,0.375022,0.550505,0.465992,0.440566,0.497315,0.498634,0.454349,0.591934,0.569441,0.51632,0.500286,0.543107,0.452779,0.486197,0.54886,0.509834,0.507408,0.542155,0.55541,0.485612,0.541345,0.393306,0.535913,0.549347,0.519097,0.521039,0.505916,0.504584,0.493493,0.496507,0.496193,0.508802,0.50111,0.502766,0.498058,0.501327,0.506382,0.510638,0.49928,0.49848,0.502952,0.491282,0.50508,0.499916,0.510244,0.502101,0.486904,0.505199,0.496506,0.493874,0.499725,0.49986,0.495304,0.509539,0.50717,0.501675,0.500029,0.504433,0.495141,0.498584,0.505029,0.501009,0.50076,0.504335,0.505708,0.498524,0.504251,0.488885,0.503691,0.505079,0.50196,0.50216,0.47883,0.483591,0.523285,0.512505,0.513629,0.468523,0.496024,0.490098,0.506953,0.495249,0.477163,0.461977,0.502578,0.505444,0.489431,0.531177,0.481817,0.500302,0.463382,0.492479,0.546766,0.481393,0.512509,0.521922,0.500986,0.500502,0.51681,0.465894,0.474348,0.494003,0.499895,0.484131,0.517391,0.505072,0.482002,0.496387,0.497279,0.484483,0.479573,0.505286,0.484783,0.539721,0.486788,0.481822,0.492982,0.492268,8.79756,9.02272,7.05928,6.97343,7.31148,8.49004,8.17055,7.92673,8.0624,7.79206,9.41299,9.23696,7.6004,8.10187,8.34292,8.00173,8.71955,7.65992,8.62396,8.26325,7.02417,8.73063,8.26666,8.22124,7.64202,8.14393,7.7176,9.7517,8.91454,8.97296,8.06932,9.37054,8.36151,8.4611,7.77088,8.6882,8.67469,8.9994,8.69097,8.45549,8.64207,7.55682,8.41201,8.54177,8.10445,8.44642,4,2,3,0,1,4,10,15,18,2,2,6,3,4,7,7,5,5,0,7,7,6,7,5,4,1,2,1,0,2,7,6,4,6,10,3,1,2,3,11,12,1,0,0,7,17,39,0,4,1,5,6,2,6,1,5,3,2,1,15,12,14,10,1,1,5,2,5,11,3,6,3,6,6,4,7,4,5,5,1,0,6,3,3,8,2,7,4,3,4,3,6,10,10,4,16,7,15,8,7,5,4,3,10,2,2,0,5,2,6,3,8,3,4,1,2,3,7,4,1,5,0,4,1,0,1,1,3,11,4,5,11,20,17,22,19,22,11,8,12,18,12,23,20,14,16,14,2,2,4,1,4,2,3,1,5,6,1,2,10,7,7,12,20,19,14,3,23,24,23,23,35,16,23,24,19,19,30,21,7,12,8,7,4,9,9,6,8,2,5
218.694,0.946984,0.0128217,8,255,0,-150.897,8.60924,0.452595,0.337662,0.425189,0.368365,-0.612604,-0.0538867,0.014339,0.89703,-0.011901,0.691256,0.0380092,0.153202,0.624821,0.735213,-0.40213,-0.0401844,0.176257,-1.04071,0.760438,0.110732,0.837375,0.0900383,-0.732981,0.378336,-0.223262,-0.492245,0.026511,-0.244195,-0.263372,0.643404,0.577272,0.244834,0.112499,0.789269,-0.324866,0.229091,-0.0043558,0.742519,-0.0865467,0.390105,0.326278,-0.163619,0.319492,-0.784682,0.149686,-0.145298,0.188886,0.906705,-0.449346,-0.789858,-0.192572,-0.229906,-0.582375,0.0528415,-0.137148,0.196222,-0.0756812,-0.472895,0.106893,-0.237111,-0.170597,-0.340015,0.0755269,0.71543,0.705398,-0.343581,-0.049923,0.363368,0.239765,0.879255,0.00555011,-0.749821,0.665555,-0.298818,0.525275,0.73706,0.11861,-1.66246,-1.39017,0.904551,-0.461726,0.734054,-1.44017,1.35314,-0.161293,-0.240195,-0.798291,-1.47185,0.833684,-0.810538,-0.11683,0.019339,0.168003,0.0347787,-0.274811,-0.297333,0.551783,0.826634,-0.699945,0.0873992,-1.34541,-0.10013,-0.524515,-0.468126,-0.561109,-0.869097,0.0915307,-0.790389,0.935517,-0.454382,-0.400309,0.519611,1.18431,0.502616,0.157581,0.10479,0.581693,0.00756011,-0.0100007,-0.00469745,0.0032449,-0.000936761,-0.0114111,0.00145979,-0.00302117,0.00420686,0.00187151,0.0132887,0.000357267,0.000599549,-0.00808407,-0.00427659,0.201501,-0.0151284,-0.538694,0.037983,-0.00609376,19.2211,0.575467,0.565506,0.392152,0.490363,0.502565,0.655152,0.497871,0.621177,0.506798,0.527374,0.609929,0.628548,0.428568,0.492813,0.531483,0.322009,0.632752,0.519795,0.645446,0.516098,0.371825,0.567258,0.460153,0.412857,0.504742,0.456435,0.453033,0.613088,0.601806,0.543679,0.520111,0.637532,0.442155,0.540883,0.499221,0.629768,0.484525,0.569324,0.558094,0.470769,0.556896,0.363227,0.526747,0.474036,0.533732,0.656714,0.574425,0.564598,0.393618,0.490498,0.502529,0.653116,0.497901,0.619543,0.506702,0.526991,0.608437,0.626824,0.429556,0.492914,0.531043,0.324293,0.630977,0.519518,0.643522,0.515873,0.373544,0.566326,0.460709,0.414055,0.504675,0.457043,0.453688,0.611556,0.600418,0.543069,0.519829,0.6357,0.442959,0.540312,0.499232,0.628029,0.484742,0.568364,0.557286,0.471178,0.556105,0.36505,0.526372,0.474399,0.533261,0.65466,0.498392,0.498607,0.502317,0.500204,0.499946,0.496607,0.500045,0.497386,0.499856,0.499421,0.497637,0.497219,0.501521,0.500152,0.499333,0.503936,0.497124,0.499581,0.496833,0.499659,0.502772,0.498569,0.500844,0.501862,0.4999,0.500924,0.500996,0.497567,0.497817,0.499074,0.499575,0.497015,0.501229,0.499134,0.500016,0.497192,0.500327,0.498525,0.498766,0.500619,0.498792,0.502968,0.499434,0.50055,0.499286,0.496571,0.442987,0.450553,0.581761,0.507257,0.498069,0.381491,0.501603,0.407967,0.494881,0.479379,0.416639,0.402261,0.553946,0.505412,0.476281,0.636597,0.398998,0.485092,0.389102,0.487877,0.59745,0.449224,0.530031,0.565907,0.49643,0.532839,0.53541,0.414208,0.422877,0.467075,0.484854,0.395279,0.54364,0.469187,0.500587,0.401315,0.511653,0.447656,0.456172,0.522021,0.457079,0.60413,0.479852,0.519558,0.474584,0.380262,8.75245,8.99758,6.90238,7.13797,7.68514,8.78322,8.16335,8.52946,8.26837,7.85901,9.47979,9.13741,7.16426,8.17044,8.39893,7.40784,9.16857,7.80584,8.70985,8.291,7.30688,8.69401,8.2573,8.17055,7.70038,7.88124,7.85726,9.64973,8.94171,9.0063,8.31912,9.45547,8.29335,8.82356,7.2,9.46246,8.69041,9.02471,8.59515,8.33192,8.62054,7.55906,8.36567,7.99632,8.05875,9.34869,3,3,5,5,5,15,12,6,13,4,5,1,0,6,6,9,15,10,8,13,9,7,13,10,8,4,0,0,2,1,14,10,13,22,15,4,5,1,10,15,13,3,2,3,19,11,16,4,7,3,5,5,1,2,3,0,4,0,2,21,10,10,4,3,0,3,6,2,3,3,5,6,1,6,12,3,3,9,3,6,7,4,8,2,5,3,5,5,3,4,6,2,16,6,7,16,4,7,14,3,5,12,8,10,5,4,3,3,5,5,4,3,4,8,4,8,2,7,3,0,2,1,1,1,2,1,2,1,3,7,4,19,10,15,18,26,15,20,15,21,21,8,23,11,26,11,8,2,0,3,4,2,3,5,4,0,2,3,3,13,9,9,9,10,14,15,14,17,8,13,17,21,10,11,15,10,13,15,12,8,10,11,13,10,0,4,12,6,11,6
240.151,0.965494,0.0128217,8,255,0,-148.037,8.21312,0.51106,0.553416,-0.443798,0.566112,-0.435975,0.548368,-0.671769,0.302822,-0.126825,0.229844,-0.116623,0.214858,0.808214,0.549619,0.426163,0.0327167,-0.0944539,0.241091,0.169097,0.492414,0.877689,-0.0568025,-0.860444,0.218902,0.000294849,-0.696021,0.129964,-0.05234,-0.0573664,0.84143,0.542227,0.405901,-0.0695861,0.261959,-0.146677,0.126432,0.647764,0.776696,-0.0618645,0.872124,-0.470939,0.162787,0.351037,-0.57646,0.0951551,0.267694,0.102756,-0.62876,-0.604342,-0.0325307,0.207083,0.151696,0.449252,0.0460324,-0.301797,-0.602465,0.115312,-0.371596,0.172333,-0.186542,-0.000104531,0.093571,0.0531209,0.890074,0.494474,-0.353853,-0.0106027,0.356132,0.0366759,0.631998,0.00782577,-1.30076,0.433311,0.552212,0.0818165,0.64545,0.127045,-0.880239,-0.592745,0.500429,-0.857199,0.207975,-1.00054,0.805075,-0.144245,-0.972815,-0.131493,-1.55996,0.814468,-0.949158,0.0539449,0.589407,-0.377926,-1.04983,-0.930478,-0.0597764,0.434242,0.901706,-0.891575,-0.24989,-0.491922,-0.0199824,0.285402,-0.294245,-1.10558,-0.904138,0.173757,-0.799474,0.812452,-0.237552,0.490643,0.177828,0.974891,0.119759,0.0591684,-0.70956,0.746741,-0.00459142,0.00223491,0.00404889,0.00248517,-0.00869075,-0.00716285,-0.00113046,-0.00591524,0.00662369,0.00208735,0.00957134,0.00446894,0.00784302,-0.0121126,0.00103081,0.165793,0.0529399,-0.476801,0.0842311,0.057045,22.1932,0.402511,0.623371,0.404187,0.619656,0.354819,0.566978,0.471809,0.550967,0.474073,0.547665,0.672468,0.619918,0.593708,0.50728,0.478995,0.553442,0.537556,0.60785,0.685941,0.487363,0.317376,0.548556,0.500066,0.349893,0.528887,0.488355,0.487238,0.678947,0.618367,0.589351,0.484521,0.558028,0.467408,0.528104,0.640275,0.66626,0.486237,0.684872,0.396715,0.53616,0.577483,0.374469,0.521161,0.559287,0.522849,0.36363,0.445357,0.569529,0.446313,0.567376,0.417712,0.537365,0.484327,0.528382,0.485587,0.526535,0.598601,0.567528,0.552488,0.504044,0.488326,0.529768,0.520891,0.560573,0.606827,0.492979,0.395209,0.527034,0.500036,0.414798,0.51606,0.49353,0.492909,0.602541,0.566631,0.550009,0.491399,0.532338,0.481876,0.515624,0.579398,0.594851,0.492353,0.60617,0.442045,0.520113,0.543286,0.429217,0.511761,0.533044,0.5127,0.422894,0.494127,0.507492,0.49423,0.507257,0.49111,0.504008,0.498321,0.503042,0.498457,0.502844,0.510695,0.507274,0.50564,0.500433,0.49875,0.503191,0.502238,0.506517,0.511614,0.499248,0.488614,0.502897,0.500004,0.490789,0.50172,0.499307,0.499241,0.511134,0.507176,0.505372,0.499079,0.503467,0.498059,0.501673,0.508572,0.510278,0.499181,0.51154,0.493767,0.502154,0.504646,0.492371,0.501259,0.503543,0.50136,0.491679,0.552704,0.432926,0.551782,0.435004,0.579397,0.463966,0.515113,0.47263,0.513898,0.474411,0.404835,0.434858,0.449375,0.4961,0.511257,0.471293,0.479855,0.441572,0.39688,0.50677,0.60115,0.473931,0.499965,0.582213,0.484513,0.506239,0.506838,0.401025,0.435724,0.451767,0.508294,0.468815,0.517477,0.484934,0.423394,0.408461,0.507374,0.397515,0.555901,0.480605,0.458254,0.568285,0.488659,0.468134,0.487754,0.574392,7.67304,8.99418,6.97162,8.36691,6.67775,7.90034,8.17016,7.80867,8.08381,7.78983,9.51234,8.92038,8.05495,8.27183,8.2109,8.80524,8.44349,8.13779,8.61544,8.2583,7.15582,8.50612,8.28425,8.15348,7.68304,7.90642,7.9001,9.59871,8.91116,9.01202,8.24221,9.44956,8.31721,8.44305,8.4906,9.25546,8.65164,9.37305,7.3808,8.4888,8.67204,7.56069,8.44963,8.66663,8.06797,7.44237,3,1,1,2,1,8,6,10,11,6,12,3,10,7,8,4,4,12,6,7,10,3,6,4,5,4,0,1,1,2,8,7,10,6,8,5,5,5,8,7,8,3,2,4,16,12,6,10,4,7,1,1,5,3,4,0,2,1,1,14,8,12,10,1,2,1,4,5,3,14,2,2,8,7,15,1,4,4,6,2,2,3,2,3,2,2,3,6,4,3,9,6,9,5,11,11,9,11,12,3,1,8,8,2,5,6,2,2,6,9,11,7,2,2,7,9,1,6,5,1,2,2,3,2,3,0,1,1,9,6,11,18,22,24,14,21,14,20,19,14,16,13,14,11,20,19,16,3,4,4,3,4,5,5,2,6,7,16,7,7,7,4,6,8,9,13,9,16,13,14,11,7,10,8,24,11,8,9,9,6,4,7,7,3,7,6,2,0,1,1
246.654,0.931666,0.0128217,8,511,0,-178.705,7.98575,0.432218,0.48578,-0.700018,0.580265,-0.514853,0.834123,-0.531892,0.36102,-0.109023,0.205249,-0.284938,0.0896449,0.753589,0.422538,0.302608,-0.121032,-0.412402,0.174528,0.00473309,0.0508728,0.775252,-0.0517123,-0.835762,0.252396,0.0340352,-0.568029,-0.0506519,0.00388178,-0.269175,0.906128,0.5208,0.356019,-0.0116833,0.245388,-0.168061,0.357534,0.518077,0.293955,-0.12837,0.481694,-0.0945219,0.0965174,0.248789,-0.617725,0.0284659,-0.0369389,0.0419756,-0.535236,-0.710539,0.209756,0.0312242,0.160872,0.294228,0.00452793,-0.427122,-0.556179,0.244382,-0.268174,0.216332,-0.154024,-0.0267592,0.195731,0.0478252,1.01898,0.438629,-0.326817,0.0251535,0.357645,-0.150038,0.720667,0.00524476,-1.32371,0.397744,0.164024,0.174306,0.550636,-0.138416,-1.00792,-0.80149,0.422934,-0.595952,0.220897,-0.98571,0.829738,-0.0232953,-0.690208,-0.33587,-1.83577,0.702243,-0.879481,0.104529,0.62627,-0.423767,-1.05825,-1.13131,0.0203205,0.641006,0.955274,-0.822803,-0.190805,-0.527284,-0.0626763,-0.0725531,-0.501652,-1.15827,-1.03451,0.260616,-0.678561,0.689197,-0.238756,0.353421,0.171074,1.00303,0.162974,0.00152061,-0.606325,0.299149,-0.0033553,-0.00372112,-0.00290519,-7.24788e-05,-0.0109476,-0.00653317,0.00383047,0.011705,-0.00450789,0.000888057,-0.00940098,-0.00569444,0.00476832,-0.0100531,-0.00255894,0.205651,0.0842241,-0.533768,0.0756825,0.0505924,21.9755,0.32887,0.643658,0.371772,0.700557,0.367726,0.590944,0.472256,0.552096,0.427919,0.522821,0.683064,0.606006,0.576483,0.469207,0.396462,0.544343,0.501206,0.512957,0.687824,0.48683,0.299093,0.563944,0.508669,0.359207,0.4871,0.500989,0.431856,0.715719,0.629643,0.589712,0.497024,0.562188,0.457292,0.590085,0.628995,0.574329,0.467345,0.620303,0.47594,0.524567,0.56304,0.347636,0.507251,0.490591,0.510691,0.366934,0.423835,0.563289,0.443781,0.590461,0.441937,0.539506,0.488047,0.522492,0.468795,0.509829,0.581892,0.546202,0.533134,0.486731,0.4549,0.519129,0.500519,0.505578,0.584202,0.49433,0.409365,0.527649,0.503732,0.438032,0.494446,0.500426,0.470517,0.598076,0.556862,0.538961,0.498719,0.526883,0.481579,0.539126,0.556568,0.53219,0.485927,0.552626,0.489636,0.510582,0.527254,0.432673,0.503121,0.495949,0.504603,0.441576,0.485265,0.512216,0.489161,0.517556,0.488802,0.507601,0.497704,0.504322,0.494001,0.501888,0.515862,0.508896,0.506371,0.497452,0.491317,0.503675,0.5001,0.501071,0.516318,0.498911,0.482409,0.505314,0.500717,0.488042,0.498933,0.500082,0.494332,0.51907,0.510964,0.507496,0.499754,0.505167,0.496461,0.507528,0.510907,0.506189,0.497297,0.510141,0.49801,0.502032,0.505238,0.486996,0.500599,0.499222,0.500884,0.488732,0.59234,0.423181,0.568274,0.390496,0.570504,0.451973,0.514544,0.472639,0.53795,0.48804,0.400774,0.443854,0.459707,0.516145,0.554811,0.476727,0.499368,0.493212,0.398,0.5069,0.609712,0.466371,0.495458,0.575224,0.506759,0.499482,0.535858,0.381388,0.430948,0.452635,0.501559,0.467302,0.522411,0.452434,0.431304,0.460854,0.517123,0.436074,0.512611,0.487123,0.46685,0.581692,0.496202,0.504929,0.494399,0.570941,7.39783,9.04223,7.00371,9.04497,6.98174,8.1449,8.24228,7.94208,7.93356,7.79109,9.53885,8.85645,8.06896,8.1474,7.84713,8.79091,8.31182,7.7404,8.67745,8.3172,7.22539,8.63531,8.33233,8.15283,7.60765,8.03403,7.67741,9.66709,8.98348,9.02733,8.36954,9.14549,8.34315,8.75431,8.64114,8.67164,8.66547,8.91519,7.90537,8.41401,8.63061,7.48531,8.42204,8.33651,8.09852,7.60918,1,0,2,3,1,14,6,15,7,6,6,10,15,3,7,6,6,9,3,11,3,3,3,7,0,2,2,4,0,1,8,7,11,7,5,3,3,3,9,12,10,2,2,2,12,14,9,4,6,6,5,2,7,4,8,3,1,1,0,17,10,9,13,4,3,1,6,8,9,8,10,11,12,9,4,12,5,4,1,1,1,3,1,2,6,1,2,4,5,11,9,14,17,8,12,17,10,23,22,8,2,6,8,6,3,3,5,8,4,8,3,4,12,9,7,4,2,1,2,5,3,2,1,3,5,3,0,4,11,8,13,15,21,14,11,12,13,5,8,14,18,13,14,19,14,17,20,3,5,2,5,1,2,6,7,5,9,9,10,13,8,8,4,13,12,13,12,7,9,24,14,17,6,16,23,9,15,16,10,6,13,10,6,6,10,4,6,4,3,4
230.66,0.802683,0.0128217,8,255,0,-170.632,8.17604,0.434584,0.220249,-0.0847197,0.425983,-0.534385,-0.278585,-0.0763068,-0.414151,0.0741496,-0.156627,-0.209534,0.0510614,0.909156,0.360065,-0.0031466,-0.209265,0.142703,-0.499407,-0.0971465,-0.174468,0.76389,0.15758,-1.02013,0.0718723,-0.0091651,-0.211664,0.0164351,0.0250994,-0.00167912,0.621508,0.222876,0.467535,0.0125243,0.622807,-0.135573,0.213409,-0.666432,-0.159938,0.514951,-0.42642,-0.434535,0.0700699,0.0686612,-0.582325,0.258745,-0.0778038,0.0246491,0.234344,0.665847,0.126685,0.00365192,-0.0463617,-0.0372276,0.0264193,0.1532,0.460578,-0.468356,-0.390389,0.430082,-0.10021,0.396429,-0.00193272,0.202991,1.17548,0.0697015,-0.196492,-0.0525353,0.362302,0.88859,0.672092,0.00491737,-0.936607,0.261512,-0.043332,0.740931,-0.357954,0.40716,-1.06981,-0.664751,0.213358,-1.20334,0.382394,-0.622304,0.730355,-0.326762,-0.624016,-0.761798,-0.632198,0.498526,-0.294142,0.0293678,0.159546,0.220721,-0.926448,-0.35489,-0.939109,0.877152,1.08404,0.116941,-0.259872,-1.29614,0.00562326,0.134751,-0.521833,-0.737334,-0.545702,0.426685,-0.619085,0.787352,-0.342772,-0.233446,0.193058,0.966305,0.341886,0.104563,-0.0472362,-0.284053,-0.00235807,-0.00218938,-0.00133481,-0.000560811,-0.00995167,0.00289376,-0.000849213,-0.0132253,-0.00253505,0.0021481,0.00788705,-0.0106205,-0.00463404,0.00852797,-0.00665549,-0.00816524,-0.599435,-0.229969,0.168298,0.165576,17.8553,0.475124,0.622632,0.347928,0.418856,0.477591,0.380641,0.521777,0.454102,0.438734,0.515001,0.744349,0.60426,0.499075,0.438811,0.541838,0.357314,0.471483,0.448908,0.710526,0.546176,0.231628,0.521109,0.497307,0.438117,0.50483,0.507375,0.499507,0.67493,0.565124,0.634038,0.50368,0.675265,0.460243,0.562388,0.313592,0.453137,0.646871,0.377247,0.375009,0.52058,0.520167,0.335255,0.575457,0.477152,0.507243,0.568434,0.498524,0.507422,0.490689,0.495146,0.49867,0.492784,0.501292,0.497271,0.496349,0.50089,0.515837,0.506274,0.499945,0.496354,0.502487,0.491299,0.498307,0.49696,0.513308,0.502746,0.482231,0.501252,0.49984,0.496312,0.500286,0.500437,0.499971,0.510828,0.503884,0.508146,0.500218,0.510851,0.497638,0.503719,0.488389,0.497213,0.508972,0.49257,0.492429,0.501221,0.501196,0.489854,0.504509,0.498644,0.50043,0.504083,0.512693,0.436507,0.579404,0.541652,0.511433,0.561747,0.48889,0.523455,0.531359,0.492349,0.36703,0.44625,0.500472,0.531319,0.478628,0.574287,0.514554,0.526122,0.387484,0.476403,0.648283,0.489231,0.501373,0.531677,0.497537,0.496239,0.500252,0.407924,0.46665,0.430391,0.498123,0.407736,0.520306,0.468062,0.598563,0.52395,0.423437,0.563557,0.564753,0.489501,0.489712,0.586391,0.461302,0.511657,0.496306,0.464939,0.504871,0.475529,0.530684,0.516011,0.504387,0.523793,0.495737,0.509004,0.512044,0.497064,0.44792,0.479311,0.500181,0.512029,0.491796,0.528681,0.505585,0.510029,0.456195,0.490941,0.558382,0.495868,0.500527,0.512167,0.499055,0.498557,0.500097,0.464329,0.487189,0.473146,0.49928,0.464255,0.507794,0.487733,0.53824,0.509194,0.470429,0.524496,0.524962,0.495972,0.496053,0.533429,0.485129,0.504473,0.498583,0.48653,8.38474,8.95026,7.02341,7.69383,7.63446,7.18225,8.20653,7.52644,8.217,7.80596,9.64895,8.98186,7.73297,8.21736,8.29875,7.78372,8.36802,7.50247,8.74949,8.31875,7.16197,8.59558,8.36727,8.1671,7.75934,7.99525,7.95919,9.68579,8.7985,9.07712,8.12356,9.41673,8.26899,8.66661,7.18178,8.16439,8.66556,7.80838,7.37946,8.47396,8.59125,7.60292,8.45445,8.00194,8.09064,8.81388,3,2,2,2,4,7,2,5,6,8,6,7,10,8,17,11,13,3,5,4,2,8,7,5,6,1,2,2,3,2,8,4,15,11,5,1,1,3,7,3,11,4,6,4,11,12,7,5,5,2,4,5,3,0,4,1,7,9,1,5,17,10,10,2,5,6,5,7,0,9,4,7,14,5,9,14,5,7,1,1,1,3,4,2,3,5,2,3,2,4,3,18,14,17,43,31,23,37,21,3,13,8,11,6,0,1,1,3,3,12,8,1,10,8,5,6,1,2,0,4,2,1,2,3,2,3,2,3,9,13,8,9,6,11,6,5,14,13,11,8,7,8,10,18,7,11,7,5,2,5,4,4,2,4,4,1,2,7,3,5,5,7,4,10,10,13,11,8,12,16,14,4,13,10,23,11,25,16,13,9,6,9,5,5,7,13,6,13,5,6
233.789,0.898846,0.0128217,8,255,0,-158.189,8.19193,0.438842,0.40008,-0.496302,0.511589,-0.560639,-0.166783,-0.168753,-0.393402,0.0521702,0.161589,-0.204692,0.0717069,0.703846,0.446223,-0.006448,-0.319105,0.173545,-0.171789,-0.0628777,-0.0205601,0.623974,0.136049,-1.09593,0.166294,-0.00451722,-0.258833,-0.107995,0.0496795,-0.125118,0.567087,0.318956,0.502178,0.0319086,0.324289,-0.0233224,0.0642844,-0.490146,0.0621742,0.35989,0.0335256,-0.732234,0.11787,0.0519355,-0.637955,0.227371,-0.161737,-0.0758556,0.285442,0.608698,-0.141135,0.114322,-0.0768393,-0.0137124,0.200933,0.105842,0.267008,-0.342174,-0.494534,0.437727,-0.0862742,0.449629,0.0256727,0.133988,1.25842,0.2523,-0.194175,-0.0716803,0.362223,1.14754,0.646501,0.00795976,-0.708401,0.207367,-0.0470996,1.08824,-0.253654,0.355677,-1.12283,-0.577571,0.141471,-1.29039,0.629544,-0.609168,0.684191,-0.324292,-0.396469,-0.388146,-0.52342,0.711518,-0.326209,-0.021069,0.216247,0.0100794,-0.685082,-0.480035,-0.818009,0.889473,1.08677,0.414229,-0.309275,-1.23252,-0.00828777,0.155252,-0.465837,-0.792542,-0.391823,0.661491,-0.805475,0.84486,-0.265469,-0.396608,0.326256,0.859964,0.394303,0.0369226,-0.0464769,-0.60875,-0.00803852,0.000580995,-0.00173117,0.000175602,-0.0123262,0.00870053,-0.000540103,0.00555474,0.00211599,0.00476093,-0.0212549,0.0133033,-0.00291075,0.0141552,0.0058713,0.013682,-0.82245,-0.261428,0.137325,0.115405,16.428,0.348746,0.655611,0.330589,0.447721,0.447108,0.378701,0.516407,0.550662,0.435956,0.522544,0.708009,0.636808,0.497971,0.400935,0.554382,0.446164,0.480229,0.493532,0.686805,0.542697,0.201147,0.552127,0.498579,0.419282,0.466076,0.515624,0.460718,0.671204,0.59902,0.652932,0.510037,0.60063,0.492663,0.520213,0.350507,0.51955,0.611327,0.510546,0.284661,0.537015,0.516333,0.309423,0.571048,0.449292,0.476154,0.588848,0.468737,0.532224,0.464696,0.489482,0.489357,0.475207,0.503291,0.510191,0.487092,0.504523,0.544279,0.528116,0.499593,0.479883,0.510945,0.489166,0.496034,0.498703,0.539276,0.50858,0.431311,0.510487,0.499715,0.48368,0.493189,0.503133,0.492109,0.535708,0.520107,0.531633,0.502013,0.520443,0.498529,0.504055,0.469123,0.503922,0.522685,0.502115,0.453945,0.507434,0.503276,0.459848,0.514337,0.4898,0.495216,0.517996,0.600652,0.396336,0.613275,0.534239,0.534642,0.58019,0.489275,0.466824,0.541988,0.48526,0.359191,0.409267,0.501326,0.565238,0.464377,0.535263,0.512926,0.504227,0.374447,0.472056,0.711226,0.465861,0.500929,0.553019,0.522191,0.489787,0.525703,0.385469,0.434792,0.398189,0.49344,0.433715,0.504795,0.486785,0.599437,0.487219,0.426538,0.493107,0.646165,0.475783,0.489323,0.628243,0.453386,0.533206,0.515592,0.441578,0.532391,0.466614,0.536576,0.510899,0.511027,0.525689,0.49659,0.489441,0.513375,0.495314,0.454128,0.470869,0.500421,0.520844,0.48866,0.511226,0.504109,0.501344,0.459309,0.491109,0.571141,0.489133,0.500295,0.51691,0.507058,0.496753,0.508177,0.463005,0.479166,0.467226,0.497915,0.478818,0.501524,0.495799,0.531991,0.495937,0.476496,0.497809,0.547711,0.492297,0.496606,0.541598,0.485144,0.510569,0.504958,0.481353,7.87807,9.03597,7.00333,7.64162,7.54807,7.23377,8.20372,8.01398,8.28406,7.88729,9.38872,9.19808,7.77696,8.12376,8.37481,8.16967,8.48384,7.75704,8.65503,8.32202,7.08326,8.80714,8.31405,8.22271,7.63366,8.02416,7.77749,9.7778,9.02124,9.11455,8.17512,9.19884,8.37901,8.41118,7.19079,8.4082,8.68103,8.36776,6.93919,8.48676,8.64592,7.43252,8.45047,7.90195,8.07162,8.97439,1,1,3,1,6,9,11,8,2,7,5,1,21,24,25,32,14,3,4,1,4,8,7,8,3,1,2,2,5,0,9,8,6,9,3,5,0,1,7,14,9,2,2,2,4,11,10,4,3,3,2,3,5,4,3,3,2,2,9,16,16,4,10,4,5,4,2,4,8,6,6,9,8,3,11,11,6,14,4,4,2,2,3,3,4,6,3,0,3,1,5,5,18,22,13,14,8,14,32,8,4,2,8,4,2,1,1,5,8,3,5,9,8,9,4,8,4,3,1,0,7,4,1,0,2,4,2,5,13,9,4,14,8,19,15,12,4,4,7,10,12,6,9,22,17,8,16,2,5,4,4,1,1,4,1,1,6,5,6,5,9,2,8,20,8,9,19,10,9,9,17,6,14,11,16,10,18,14,9,12,12,5,9,6,1,8,3,3,5,12
243.024,0.923019,0.0128217,8,511,0,-171.565,9.05913,0.319631,0.290666,0.236172,0.80448,-0.34369,-0.335423,-0.135764,0.155103,-0.0792803,-0.32074,0.48757,0.304059,0.862254,0.180488,-0.0218384,-0.0599153,-0.168118,0.359954,-0.110556,0.20142,0.870032,0.112807,-0.961583,-0.0154977,0.281342,-0.408528,0.207859,-0.157793,-0.192768,0.733153,0.372282,0.508414,0.0360004,0.176545,0.0842123,-0.248525,-0.320151,0.521363,0.334722,0.146174,0.28257,0.144233,0.179608,-0.333641,0.183225,0.209838,-0.173302,0.226271,0.0987998,-0.0979472,0.222774,0.0172967,0.0520716,-0.215724,-0.0175557,0.113053,-0.418607,-0.381961,-0.0722858,-0.211068,0.472364,0.112714,0.175495,1.10308,-0.467202,-0.244511,-0.146394,0.361102,0.816234,0.653533,0.0083095,-0.86971,0.619622,-0.0764553,0.311958,0.253911,-0.119234,-0.960293,-0.492624,0.794811,-0.613815,0.525821,-0.0912721,0.998916,0.2455,-0.41992,0.0431689,-0.882846,0.725071,-0.292792,0.518343,0.184665,-0.0531961,-0.620697,-0.573468,-0.0778341,0.970791,1.29518,0.370929,-0.218666,-0.154269,-0.107985,0.93761,-0.488071,-0.6525,-0.882839,0.362638,-0.590374,0.701548,0.146876,0.0336602,0.542195,0.693066,0.94419,0.606814,-0.0655313,-0.242766,-0.0157287,0.00394454,0.00115799,0.000456511,0.0130179,-0.00140494,0.00571299,0.0054612,0.00798141,0.0113655,-0.0218255,-0.00430596,-0.00860376,0.00204752,-0.00468376,-0.05565,-0.558757,0.387512,0.161719,0.170941,15.9391,0.564763,0.708354,0.40634,0.408541,0.46263,0.542669,0.478151,0.412461,0.631307,0.583073,0.721343,0.549609,0.493978,0.483483,0.453771,0.597981,0.46955,0.555318,0.723065,0.531069,0.257175,0.495726,0.576969,0.389209,0.557071,0.456595,0.44704,0.691838,0.601245,0.636643,0.509927,0.548533,0.523207,0.43189,0.412618,0.63994,0.591272,0.540223,0.5773,0.539691,0.549369,0.409016,0.550357,0.55761,0.452354,0.562077,0.472443,0.407127,0.540057,0.539098,0.515852,0.481892,0.509259,0.537393,0.443297,0.464545,0.400629,0.478931,0.502551,0.506998,0.519626,0.458056,0.51291,0.476491,0.399756,0.486827,0.610462,0.50181,0.467186,0.547572,0.475741,0.518422,0.5225,0.415195,0.456627,0.440895,0.495795,0.479391,0.490165,0.528995,0.537324,0.439404,0.460984,0.482933,0.467044,0.48316,0.479034,0.538891,0.478612,0.47551,0.520231,0.473596,0.467057,0.389478,0.547863,0.546718,0.518956,0.478347,0.511073,0.544684,0.43231,0.457628,0.381829,0.474809,0.503051,0.508369,0.523467,0.449887,0.515439,0.471893,0.380804,0.484247,0.631182,0.502165,0.46078,0.556821,0.470997,0.522028,0.526902,0.398995,0.448183,0.429454,0.494971,0.475358,0.488239,0.534661,0.544603,0.427682,0.453379,0.479592,0.46061,0.479863,0.474932,0.546472,0.474428,0.470721,0.52419,0.468434,0.522864,0.577311,0.466753,0.467551,0.48685,0.515022,0.49232,0.468967,0.547095,0.529423,0.582765,0.517478,0.497884,0.494196,0.483719,0.534815,0.489291,0.519503,0.583498,0.510927,0.407907,0.498499,0.527229,0.460505,0.520126,0.484718,0.481334,0.570552,0.536004,0.549095,0.503488,0.517097,0.508158,0.475942,0.469024,0.550337,0.532382,0.514157,0.527348,0.513969,0.517393,0.467722,0.517743,0.520317,0.483217,0.521907,8.74489,9.03965,6.99148,7.4208,7.2728,7.66783,8.06348,7.02242,9.08331,7.86946,9.50566,8.66946,7.42752,8.34301,7.9429,8.84045,8.27423,7.73062,8.62012,8.32442,7.14336,8.40335,8.34352,8.08605,7.73934,7.99036,7.94294,9.69526,8.92864,9.03958,8.2201,9.37569,8.46723,7.62474,7.44139,8.66598,8.64074,8.16046,8.58787,8.15783,8.66827,7.50977,8.41995,8.45601,8.07329,8.73149,0,2,2,2,2,7,9,3,10,2,7,10,5,8,10,7,6,11,5,12,8,6,7,6,3,1,0,0,0,2,6,13,23,14,26,3,2,3,8,10,6,10,3,6,12,9,11,2,7,8,4,0,5,5,2,4,7,3,1,10,16,12,15,3,2,6,9,3,9,8,10,5,7,12,5,7,6,7,2,5,0,1,3,5,2,3,2,4,3,3,8,20,11,12,20,18,14,32,25,3,6,4,4,2,2,6,2,2,2,3,6,9,2,9,14,11,0,4,4,7,4,7,2,0,3,2,3,3,8,5,9,12,9,13,14,3,13,10,8,3,6,15,10,8,5,5,7,4,5,7,2,7,9,3,3,4,1,2,7,6,10,3,14,9,6,9,17,9,11,7,7,7,11,3,7,6,12,10,6,16,10,15,8,16,8,13,4,6,4,5
234.171,0.956799,0.0128217,8,255,0,-173.221,8.88768,0.576517,0.174476,0.0319457,0.588435,-0.211387,-0.141346,-0.104316,0.099176,-0.0406095,0.161599,-0.422585,0.316582,0.949233,0.770496,0.18485,-0.0716963,-0.227736,-0.299809,0.181068,-0.439393,0.955188,0.0948315,-0.909262,0.305138,0.128763,-0.181947,0.242691,-0.370633,-0.396278,0.683998,0.444999,0.607476,0.0206867,0.0498276,0.156449,0.415429,0.230699,-0.74193,-0.0379785,-0.0691045,-0.616912,0.362458,0.186441,-0.472033,0.127973,-0.321582,0.116949,-0.214114,-0.261254,0.235406,-0.08397,0.0472766,0.0479444,0.340445,0.0428843,0.0419295,0.144659,-0.0841858,-0.135351,-0.330551,0.335369,-0.189506,-0.00272032,1.33966,-0.323219,-0.295463,-0.129408,0.361545,1.37472,0.622544,0.0146319,-0.348539,0.675071,0.117584,0.748656,0.257388,0.319216,-0.487314,-1.23092,0.712528,-0.722547,1.13963,-0.157753,0.668358,-0.331535,-0.650929,-0.62469,-0.988184,0.656679,-0.721124,0.0883978,-0.205715,0.359647,-0.955771,-0.379708,-0.345722,1.13331,1.34672,0.243595,0.293224,-0.738712,0.34014,0.887477,-0.349466,-1.00431,-0.346736,0.284017,0.102158,1.0089,-0.34741,-0.146294,0.591379,0.891365,0.439796,0.0537219,-0.0200354,0.748543,0.0205541,-0.00546253,-0.00607283,0.0201411,0.00683268,0.0163645,0.00771299,0.00200798,-0.00695098,-0.0109065,0.0231361,-0.00269504,-0.000228334,-0.00391913,-0.00370375,-0.11972,-0.0804562,-0.745716,0.153038,0.204006,21.3253,0.510697,0.687466,0.429673,0.452802,0.46512,0.533167,0.486403,0.553911,0.362133,0.604467,0.781024,0.737342,0.561594,0.476006,0.424314,0.400918,0.560347,0.356948,0.782386,0.531718,0.228272,0.600795,0.543018,0.439363,0.580572,0.378359,0.370313,0.714292,0.644774,0.69292,0.506928,0.516682,0.552206,0.635649,0.576655,0.270136,0.487283,0.476872,0.304396,0.619062,0.562119,0.346975,0.542755,0.393933,0.539088,0.428778,0.497419,0.452594,0.517074,0.511419,0.508428,0.491987,0.503281,0.486945,0.534094,0.474441,0.423894,0.43806,0.485068,0.505793,0.518394,0.524207,0.485373,0.535445,0.423424,0.492338,0.572948,0.475363,0.489597,0.514698,0.480399,0.529913,0.531977,0.444954,0.464104,0.45107,0.498328,0.495974,0.487361,0.466482,0.481367,0.559666,0.503069,0.505584,0.549685,0.470745,0.484939,0.538069,0.489661,0.525962,0.490551,0.517295,0.499357,0.488166,0.504252,0.502843,0.502098,0.498005,0.500817,0.49675,0.508499,0.493633,0.480916,0.484507,0.496282,0.501442,0.504581,0.50603,0.496358,0.508837,0.480797,0.498093,0.518281,0.493863,0.49741,0.50366,0.495119,0.507454,0.50797,0.486246,0.49105,0.487784,0.499584,0.498998,0.496853,0.491645,0.49536,0.514919,0.500764,0.50139,0.512406,0.49271,0.49625,0.509493,0.497426,0.506468,0.497648,0.504307,0.494045,0.392026,0.539327,0.526327,0.519438,0.481519,0.50757,0.46991,0.578137,0.441252,0.330072,0.360183,0.465593,0.513363,0.542355,0.555661,0.466295,0.58119,0.329091,0.482328,0.663304,0.443358,0.476013,0.533868,0.454878,0.56866,0.573345,0.375178,0.417792,0.388647,0.496143,0.490712,0.470866,0.423166,0.457097,0.634894,0.50708,0.51288,0.613024,0.432836,0.465298,0.587103,0.47616,0.559666,0.478211,0.539832,8.38385,9.00671,6.98987,7.92437,7.14722,7.44718,8.15132,7.53903,7.71844,7.76578,9.5957,9.44521,7.57318,8.23103,7.87614,7.80502,8.60338,6.6585,8.65922,8.35101,7.03988,8.78487,8.34157,8.19049,7.65795,7.95072,7.91363,9.6094,8.98729,9.12713,8.24172,9.2078,8.47586,8.7598,8.47205,7.08266,8.74718,8.04992,7.59897,8.68323,8.61127,7.46248,8.3998,7.73914,8.1046,8.02163,4,5,1,13,6,14,9,4,5,8,8,4,19,10,17,13,13,7,5,3,10,1,10,8,13,2,2,3,1,2,16,11,9,10,21,5,3,3,11,9,8,3,6,6,15,10,14,8,2,2,4,1,2,3,2,3,0,3,0,10,11,12,12,1,3,6,5,4,5,6,6,9,1,3,8,4,7,7,2,2,0,4,2,7,0,6,2,2,2,4,5,28,18,16,31,15,30,28,18,2,2,6,8,5,3,2,2,3,1,6,6,5,18,12,9,10,1,2,2,5,1,3,2,0,3,1,3,1,9,3,6,9,14,17,7,8,13,15,9,6,4,18,9,10,10,5,8,5,9,3,5,3,3,2,7,0,5,7,1,4,9,5,11,5,6,13,11,4,10,5,5,12,13,13,4,5,11,5,11,3,4,5,5,6,6,9,3,3,1,5
221.922,0.716151,0.0128217,8,255,0,-164.989,8.87052,0.37461,0.45905,-0.0240957,0.335541,-0.632707,0.284749,0.106408,0.0845582,0.0896691,-0.703015,0.00238757,-0.0808012,0.64427,0.508393,-0.243212,-0.115363,0.22972,-0.0885295,0.152418,0.424292,0.378783,0.11286,-0.956171,0.00218753,-0.0556481,-0.520789,-0.221266,0.24012,-0.0875264,0.537911,0.219999,0.424271,0.0820478,0.422055,-0.0572526,0.0854252,-0.114708,0.770276,0.199942,0.123565,0.392242,0.109224,0.086094,-0.5467,0.204135,0.207454,0.0141847,0.0848115,0.431121,-0.200248,-0.135365,0.00471316,0.0570574,-0.619925,-0.306622,-0.209046,-0.328742,-0.538117,0.7372,0.533387,0.294561,0.434898,-0.0675168,1.1699,-0.845298,-0.494503,0.00583734,0.358019,1.662,0.727538,0.0196804,-1.15051,0.74866,-0.348477,0.0586844,0.0837597,-0.0057764,-1.15739,-0.409876,0.751171,-1.11436,0.171493,-0.633207,0.758551,0.364817,-0.348879,0.0650988,-0.965677,0.675097,-0.355273,0.600762,0.56961,-0.0334929,-0.438356,-0.261561,-0.643845,0.722046,1.13066,0.405267,-0.0202183,-1.09701,0.0799935,0.859124,-0.267993,-0.276651,-1.07485,0.593677,-0.394419,1.24719,0.472198,0.481273,0.259944,1.53738,0.679534,0.59419,-0.332431,-0.895398,-0.00831955,0.00485678,0.0179557,-0.0423919,-0.0286451,-0.014343,-0.0380088,0.00631876,-0.0126637,0.0129382,-0.0308285,-0.0307328,0.00116475,0.00232895,0.00986743,-0.0785543,-1.57985,-0.396035,0.329511,0.152641,19.6506,0.492953,0.596897,0.322959,0.58252,0.531082,0.524711,0.526202,0.305242,0.500698,0.476385,0.679992,0.644459,0.429342,0.46631,0.566786,0.47413,0.544461,0.621608,0.609007,0.532961,0.246266,0.50064,0.48373,0.352225,0.435644,0.569771,0.474423,0.652332,0.563992,0.621603,0.523979,0.620993,0.483261,0.524964,0.466501,0.711185,0.558213,0.536077,0.61275,0.531902,0.525159,0.34534,0.559422,0.560379,0.504149,0.524785,0.505092,0.429563,0.630608,0.440114,0.477529,0.482138,0.48106,0.644341,0.499495,0.517069,0.367118,0.394188,0.551216,0.52436,0.451606,0.5187,0.467835,0.411286,0.420631,0.476168,0.691736,0.499538,0.511758,0.608312,0.546623,0.44943,0.518488,0.388245,0.453642,0.41129,0.482668,0.411744,0.512097,0.481955,0.524222,0.342739,0.457848,0.473911,0.417861,0.476935,0.481814,0.613518,0.456968,0.456272,0.497002,0.482085,0.509516,0.370492,0.730977,0.389394,0.458071,0.466652,0.464643,0.752252,0.499057,0.53187,0.265446,0.309345,0.594895,0.545438,0.410252,0.534909,0.44009,0.338426,0.354705,0.455542,0.819151,0.499136,0.521965,0.694824,0.586512,0.406283,0.534515,0.299471,0.413973,0.338433,0.467639,0.339217,0.522597,0.466311,0.545182,0.228479,0.42168,0.451351,0.349853,0.456967,0.466048,0.703434,0.420066,0.418789,0.494398,0.466553,0.502386,0.466827,0.562318,0.471837,0.489466,0.491629,0.491123,0.569158,0.499764,0.507999,0.436556,0.449834,0.524061,0.51142,0.477271,0.508764,0.484914,0.45809,0.462567,0.488828,0.593554,0.499783,0.505509,0.551381,0.521893,0.476244,0.508665,0.446943,0.478232,0.458092,0.491877,0.45831,0.505668,0.491543,0.511355,0.424322,0.480214,0.487768,0.461243,0.489188,0.491477,0.553918,0.4798,0.479472,0.498596,0.491604,8.49034,8.96261,7.07051,7.68164,8.18251,8.14931,8.26457,6.96787,8.53061,7.89789,9.42564,9.29382,7.65158,8.35161,8.47699,8.32387,8.7586,8.66229,8.59414,8.2998,7.11189,8.53031,8.36955,8.12407,7.68478,8.13434,7.63677,9.87313,8.86103,9.09999,8.25298,9.41958,8.37141,8.58405,7.07536,9.60444,8.68554,8.64199,8.36343,8.62021,8.65788,7.63057,8.43826,8.44329,8.07406,8.65593,5,1,2,4,1,10,8,10,11,4,1,3,7,9,2,6,4,9,5,5,7,6,2,7,8,3,1,3,4,5,22,20,11,18,10,4,1,3,7,13,5,8,7,2,12,6,13,5,9,11,4,6,2,6,6,0,0,5,1,18,8,16,18,3,1,4,12,11,11,9,11,7,7,15,8,1,7,11,1,1,1,2,3,6,0,6,3,1,3,4,2,15,11,21,20,16,21,38,18,19,4,13,5,8,2,1,3,5,2,10,10,2,11,8,22,14,7,2,5,5,7,5,3,3,1,2,1,2,21,9,20,19,28,12,17,21,15,12,13,23,11,9,10,17,25,21,8,6,7,9,6,6,9,6,7,10,17,13,6,3,7,7,3,12,16,16,9,16,30,28,21,6,20,15,20,24,15,33,24,11,10,5,15,10,5,7,5,4,12,6
224.104,0.99048,0.0128217,8,511,0,-149.457,8.98302,0.380542,0.653805,0.088001,0.366346,-0.64223,0.223863,0.0901231,0.161554,0.0575738,-0.687119,0.0443214,-0.112625,0.687546,0.486882,-0.273011,-0.0636479,0.281247,-0.0417279,0.0526776,0.46974,0.398529,0.112721,-0.953491,0.0337877,-0.0668947,-0.53023,-0.244864,0.182105,-0.083986,0.420143,0.320455,0.454392,0.064364,0.416038,-0.029503,-0.0593132,-0.241461,0.669267,0.228364,0.00764664,0.418875,0.117335,0.143413,-0.627279,0.1575,0.0999743,0.0373211,0.155339,0.356725,-0.221571,-0.105018,0.038291,-0.0337271,-0.648953,-0.190706,-0.25544,-0.361756,-0.489865,0.668346,0.576651,0.294492,0.422728,-0.0256884,1.20857,-0.878057,-0.518325,-0.0157882,0.359199,1.72808,0.732775,0.0203537,-1.16098,0.636683,-0.284474,0.0945978,0.16715,-0.0687307,-1.28059,-0.330265,0.678851,-1.1549,0.16111,-0.700127,0.776021,0.404921,-0.291571,0.104996,-0.917113,0.681111,-0.364108,0.601343,0.620885,0.052984,-0.45261,-0.158697,-0.646957,0.648715,1.07733,0.47308,0.00104372,-1.06649,0.0513171,0.899862,-0.234479,-0.334846,-1.03101,0.573346,-0.401758,1.216,0.647146,0.489329,0.246417,1.5349,0.739341,0.716319,-0.398124,-0.89539,0.0181055,0.0159095,0.00290771,0.0111133,0.00675034,0.0201094,-0.00698983,-0.00869646,0.0209196,-0.0176275,-0.00382437,-0.0113243,-0.00120019,0.0185479,-0.0292115,-0.0960855,-1.64886,-0.314232,0.363703,0.145967,19.3405,0.526564,0.608915,0.315144,0.567229,0.527203,0.548658,0.517388,0.303554,0.513388,0.466024,0.696555,0.643005,0.418252,0.480779,0.584168,0.487395,0.515911,0.638235,0.618137,0.534005,0.240058,0.510207,0.479799,0.345061,0.426552,0.554801,0.474646,0.624284,0.595631,0.633942,0.519437,0.62312,0.491087,0.482087,0.427558,0.691866,0.568564,0.50231,0.623924,0.535393,0.543223,0.319057,0.547444,0.53017,0.511274,0.546797,0.480692,0.420268,0.637358,0.451017,0.480227,0.464596,0.487364,0.646418,0.490272,0.524703,0.353497,0.394721,0.559645,0.513968,0.438574,0.509159,0.488439,0.398323,0.413399,0.475276,0.697879,0.492584,0.51468,0.614335,0.553545,0.46011,0.518428,0.408805,0.430116,0.401557,0.485875,0.409676,0.506476,0.513017,0.552807,0.357173,0.450038,0.498321,0.409074,0.474266,0.46856,0.634318,0.465482,0.478068,0.491808,0.465954,0.463788,0.353417,0.742489,0.408754,0.462918,0.433796,0.476285,0.756385,0.481738,0.546293,0.243485,0.309427,0.610677,0.526213,0.3861,0.517194,0.478299,0.315499,0.341388,0.453668,0.828093,0.486076,0.527547,0.705634,0.599587,0.425493,0.534565,0.33342,0.370894,0.320989,0.473493,0.334926,0.512159,0.52443,0.59824,0.24908,0.406962,0.496848,0.333885,0.451783,0.441157,0.737748,0.435439,0.458882,0.484621,0.436315,0.493087,0.471252,0.550282,0.482421,0.492921,0.487311,0.495477,0.55377,0.496518,0.508847,0.446197,0.461826,0.521434,0.505,0.47792,0.503278,0.495862,0.463165,0.468733,0.491146,0.574349,0.497346,0.505255,0.541558,0.519227,0.485698,0.506597,0.467042,0.474847,0.464364,0.494944,0.467363,0.502318,0.504659,0.51896,0.447617,0.482068,0.499399,0.467141,0.490783,0.488736,0.549119,0.48763,0.492147,0.497068,0.487799,8.58982,9.05507,6.98014,7.52459,8.10675,8.21783,8.20963,6.91329,8.52181,7.79101,9.50579,9.20492,7.54221,8.35362,8.55685,8.38705,8.53482,8.69247,8.58373,8.29547,7.01137,8.5054,8.38288,8.09594,7.58574,8.11859,7.70443,9.68967,8.95016,9.15476,8.2202,9.41469,8.40609,8.39469,6.80109,9.51364,8.71407,8.49899,8.48372,8.66979,8.67602,7.52318,8.36509,8.27564,8.07509,8.69456,3,3,2,3,2,7,10,6,8,4,5,0,8,3,5,7,2,8,5,6,5,6,6,4,3,4,4,4,3,1,10,25,26,21,18,0,3,1,8,3,3,4,8,5,7,13,8,15,7,11,5,4,12,5,3,3,3,0,2,10,13,19,5,2,11,1,7,12,13,10,10,4,10,6,8,3,8,9,2,1,3,6,1,7,3,0,0,1,3,2,2,13,24,16,13,25,29,18,17,8,6,13,8,7,2,3,3,7,1,5,6,7,13,13,11,6,4,2,2,1,4,2,0,2,2,1,6,0,16,11,18,13,18,5,18,12,12,18,12,14,6,12,11,7,13,7,19,7,8,2,3,4,6,7,15,3,13,11,17,3,5,4,4,23,18,11,17,19,24,17,14,14,20,29,17,13,14,25,28,4,16,9,23,16,16,5,3,4,4,2
219.979,0.881875,0.0128217,9,511,0,-151.722,9.89187,0.426365,0.369564,-0.197056,0.455572,-0.765492,0.120873,0.207667,0.208481,-0.297826,-0.364569,0.00718936,-0.138272,0.28923,0.384882,0.191841,-0.126276,-0.0971119,-0.0440937,-0.00723604,0.578908,0.379702,-0.184583,-0.920766,0.101367,-0.0177097,-0.284994,-0.233713,-0.102366,-0.315745,-0.066515,0.434281,0.0922645,-0.244878,-0.642309,-0.464629,0.121331,0.0214789,-0.18651,-0.142847,-0.117507,-0.0156178,0.124234,0.209606,-0.611517,-0.0880714,0.622954,-0.697906,-0.321629,0.239924,-0.713558,-0.238313,-0.177218,0.506684,-0.509013,0.107939,0.164738,-0.292234,-1.01102,0.442756,-0.325148,-0.12287,0.0807572,0.353673,1.0223,-0.824453,-0.13719,-0.186708,0.35815,-1.3441,0.771722,0.0305651,-0.369386,0.60262,0.644133,0.783638,0.547716,0.50693,-0.478668,-1.53912,0.807658,-0.426782,0.874817,-0.322489,0.831049,-0.228172,-0.783347,-0.589469,-1.33592,1.09115,-0.737836,0.0540434,0.386557,0.378671,-1.15978,-0.328611,0.0799165,0.948241,0.774973,-0.338681,0.131082,-0.182368,0.37247,0.332793,-0.113103,-0.478325,-0.633999,0.973945,-0.142166,1.05314,-0.629521,0.360268,0.575325,1.22819,0.372994,0.0641849,-0.13212,1.32678,0.00178983,-0.0124766,0.0114144,0.0258352,0.0125967,-0.0155771,0.0150232,0.0135906,-0.00545785,0.0803548,0.00338601,-0.0298471,-0.0123794,0.00327128,0.0222747,0.247679,0.192106,-0.416674,0.143951,0.0952555,18.7431,0.449807,0.614373,0.313767,0.530853,0.552876,0.553082,0.424466,0.407889,0.501837,0.46472,0.573386,0.597117,0.548873,0.467772,0.475201,0.488733,0.498151,0.643782,0.595842,0.452965,0.280638,0.525884,0.495474,0.427673,0.440551,0.473862,0.419997,0.483007,0.609204,0.523563,0.43774,0.341496,0.383436,0.53097,0.505489,0.452476,0.463557,0.470004,0.496009,0.531709,0.553366,0.34861,0.477506,0.65404,0.328832,0.418532,0.540527,0.407189,0.652742,0.475107,0.457301,0.457135,0.561079,0.574582,0.498518,0.528469,0.440667,0.42133,0.460541,0.526004,0.520005,0.509087,0.501491,0.382894,0.422371,0.537972,0.681164,0.479119,0.50365,0.558472,0.548023,0.521087,0.564714,0.513706,0.411433,0.480992,0.550302,0.629379,0.594612,0.475013,0.495573,0.538367,0.529409,0.524201,0.503219,0.474416,0.456905,0.623438,0.518145,0.374351,0.640006,0.565906,0.490537,0.521866,0.463302,0.505805,0.509972,0.510011,0.4857,0.482498,0.500345,0.49336,0.513887,0.518476,0.509212,0.493936,0.495336,0.497882,0.499652,0.527774,0.518228,0.491136,0.455894,0.504868,0.499149,0.486316,0.488777,0.495084,0.48484,0.496806,0.520845,0.504431,0.488242,0.469191,0.4777,0.505827,0.501032,0.491043,0.49314,0.494357,0.49925,0.505966,0.510065,0.470665,0.49577,0.529883,0.466532,0.484558,0.520516,0.452686,0.579071,0.487411,0.478381,0.478296,0.530984,0.537904,0.499251,0.5144,0.469908,0.459993,0.480027,0.513151,0.510115,0.504593,0.500754,0.439987,0.460529,0.519218,0.594755,0.489442,0.501845,0.529653,0.524326,0.510662,0.532843,0.506928,0.454885,0.49039,0.525486,0.566512,0.548249,0.487364,0.497763,0.519419,0.514876,0.512238,0.501627,0.487062,0.47818,0.563358,0.509173,0.43547,0.572192,0.533454,8.06562,9.07885,6.96336,8.22749,8.3421,8.34326,8.16,7.52495,8.35769,7.84736,9.41964,8.89642,8.31951,8.16673,8.44645,8.94336,8.33704,8.86762,8.58685,8.32143,7.05302,8.49244,8.40449,8.12909,7.71109,8.08714,7.78272,9.83415,8.96634,9.13849,8.23541,9.32348,8.34467,8.60343,8.08529,8.16311,8.63271,8.26171,8.21126,8.60758,8.64709,7.56178,8.45938,9.46943,8.08328,7.88815,2,1,0,4,3,6,10,13,8,2,5,3,3,8,13,12,11,14,3,5,6,2,9,8,3,0,3,3,1,0,12,9,4,15,16,1,2,3,4,13,20,3,4,5,21,12,5,4,1,2,0,3,6,4,3,2,1,0,0,14,32,14,7,1,3,2,4,1,1,0,2,2,10,8,5,6,9,9,2,0,0,2,6,0,2,8,1,8,2,4,11,13,15,11,8,12,1,9,7,3,5,4,10,8,4,5,6,13,6,2,8,5,5,10,7,8,4,5,7,2,5,5,0,3,0,1,2,7,10,8,7,19,15,13,21,12,14,4,10,13,7,5,18,13,11,11,18,7,6,9,6,3,7,3,2,3,13,7,4,11,6,4,9,14,12,6,17,5,14,12,12,22,12,9,20,11,14,11,12,2,13,10,7,8,8,10,3,4,5,6
238.01,0.981661,0.0128217,8,255,0,-163.664,9.3632,0.354514,0.251767,0.031742,0.315124,-0.241419,0.210735,-0.105858,-0.112954,-0.0601741,0.143957,0.108504,0.207841,0.361607,0.687441,-0.128167,0.0184826,0.0938227,0.036875,-0.202583,-0.286888,0.764372,0.004035,-0.513461,0.225716,-0.106489,-0.660964,0.11736,-0.428825,-0.554158,0.143818,0.461032,0.106025,-0.090236,-0.475739,-0.226549,0.017574,0.073908,0.224093,0.0116465,-0.0444229,-0.101836,0.0359418,0.29782,-0.480235,0.070211,-0.421431,0.153881,0.368822,0.350532,-0.122016,0.0516867,-0.112812,0.113462,-0.0231291,-0.104653,0.419781,-0.579395,-0.263074,0.106649,-0.0741592,-0.149953,-0.461903,0.0801959,1.81021,0.628398,-0.587208,-0.196215,0.358232,1.9453,0.622065,0.0324284,-0.545129,1.03786,0.0022157,0.550842,0.58295,0.399712,-1.01971,0.139021,0.848088,-0.861134,0.542449,-0.30397,1.3021,0.533508,-0.239404,-0.0222929,-0.799488,1.0201,0.25149,0.627133,0.537212,0.058213,-0.0818832,-0.437543,-0.19862,0.553743,1.17385,-0.0139356,0.205924,-0.633471,0.0615047,0.222448,0.0117838,-0.641574,-0.522431,0.670741,-0.738502,1.08738,0.26119,0.585736,0.467327,1.22705,0.772719,0.484529,-0.527313,-1.11295,0.0124146,0.00385335,-0.0442264,0.00978945,-0.0139483,0.0167629,-0.0391617,-0.00144144,0.0254098,-0.0228501,0.00288862,-0.0251126,-0.0169947,0.00933606,0.0363098,-0.0632155,-0.704203,-0.689758,0.11408,0.0788436,19.6789,0.514361,0.638865,0.392451,0.594228,0.45224,0.44906,0.472795,0.564782,0.548946,0.592965,0.658043,0.776331,0.442257,0.508364,0.542358,0.516682,0.409335,0.37301,0.79958,0.501826,0.283032,0.60075,0.451957,0.232102,0.552912,0.315126,0.268324,0.56472,0.697319,0.547835,0.459254,0.297092,0.398888,0.507952,0.533397,0.600045,0.50527,0.479907,0.454044,0.51626,0.631607,0.295395,0.531731,0.318022,0.569192,0.660975,0.504986,0.549345,0.462146,0.533058,0.483376,0.482262,0.490548,0.5226,0.517039,0.532605,0.556565,0.606348,0.479876,0.502904,0.514735,0.505793,0.468217,0.455052,0.617826,0.500634,0.420028,0.5354,0.483277,0.39763,0.518429,0.433037,0.413811,0.522578,0.571925,0.51665,0.485828,0.425813,0.464469,0.502761,0.511609,0.535147,0.50183,0.493022,0.484007,0.505646,0.546651,0.425123,0.511028,0.434178,0.524156,0.557684,0.494412,0.444749,0.5424,0.462968,0.518628,0.519875,0.510592,0.474678,0.480907,0.463475,0.436681,0.381285,0.522549,0.496746,0.483488,0.493508,0.535605,0.550336,0.368589,0.49929,0.589423,0.460346,0.518739,0.614307,0.479351,0.574927,0.59634,0.474702,0.41954,0.481343,0.515881,0.58298,0.5398,0.496906,0.486991,0.46063,0.49795,0.50782,0.517921,0.493673,0.44776,0.583749,0.487642,0.573653,0.472936,0.435431,0.494527,0.445873,0.541534,0.463725,0.518246,0.519468,0.510375,0.475197,0.481298,0.464221,0.437966,0.38363,0.522087,0.496813,0.483827,0.493642,0.534877,0.54931,0.371163,0.499304,0.587627,0.461156,0.518355,0.612042,0.479774,0.573412,0.594412,0.47522,0.421163,0.481725,0.515555,0.581308,0.538987,0.49697,0.487258,0.461434,0.497992,0.50766,0.517553,0.493803,0.448824,0.582063,0.487895,0.572164,0.47349,0.436741,8.14231,9.0335,6.92776,8.13777,7.18489,7.17134,8.22186,7.66307,8.28925,7.78426,9.45247,9.33592,7.14231,8.11689,8.51698,8.83994,7.69476,6.84264,8.76836,8.34496,7.12497,8.51178,8.23203,8.12251,7.61237,8.06515,7.84302,9.79203,8.94486,8.97231,8.16432,9.2486,8.33732,8.4697,7.87735,8.86328,8.80995,8.35082,8.67564,8.50492,8.64681,7.53833,8.4718,7.54501,8.07924,8.77791,3,2,4,0,5,11,13,16,14,2,1,3,10,3,8,10,12,6,3,6,5,6,7,5,4,0,2,1,8,4,15,11,19,13,10,1,1,0,4,12,5,2,4,4,22,10,19,4,14,9,5,8,0,4,8,4,3,1,3,6,9,9,18,4,9,7,8,4,8,9,7,12,7,9,3,4,4,7,3,7,1,2,2,1,4,2,3,3,8,6,5,5,5,5,9,4,10,18,10,5,5,7,7,7,1,5,1,5,4,8,2,11,1,3,7,2,1,1,4,4,3,2,6,2,2,2,3,2,6,6,11,14,9,14,10,12,12,7,12,8,16,8,8,14,15,10,11,2,2,2,0,3,1,5,3,5,6,12,9,10,4,1,5,8,17,19,17,9,16,12,11,12,16,20,17,14,20,18,11,8,11,10,13,11,7,11,1,6,1,6
237.474,0.922593,0.0128217,8,511,0,-168.395,7.47583,0.329193,0.304101,-0.0762419,0.297146,-0.848704,-0.284928,0.105601,0.177731,0.00380482,-0.0414019,0.0842544,-0.274991,0.536581,0.416151,0.484132,-0.0483589,-0.192352,-0.277918,-0.0402507,0.139982,0.248937,0.00744214,-0.782947,0.321086,-0.142856,-0.247804,-0.489319,-0.323622,-0.251382,0.532617,0.436776,0.244152,-0.0654973,0.186655,-0.199397,-0.0634313,-0.0192475,0.212614,0.21854,0.00149899,0.0161659,-0.0466266,0.239834,-0.658043,0.0606972,0.45341,0.0318551,-0.340012,-0.0612702,-0.0883506,0.0873219,-0.0187499,0.633217,-0.153797,0.149131,0.107538,0.0491531,-0.0661274,0.430432,0.00768136,-0.117351,-0.285503,0.306055,1.22186,0.679306,-0.036879,0.000919213,0.366642,0.0895498,0.685409,0.0348257,-0.690673,0.47078,0.338918,0.501017,0.383874,0.362907,-1.24801,-0.759255,0.841768,-0.774092,0.620622,-0.822344,0.573944,-0.185778,-0.47814,-0.184564,-0.963363,0.78699,-0.758239,-0.0180527,0.336259,0.260534,-0.693793,-0.321947,-0.627412,1.06415,0.973442,-0.409409,-0.109578,-0.72589,0.262593,0.594123,-0.339933,-0.585028,-1.11376,0.780787,-0.0934849,1.15322,-0.445677,0.283956,0.329472,1.41099,0.530415,0.20635,-0.207573,0.211598,-0.016235,0.0157016,0.0170176,0.0352838,-0.0338707,-0.0190772,0.016258,-0.0358906,-0.0265458,0.0520373,0.0348523,-0.0447769,0.00425288,0.00039617,0.0214762,0.0920176,-0.26043,-0.643551,0.209658,0.113571,19.1417,0.476728,0.589784,0.26173,0.413833,0.532213,0.554078,0.501162,0.487356,0.525714,0.416781,0.658277,0.62445,0.643719,0.485232,0.441512,0.415912,0.487707,0.542656,0.575461,0.502273,0.277549,0.596842,0.456473,0.424877,0.354829,0.402413,0.42381,0.657187,0.630341,0.574032,0.480004,0.556771,0.439391,0.480634,0.494121,0.564583,0.566363,0.500458,0.504938,0.485761,0.572741,0.309163,0.518532,0.635064,0.509729,0.397607,0.487055,0.550293,0.359731,0.451762,0.517926,0.530147,0.500646,0.492969,0.514305,0.453435,0.59013,0.570207,0.581485,0.491788,0.46738,0.452942,0.493165,0.523755,0.542176,0.501264,0.370083,0.554314,0.475758,0.458015,0.417657,0.445261,0.457412,0.589478,0.573637,0.541369,0.488879,0.531657,0.466189,0.489229,0.496731,0.536045,0.537046,0.500255,0.502745,0.492082,0.54064,0.390071,0.510307,0.576398,0.50541,0.442512,0.504964,0.480663,0.555033,0.518542,0.493125,0.48843,0.499752,0.502696,0.494515,0.517896,0.465121,0.472932,0.468521,0.503148,0.512521,0.518087,0.502621,0.490887,0.483798,0.499515,0.5508,0.479107,0.5093,0.516128,0.531815,0.521058,0.516361,0.465378,0.471593,0.484109,0.504264,0.48785,0.512979,0.50413,0.501253,0.486161,0.485775,0.499902,0.498947,0.503036,0.48439,0.542739,0.496048,0.470514,0.497926,0.522123,0.512264,0.452338,0.63325,0.545713,0.483017,0.471436,0.499388,0.506661,0.486448,0.544128,0.414518,0.433444,0.422733,0.50778,0.530908,0.544595,0.506475,0.477494,0.460034,0.498803,0.623367,0.448524,0.522968,0.539784,0.578081,0.551879,0.540356,0.415138,0.430187,0.4608,0.510536,0.470006,0.532037,0.510204,0.503097,0.465846,0.464897,0.499759,0.497399,0.507501,0.46149,0.604317,0.490236,0.427565,0.494875,0.554487,8.13924,9.00037,7.08678,7.79905,8.47904,8.58619,8.34802,8.26027,8.3781,7.9136,9.48895,8.86861,9.03699,8.18073,8.05638,8.28512,8.19279,8.53014,8.69169,8.35344,7.1097,8.72902,8.34685,8.14964,7.59927,7.82759,7.93423,9.59034,8.89876,9.06046,8.24487,9.31461,8.40133,8.46494,8.19338,8.87536,8.77831,8.56158,8.33169,8.48995,8.60903,7.59346,8.4327,9.0127,8.08435,7.74853,3,4,1,4,2,8,12,5,12,7,4,7,4,14,9,16,6,6,7,2,9,7,5,15,11,4,1,0,4,1,12,15,15,15,6,1,2,1,6,11,7,3,6,3,14,5,8,3,5,2,1,0,3,3,7,3,4,0,2,12,11,6,6,0,3,6,4,2,9,10,2,4,3,3,5,2,9,12,0,1,3,3,3,0,7,3,5,4,1,2,4,23,28,14,33,13,10,17,8,4,3,7,8,7,2,1,4,6,6,3,8,7,12,9,9,9,4,4,1,4,0,3,1,2,3,0,3,2,9,14,15,16,20,15,7,19,15,9,16,3,19,6,17,16,21,11,12,5,3,4,4,2,8,0,1,2,5,10,9,2,5,6,3,20,35,18,4,15,19,23,12,22,22,12,20,20,19,12,8,8,8,10,3,6,3,2,4,3,6,3
235.631,0.983867,0.0128217,8,511,0,-179.31,8.95965,0.380264,0.274228,-0.254254,0.527667,-0.564241,-0.227766,-0.244879,-0.211831,0.0660271,0.18847,-0.456346,0.0053234,0.789507,0.573906,0.225963,-0.0406075,-0.323697,0.00547053,-0.545292,-0.106161,0.650518,0.122603,-0.982682,0.0544203,0.0230475,-0.473616,-0.102705,-0.381043,-0.495248,0.329691,0.457297,0.51949,0.1003,0.132265,-0.0547194,0.0310548,0.066953,-0.0994209,0.331299,0.091076,-0.0747712,-0.0273255,0.285637,-0.622428,0.175324,-0.600718,-0.18497,-0.518709,-0.403484,-0.00292389,0.370468,-0.0708888,0.0121177,0.0179843,0.283608,0.168505,-0.290777,-0.204987,0.461106,-0.1388,0.23176,-0.0450431,0.188777,1.12035,-0.412005,-0.163586,-0.13946,0.368869,-0.226899,0.599854,0.0287754,-0.856973,0.434975,-0.0657094,0.543083,0.424844,0.150048,-0.767165,-1.00665,0.788717,-0.795591,0.477281,-0.213322,0.692435,-0.0209173,-0.21264,-0.212117,-0.577241,0.716549,-0.63643,0.181442,0.311126,0.0654522,-1.23513,-0.172201,-0.547634,0.507564,1.07254,-0.440178,-0.0533519,-1.07218,-0.130967,0.207288,-0.508448,-0.649372,-0.97049,0.161165,-0.512616,0.817642,-0.574954,-0.107906,0.212588,1.05303,0.465202,0.140979,-0.0422282,0.370448,-0.0115767,-0.0288031,-0.0505515,-0.0282969,0.0274165,-0.00125019,0.0328049,0.0521439,0.00117966,0.00594357,-0.0196328,0.043422,-0.0711936,-0.00625041,-0.0343002,0.145599,0.226817,-0.799204,0.12599,0.125354,23.3118,0.429264,0.643634,0.347024,0.43655,0.43184,0.440946,0.518485,0.552593,0.374897,0.501491,0.707758,0.655425,0.562953,0.488628,0.410318,0.501532,0.35185,0.470301,0.674543,0.534286,0.249563,0.515238,0.506455,0.370374,0.471265,0.394867,0.36474,0.591306,0.625353,0.641529,0.528063,0.536978,0.484679,0.508697,0.518744,0.472182,0.591742,0.525487,0.47907,0.492347,0.579327,0.332403,0.548949,0.337823,0.448377,0.358672,0.526165,0.445863,0.557857,0.523443,0.525201,0.521805,0.4932,0.480597,0.546866,0.499452,0.419389,0.441161,0.476742,0.504183,0.533292,0.499437,0.555931,0.510933,0.433394,0.487374,0.599857,0.494395,0.497626,0.548629,0.510577,0.539167,0.550835,0.466094,0.453037,0.446695,0.48967,0.48638,0.505636,0.496801,0.493104,0.510239,0.465929,0.49062,0.507701,0.502815,0.470613,0.563762,0.481949,0.561561,0.519043,0.553225,0.485587,0.529885,0.468049,0.487088,0.486118,0.487991,0.503744,0.510685,0.474146,0.500302,0.544649,0.532497,0.51281,0.497697,0.481653,0.50031,0.469119,0.49398,0.53682,0.506952,0.444507,0.503086,0.501307,0.47317,0.494176,0.478407,0.471947,0.518686,0.525907,0.529423,0.505687,0.507499,0.496897,0.501761,0.503796,0.494363,0.518777,0.505164,0.49576,0.498451,0.516191,0.464764,0.50994,0.465989,0.489513,0.470621,0.550626,0.396107,0.610864,0.545383,0.548771,0.542223,0.486811,0.462414,0.590181,0.498936,0.347289,0.387302,0.454975,0.508113,0.564317,0.498907,0.607258,0.521198,0.372876,0.475523,0.686835,0.489128,0.495395,0.593515,0.520509,0.57555,0.597679,0.434506,0.409635,0.397671,0.479971,0.473598,0.510931,0.493796,0.486626,0.519854,0.43419,0.481811,0.514935,0.505459,0.443176,0.621859,0.465027,0.617771,0.53689,0.60218,7.96166,9.02202,7.00959,7.89049,7.43743,7.48208,8.29898,8.02444,7.69013,7.77628,9.49144,9.07822,8.07513,8.25087,7.77156,8.44338,7.57163,7.62512,8.64256,8.37566,7.00154,8.37974,8.34239,8.13374,7.6298,7.94486,7.79209,9.75565,8.92303,9.13598,8.34544,9.27,8.36176,8.35325,8.2898,8.17633,8.78489,8.43463,8.35843,8.27407,8.69256,7.47467,8.44704,7.40167,8.09399,7.60697,4,3,0,4,0,10,9,15,8,2,2,5,2,7,12,8,18,10,11,3,9,4,12,9,6,0,3,3,5,0,17,11,10,9,9,2,4,5,7,13,7,6,4,4,10,12,9,5,9,10,3,2,2,6,3,1,3,1,7,8,8,14,11,5,2,4,9,12,6,4,4,9,3,5,3,3,6,6,0,3,3,6,6,5,4,1,6,3,3,2,3,13,18,10,11,10,18,18,21,5,1,4,13,7,2,3,0,7,2,5,6,3,7,10,8,6,3,2,3,4,2,2,1,0,2,3,1,1,6,3,3,14,10,7,5,7,14,18,15,14,8,11,15,10,10,14,16,3,6,6,8,2,6,6,4,4,9,5,2,8,14,15,8,11,10,8,5,17,13,18,22,6,8,12,15,17,10,9,11,7,11,10,15,7,6,4,4,6,8,12
225.48,0.98832,0.0128217,8,255,0,-166.557,9.78982,0.382304,0.197102,-0.0590533,0.837947,-0.425695,0.0855285,-0.0497425,-0.0800945,0.0986466,-0.149507,0.517463,0.088187,0.893887,0.618813,0.65014,0.0914195,0.160664,-0.150506,-0.152021,0.311346,0.658104,0.0308828,-0.543652,0.491734,0.292477,0.158958,-0.0401247,-0.537322,-0.593796,0.226523,0.540871,0.599551,0.0970569,-0.0151352,0.194032,-0.209299,-0.41459,0.716682,-0.168732,-0.0825527,0.344986,0.364087,0.406149,-0.118531,0.147323,0.664098,-0.27773,0.273501,0.421392,-0.0591455,-0.304783,-0.211699,-0.321962,0.000345765,0.161214,-0.0635061,0.106628,-0.139171,-0.00331373,-0.201051,0.122953,-0.288976,-0.0284375,1.39254,-0.825554,-0.128994,-0.28369,0.344868,0.119579,0.548273,0.0322061,-0.287192,0.681158,0.206975,-0.0586208,0.383701,0.446471,-0.592575,-0.676148,0.666511,-1.04233,0.394318,-1.22678,0.547702,-0.0654859,-0.312037,-0.174736,-0.640778,0.74249,-0.406236,0.274517,0.457758,-0.404571,-0.517065,-0.537395,-0.234783,1.14949,1.09788,0.17347,-0.205695,-0.434693,0.112865,0.664511,0.138004,-0.543592,-0.525197,0.75217,-0.385319,1.34353,0.0116386,0.728341,0.445438,1.37713,0.434019,0.288922,-0.623677,0.0854352,0.0637169,-0.0210464,0.0100705,-0.0157649,0.0241437,-0.000502527,-0.0479017,-0.0362681,0.00572416,0.0154401,-0.0110642,0.0407687,0.023712,0.0253702,-0.0234098,0.0616536,0.75397,-0.74809,0.231122,0.0705515,25.8298,0.479453,0.762579,0.355994,0.52974,0.48269,0.472145,0.534288,0.448139,0.672736,0.530662,0.776393,0.70302,0.712046,0.531783,0.5557,0.447795,0.447273,0.606723,0.714315,0.51075,0.319286,0.6648,0.600437,0.555114,0.486035,0.321205,0.304305,0.578213,0.679872,0.697389,0.533737,0.494731,0.567141,0.427647,0.359547,0.730666,0.441527,0.471292,0.617844,0.624104,0.637742,0.458829,0.551109,0.716015,0.4045,0.594081,0.512186,0.333639,0.586965,0.482355,0.510265,0.516525,0.479652,0.530817,0.394797,0.481807,0.323452,0.374991,0.36895,0.481141,0.466889,0.531023,0.531334,0.436093,0.36742,0.493627,0.610357,0.399883,0.439928,0.46724,0.508281,0.609114,0.620156,0.453384,0.390189,0.378725,0.479979,0.503124,0.460039,0.54309,0.584741,0.356254,0.534768,0.517031,0.429276,0.425417,0.416952,0.524444,0.469632,0.366271,0.55707,0.443791,0.488871,0.652894,0.420441,0.516116,0.490625,0.484907,0.518586,0.471849,0.596319,0.516616,0.66239,0.614571,0.62015,0.517225,0.530247,0.471661,0.471377,0.558418,0.621564,0.505821,0.398937,0.591641,0.554907,0.529927,0.492437,0.400082,0.389907,0.542594,0.60056,0.611125,0.518286,0.497147,0.536508,0.46063,0.422483,0.631895,0.468238,0.484444,0.564663,0.5682,0.575963,0.477673,0.527741,0.622626,0.447841,0.551371,0.511043,0.348223,0.578949,0.48401,0.509302,0.514975,0.481559,0.527932,0.404413,0.483513,0.338786,0.386291,0.380751,0.482909,0.469988,0.528118,0.528401,0.442033,0.379347,0.494224,0.600297,0.409058,0.445517,0.470306,0.507504,0.59916,0.609262,0.457736,0.400203,0.389713,0.481856,0.502831,0.463775,0.539064,0.576922,0.369085,0.531515,0.515434,0.435836,0.432325,0.42462,0.522154,0.472475,0.378292,0.551756,0.449027,7.92328,9.09133,6.9663,8.55613,7.582,7.5318,8.30965,7.41715,8.86586,7.81023,9.5238,9.02573,8.71793,8.17225,8.41202,7.85046,7.76969,8.17704,8.73032,8.19757,7.13459,8.82488,8.23233,8.18745,7.59791,8.0432,7.95408,9.79302,8.90301,9.07382,8.30702,9.37717,8.4198,7.40477,7.73448,8.90696,8.64771,7.6138,9.48706,8.34887,8.68752,7.55435,8.39002,9.22177,8.03757,8.47192,5,3,5,4,1,8,12,11,9,7,4,4,3,4,5,4,3,1,5,6,15,6,5,5,5,2,7,2,4,2,26,3,22,16,16,2,3,1,11,7,13,1,1,1,17,10,9,4,8,7,0,2,2,4,3,4,3,1,4,10,7,10,9,4,5,4,6,3,5,7,8,20,6,3,15,13,5,7,4,1,5,2,6,2,6,4,3,5,6,2,3,21,21,12,17,14,12,17,16,4,5,3,8,6,4,3,1,6,5,8,4,1,10,7,4,7,6,5,3,1,1,2,1,2,4,4,2,2,7,10,16,10,17,7,13,14,21,23,16,16,15,11,10,18,17,5,12,1,0,1,9,1,4,3,6,6,23,21,12,10,9,5,11,24,23,13,11,14,23,23,17,12,17,24,30,17,27,25,13,6,8,10,10,5,17,6,4,3,3,3
228.063,0.653386,0.0128217,8,255,0,-150.76,9.6091,0.414273,0.210556,-0.423556,0.461779,-0.424383,-0.141482,0.345316,0.323539,-0.0368831,-0.618919,0.516512,0.131465,0.690171,0.99692,-0.107521,0.277803,-0.242336,0.099284,-0.449306,-0.114335,0.779069,0.163161,-0.355057,0.536623,0.0487025,-0.223462,-0.0386944,-0.213981,-0.500064,0.581497,0.784233,0.460591,0.0465798,0.0340696,0.123169,0.118779,-0.144975,0.382936,-0.15702,0.126428,-0.953288,0.106008,0.61526,-0.508959,0.260438,-0.133362,0.0711821,0.094008,-0.368703,0.30151,-0.230703,-0.0573172,-0.0989162,-0.0466292,0.149902,-0.0586561,0.0541507,-0.219344,-0.0459867,0.239261,-0.256618,0.0118315,0.00320036,1.17463,-0.927814,-0.442264,-0.151863,0.365289,1.28073,0.630153,0.0222997,-0.380224,0.830463,0.344957,0.460544,0.273479,-0.0778548,-0.587276,-0.022094,0.428239,-0.436354,0.379788,-0.422146,1.20937,-0.136361,-0.479011,-0.0404116,-0.654126,0.85736,-0.596193,0.187111,0.571698,0.326837,-0.543871,0.221393,-0.525362,0.757999,1.36255,-0.573911,-0.165074,-0.612106,0.187358,0.292006,-0.416162,-0.137643,-0.808847,0.465923,-0.0579801,1.30166,0.253658,0.490959,0.313301,1.78801,0.385344,0.178047,-0.357308,0.201946,-0.0211327,-0.0363752,-0.0162734,-0.0292562,0.0273054,-0.0304828,-0.000948046,0.0247173,0.00404849,-0.01663,-0.0144318,-0.0061583,-0.0646896,0.00222672,-0.0150666,0.0630909,-0.406849,-1.49868,0.246476,0.0242567,17.3551,0.378124,0.632375,0.377895,0.458548,0.600037,0.593882,0.489171,0.325854,0.64719,0.538529,0.692257,0.763327,0.468468,0.580862,0.429313,0.529122,0.371038,0.466475,0.714046,0.547767,0.397221,0.652565,0.514298,0.434753,0.488639,0.437492,0.357234,0.664417,0.715283,0.63205,0.513675,0.510003,0.536106,0.534824,0.45753,0.610593,0.45402,0.537058,0.246056,0.53109,0.673202,0.354839,0.575888,0.460917,0.520891,0.527578,0.597,0.394498,0.597185,0.53277,0.420581,0.425513,0.508554,0.639741,0.382435,0.469544,0.345167,0.283949,0.524919,0.435917,0.555975,0.476987,0.602735,0.526496,0.32677,0.462226,0.58162,0.378038,0.488705,0.551648,0.508974,0.549471,0.613955,0.368299,0.325717,0.394761,0.489197,0.492098,0.471462,0.472477,0.533577,0.412099,0.536357,0.470708,0.707748,0.475431,0.361041,0.615909,0.439883,0.530894,0.483495,0.478208,0.542975,0.453169,0.543058,0.514386,0.464935,0.46714,0.503751,0.562621,0.447657,0.486632,0.430259,0.399968,0.510934,0.471774,0.524629,0.489903,0.545573,0.511627,0.421416,0.483411,0.536051,0.445635,0.495047,0.522713,0.503936,0.521751,0.550688,0.441129,0.420904,0.453289,0.495262,0.496535,0.487475,0.487921,0.514741,0.461129,0.515965,0.487144,0.595764,0.489219,0.437745,0.551583,0.473535,0.513561,0.49276,0.490439,0.653571,0.333575,0.653852,0.552811,0.373433,0.3811,0.513815,0.71658,0.315596,0.450903,0.262243,0.183313,0.540198,0.397393,0.589811,0.46287,0.662256,0.542733,0.237294,0.439171,0.629976,0.309122,0.481761,0.582951,0.514494,0.579492,0.679056,0.294947,0.235896,0.333971,0.482555,0.487238,0.453983,0.455614,0.554105,0.360338,0.558561,0.452772,0.806694,0.460365,0.284535,0.681954,0.403642,0.549801,0.473355,0.464836,7.02027,9.02519,6.93757,7.74424,8.13206,8.09848,7.9904,6.64242,8.47547,7.80053,9.34333,9.18367,7.42787,8.10923,7.67064,8.43852,6.98088,7.41725,8.78677,8.30226,7.12547,8.50597,8.38601,8.14716,7.53519,8.07694,7.63675,9.69375,8.8758,8.99702,8.12061,9.26286,8.47573,8.49526,7.7388,8.90443,8.6097,8.50717,6.96591,8.47536,8.62462,7.52302,8.4533,7.84001,8.08307,7.82361,1,0,1,4,8,18,13,3,13,2,1,6,1,4,8,3,5,4,8,1,7,3,12,1,2,2,2,6,3,0,21,13,13,9,14,2,2,1,11,8,8,5,6,4,12,10,15,5,7,3,3,3,2,7,6,3,4,1,3,11,9,12,11,2,4,6,5,2,10,7,4,10,4,6,12,3,14,10,2,2,2,5,10,12,6,5,7,4,1,2,0,8,9,11,10,9,14,12,13,3,2,5,6,5,2,1,4,3,14,7,7,7,7,2,6,4,2,2,2,2,1,3,1,1,1,3,1,0,9,12,5,11,18,12,12,19,14,34,33,10,13,16,19,18,12,15,18,5,8,5,7,7,3,3,2,2,8,13,11,11,6,6,11,14,20,26,10,26,18,23,24,22,28,20,39,30,26,22,28,8,13,7,5,5,2,10,5,5,3,5
214.637,0.898756,0.0128217,9,511,0,-148.85,8.8137,0.559039,0.233026,-0.250195,0.927602,-1.21968,0.244909,0.413431,-0.466492,-0.40757,0.196645,-0.548453,-0.414041,0.675639,0.657206,1.02657,-0.280063,-0.204017,0.389929,0.120474,0.975655,0.458619,-0.413776,-1.3931,-0.181612,0.03544,-0.321257,-0.510079,-0.289947,-0.618836,0.884582,0.346219,0.305453,-0.530709,0.324564,-0.214554,0.0815579,-0.365278,-0.286307,0.178115,0.145616,0.52795,0.330318,-0.00489117,-0.540373,-0.238872,-0.482692,-0.670981,0.00871724,-0.127179,0.300511,0.0585653,0.219603,0.283259,0.218089,-0.188235,0.26334,-0.0179804,-0.345841,0.144338,-0.0992209,0.234786,0.202932,0.304174,-0.145842,0.139401,-0.0129832,-0.0587988,0.353848,0.184128,0.729843,0.0202732,-1.23667,0.391933,0.695819,0.559553,0.475784,0.608909,-0.876643,-0.599902,0.877464,-0.618398,0.239871,-0.840133,1.04809,0.246519,-0.690135,-0.827731,-1.59593,0.974968,0.000276225,0.383208,0.384943,0.0387362,-0.987514,-0.614968,-0.520177,0.925666,1.16415,-0.302693,-0.0619443,-0.824774,0.069368,0.0956112,-1.06009,-1.17992,-0.758631,0.622523,-0.656816,0.883156,-1.1671,-0.249408,0.287061,0.782337,0.424833,0.310109,0.035954,-0.43502,-0.0118661,0.0320629,-0.0042446,0.00650988,-0.019236,-0.0166404,-0.0018444,-0.0285475,0.00927951,-0.0115511,-0.00452564,-0.00129255,-0.0660202,0.020795,0.00969698,0.0951027,-0.143021,0.391009,-0.0449861,0.100879,21.7952,0.509121,0.466231,0.544353,0.491071,0.484931,0.517002,0.514856,0.492831,0.519986,0.515092,0.475386,0.476056,0.462641,0.51021,0.507438,0.485787,0.495608,0.464487,0.483285,0.515082,0.550619,0.506621,0.498708,0.511711,0.518589,0.51057,0.522548,0.467792,0.487379,0.488865,0.51934,0.488168,0.507822,0.497026,0.513315,0.510437,0.493506,0.494691,0.48076,0.487959,0.500178,0.519692,0.508709,0.517592,0.524445,0.499682,0.491282,0.532282,0.457596,0.508534,0.514404,0.483748,0.4858,0.506853,0.480896,0.485575,0.523529,0.522888,0.535715,0.490241,0.49289,0.513586,0.504198,0.53395,0.515978,0.485584,0.451602,0.493671,0.501235,0.488806,0.482231,0.489897,0.478447,0.530789,0.512064,0.510644,0.481513,0.511309,0.492523,0.502842,0.487273,0.490023,0.506207,0.505075,0.518391,0.51151,0.49983,0.481177,0.491676,0.483184,0.476633,0.500304,0.508945,0.466882,0.5435,0.491244,0.485222,0.516673,0.514569,0.492969,0.5196,0.5148,0.475861,0.476519,0.463361,0.510012,0.507294,0.486062,0.495693,0.465172,0.483608,0.51479,0.549647,0.506493,0.498733,0.511485,0.51823,0.510366,0.522112,0.468414,0.487623,0.48908,0.518967,0.488397,0.507671,0.497084,0.513058,0.510236,0.493632,0.494794,0.481132,0.488192,0.500175,0.519312,0.50854,0.517252,0.523973,0.499688,0.475562,0.589694,0.382983,0.523922,0.540326,0.454525,0.460243,0.519213,0.446592,0.459615,0.565664,0.563892,0.599023,0.472651,0.480068,0.538043,0.511774,0.594232,0.544711,0.459641,0.367091,0.482255,0.503464,0.468638,0.450303,0.471687,0.439801,0.585618,0.533792,0.529823,0.448307,0.531684,0.479039,0.507972,0.464354,0.472042,0.517404,0.51423,0.551426,0.532244,0.499522,0.447373,0.476667,0.452955,0.434784,0.500852,8.36505,9.05334,7.06558,9.07155,8.71527,7.8264,8.289,8.49628,8.06376,7.87938,9.40903,9.28168,9.33463,8.33487,8.49463,9.12042,8.73949,9.2832,8.76092,8.28273,7.21056,8.43433,8.15211,8.16308,7.78237,7.98208,7.64985,9.73342,8.96753,9.03509,8.16461,9.35797,8.50979,8.1987,8.45516,7.82709,8.72227,8.26341,8.8083,8.44999,8.61285,7.57044,8.45942,8.21312,8.10834,8.62659,0,2,0,3,2,13,11,9,14,4,12,8,12,15,15,17,11,15,10,6,8,7,13,8,10,1,1,3,1,7,6,8,11,9,16,1,6,2,3,7,5,0,3,3,23,14,22,5,4,6,5,3,1,6,2,0,1,2,2,11,7,16,21,9,6,8,12,5,9,8,6,6,6,9,5,2,5,4,1,4,2,4,0,2,2,1,2,2,3,3,2,9,19,11,11,14,9,21,26,2,2,4,3,7,3,3,2,3,3,0,5,8,4,8,1,4,2,0,1,2,1,3,4,1,1,2,2,1,13,5,3,12,11,8,15,12,11,15,8,11,13,9,5,7,12,10,8,2,1,1,3,1,2,1,0,2,3,5,3,19,9,4,5,10,4,13,2,1,7,3,5,13,10,7,7,8,10,4,5,11,7,7,5,7,7,7,5,4,6,2
207.204,0.956906,0.0128217,8,255,0,-132.693,8.93062,0.577813,0.292829,-0.225797,0.918989,-1.19434,0.35084,0.383965,-0.369678,-0.369279,-0.103811,-0.421473,-0.467543,0.665526,0.67101,1.209,-0.263872,-0.199113,0.335376,0.236553,0.902883,0.44959,-0.395134,-1.41633,-0.183831,0.0228762,-0.295423,-0.580379,-0.207502,-0.510266,0.922258,0.316135,0.290106,-0.441904,0.207651,-0.207623,0.137133,-0.169542,-0.495944,0.176073,-0.0999176,0.610942,0.381975,0.0109699,-0.586516,-0.167207,-0.261887,-0.70389,0.0959467,-0.0956897,0.292695,0.0678292,0.181949,0.343778,0.190489,-0.087465,0.339268,-0.0753436,-0.220508,0.0941703,-0.0252639,0.366974,0.300993,0.358603,-0.225977,0.225167,-0.0548489,-0.084868,0.352049,-0.0732076,0.791507,0.0373634,-1.16325,0.350688,0.746357,0.558829,0.544466,0.669774,-0.847353,-0.687201,0.816589,-0.678521,0.222437,-0.814693,1.06324,0.299975,-0.73388,-0.88076,-1.6038,1.02822,0.00203262,0.395498,0.278327,0.101152,-1.17792,-0.591679,-0.511665,0.744803,0.990513,-0.170164,-0.0304914,-0.660577,0.0219214,0.211283,-1.05994,-1.18259,-0.855444,0.451733,-0.665279,0.903665,-1.04488,0.0667236,0.302956,0.705512,0.441837,0.316796,0.0661347,-0.505764,0.0311575,0.0369462,0.0109865,-0.0263327,0.028699,0.0388958,0.0292999,0.0375662,0.0174674,0.0244713,0.0218964,-0.0372824,0.00413941,0.00434753,-0.0206546,0.105493,0.0413341,0.406024,-0.0122592,0.0955681,22.5462,0.512753,0.448268,0.567066,0.48019,0.478322,0.520872,0.52085,0.505864,0.523793,0.526389,0.462472,0.462164,0.43212,0.514903,0.511247,0.481062,0.486639,0.449169,0.474623,0.522308,0.579338,0.510384,0.498708,0.516683,0.532741,0.51172,0.528795,0.448086,0.482148,0.483617,0.524944,0.488271,0.511727,0.492253,0.509577,0.527989,0.490054,0.505645,0.46554,0.478434,0.49938,0.533086,0.509445,0.514791,0.539682,0.49458,0.487292,0.551548,0.433171,0.519739,0.521601,0.479202,0.479225,0.494157,0.476292,0.473705,0.537394,0.537701,0.56764,0.485151,0.488793,0.51887,0.513313,0.550651,0.525287,0.477772,0.420941,0.489653,0.501288,0.483376,0.467376,0.488321,0.471308,0.55173,0.517788,0.516325,0.475145,0.511687,0.488315,0.507719,0.490457,0.472111,0.50991,0.494376,0.534337,0.521489,0.500618,0.467032,0.490589,0.485262,0.460459,0.505401,0.497667,0.509495,0.487661,0.503625,0.503968,0.49618,0.496184,0.498927,0.495645,0.495169,0.506877,0.506933,0.512491,0.497273,0.497942,0.503466,0.502444,0.509329,0.504646,0.495917,0.485369,0.4981,0.500236,0.496947,0.494003,0.497856,0.494727,0.509529,0.503267,0.502998,0.495434,0.502146,0.497855,0.501417,0.498248,0.494875,0.501819,0.498968,0.506313,0.503947,0.500113,0.49394,0.498272,0.497294,0.492727,0.500991,0.477096,0.592215,0.381089,0.535552,0.538896,0.462546,0.462586,0.489464,0.457322,0.452684,0.567147,0.567693,0.620315,0.473241,0.4798,0.53399,0.523993,0.590635,0.54551,0.459977,0.360069,0.481349,0.502322,0.470049,0.441359,0.47895,0.448389,0.592536,0.532046,0.529414,0.455264,0.521065,0.478938,0.513916,0.482797,0.449828,0.517865,0.489859,0.561698,0.538695,0.501114,0.440745,0.483034,0.473442,0.429033,0.509738,8.38726,9.03132,6.96786,9.05131,8.58612,7.81332,8.1895,8.08595,8.18661,7.71297,9.37132,9.30685,9.43197,8.34822,8.36399,9.0328,8.86137,9.11817,8.65342,8.16299,7.16674,8.43029,8.11249,8.14266,7.59727,8.16902,7.85857,9.75172,8.94298,8.98638,8.11503,9.37215,8.47599,8.22965,8.51769,7.58048,8.64908,7.98657,9.00826,8.48072,8.63005,7.48762,8.39671,8.29962,8.0767,8.71719,2,1,1,1,0,5,8,6,9,8,11,14,22,17,11,10,18,15,7,7,13,11,9,7,7,1,0,1,7,3,7,11,9,13,10,1,5,1,7,4,11,5,1,2,25,23,20,6,2,5,4,1,4,3,2,1,1,1,2,14,11,17,12,8,3,10,6,6,5,10,10,9,3,11,6,9,4,2,0,0,0,3,7,6,2,6,1,3,3,0,7,16,12,9,11,9,13,8,17,7,5,2,6,4,1,0,2,3,3,4,2,5,8,5,10,7,0,3,3,3,0,2,4,2,0,2,1,2,11,8,4,6,19,6,17,8,9,9,12,5,10,17,13,21,13,11,4,2,5,5,2,6,3,5,3,2,6,5,7,3,10,4,4,10,2,7,6,7,6,8,3,10,5,6,9,8,9,8,6,8,10,1,5,10,4,6,3,1,6,8
196.092,0.827437,0.0128217,8,511,0,-139.55,9.55211,0.498385,0.284345,0.544731,0.983612,-1.0151,-0.0025001,-1.00456,0.472506,-0.397787,-0.31451,0.46596,-0.163106,0.399777,0.535512,0.208407,-0.378798,-0.0127413,0.381115,-0.34101,0.538648,0.682093,-0.425403,-1.25191,0.409606,0.14583,-0.621525,-0.312561,-0.58613,-0.641154,0.622274,0.551901,0.0219769,-0.430072,-0.0670963,-0.563716,-0.2345,-0.412912,-0.340719,0.0862847,-0.00712654,-0.226463,0.0868105,0.171405,-0.445612,-0.164515,0.635206,-0.987274,0.199449,0.0837688,-0.480938,0.131037,0.117939,0.0853681,-0.259285,-0.314203,0.395575,-0.238304,-0.455816,0.0743135,-0.162241,0.0922894,0.46586,0.502578,0.273052,-0.339556,-0.171679,-0.121624,0.359732,0.145129,0.74319,0.0341115,-1.02593,0.238537,0.273945,0.79443,1.07617,0.566732,-0.770729,-1.03829,0.477463,-0.869745,0.596831,-0.830869,1.0458,-0.54918,-0.565513,-0.860099,-0.811025,0.867616,-0.191849,0.346697,0.501511,-0.398891,-0.343516,-1.40218,0.194959,0.592852,0.842293,-1.06464,-0.150697,-1.58759,0.467858,0.236453,-0.22404,-1.21201,-0.00914901,0.66042,-0.898709,1.13485,-0.147687,0.0867938,0.361393,0.939064,0.561954,0.218076,-0.202999,-0.909588,0.0147903,-0.0596547,0.00982703,-0.0368835,0.0361413,0.0524701,-0.0341099,0.0393958,-0.0225749,0.0399978,0.00522106,0.0305591,0.0276556,-0.0511614,0.0114881,0.120009,-0.296824,0.491011,-0.055909,0.079749,21.8509,0.537117,0.566744,0.431146,0.499829,0.431852,0.53221,0.472872,0.478544,0.531765,0.488868,0.527263,0.536491,0.514223,0.474165,0.49913,0.525993,0.476738,0.536704,0.546428,0.470993,0.415363,0.527932,0.509954,0.457674,0.478677,0.460074,0.456344,0.542376,0.537603,0.5015,0.470676,0.49542,0.461595,0.483998,0.471843,0.476758,0.50589,0.499514,0.484546,0.505926,0.511698,0.469619,0.488772,0.543253,0.433011,0.513612,0.45389,0.41727,0.585328,0.500212,0.584459,0.459975,0.533717,0.526673,0.460527,0.513842,0.466115,0.454666,0.482316,0.532112,0.501082,0.467693,0.528916,0.454402,0.442355,0.536049,0.604702,0.465285,0.487623,0.552566,0.526508,0.549592,0.554213,0.447371,0.453286,0.498134,0.536444,0.505695,0.547708,0.519896,0.534994,0.528891,0.492676,0.500605,0.519215,0.492631,0.485454,0.537756,0.513962,0.446286,0.583033,0.483075,0.459666,0.427524,0.574762,0.500186,0.573997,0.464995,0.529484,0.523322,0.465478,0.512101,0.470369,0.460345,0.48454,0.528079,0.500945,0.471749,0.525283,0.460114,0.449557,0.531526,0.591845,0.469642,0.48918,0.545991,0.523177,0.543385,0.547434,0.453954,0.459137,0.498369,0.531871,0.504979,0.541734,0.517394,0.530602,0.525262,0.493598,0.500529,0.516799,0.493558,0.487283,0.533019,0.512206,0.453003,0.572742,0.485204,0.566471,0.618448,0.37791,0.499693,0.379128,0.557743,0.451325,0.46147,0.55695,0.479989,0.548917,0.565359,0.52556,0.453635,0.498436,0.546647,0.458238,0.565738,0.582955,0.44797,0.350987,0.550111,0.517893,0.424293,0.461707,0.428543,0.42194,0.575797,0.567336,0.502698,0.447403,0.491764,0.431241,0.471246,0.449487,0.458273,0.51059,0.499125,0.47223,0.510655,0.521028,0.445517,0.479816,0.577347,0.381128,0.524463,9.05125,9.09394,6.97474,7.97132,6.98577,8.53251,8.26372,7.7082,8.96876,7.86677,9.47803,9.0416,8.25592,8.08397,8.66701,9.45849,8.12355,8.60177,8.75197,8.23479,7.17015,8.90975,8.21676,8.20236,7.71024,7.83964,7.78203,9.79708,9.05876,9.08232,8.22991,9.31036,8.4689,7.81839,7.54145,7.70713,8.75212,8.05655,8.21631,8.15494,8.66026,7.59728,8.50804,9.34561,8.06087,8.68964,4,0,1,3,0,2,9,4,7,10,10,7,19,14,9,12,11,11,3,10,16,20,13,11,12,1,1,0,3,1,13,8,8,6,5,0,1,3,8,6,14,4,3,3,21,8,18,2,3,2,3,3,1,4,4,3,0,1,1,15,12,19,8,7,2,8,7,6,8,6,9,13,9,1,10,6,1,9,3,5,1,1,0,1,0,1,2,4,8,9,7,6,5,10,5,11,13,6,18,7,2,3,5,4,1,0,1,3,9,3,2,8,10,6,6,5,2,4,2,1,0,4,5,2,0,7,2,2,9,9,15,13,15,16,14,14,6,8,9,9,19,22,13,16,13,15,4,2,1,1,1,2,1,8,3,3,2,6,12,15,8,6,8,7,7,6,7,12,12,12,11,11,9,8,12,14,15,6,10,7,5,2,8,7,2,7,1,4,1,6
189.21,0.996963,0.0128217,8,511,0,-122.778,10.0966,0.584636,0.502574,-0.0282031,0.799542,-1.18854,0.128116,-0.0295682,0.649486,-0.714397,-0.316023,-0.394753,-0.373572,0.52861,0.570501,0.728939,-0.0467504,0.327931,-0.717886,-0.671493,0.00130304,0.616257,-0.604628,-1.33734,-0.0874635,0.107796,-0.40573,-0.45641,-0.349002,-0.709962,0.100079,0.511489,0.0723955,-0.662725,-0.370151,-0.435665,-0.714344,-0.850414,-0.418028,-0.399203,0.106596,0.565957,0.40797,0.130052,-0.557443,-0.362644,0.0398759,-1.12981,0.049758,0.287319,-0.460729,-0.331778,0.0457627,-0.0224935,-0.0138255,-0.197816,-0.0897001,-0.155027,-0.836598,0.018939,-0.239599,-0.0382464,0.211039,0.250321,0.0673477,-0.155561,-0.14705,-0.183954,0.350785,-0.920832,0.842992,0.0363743,-1.06282,0.126371,0.644124,0.571454,0.669957,0.111353,-0.956224,-0.0385014,0.812959,-1.10544,0.200132,-0.994598,0.911273,0.249677,-0.739669,-0.10006,-1.4329,1.07278,-0.603369,0.61332,0.300548,-0.0766993,-1.07441,-1.3777,0.018609,0.806461,1.31831,0.530916,0.221294,-1.61873,0.062319,0.128199,-0.673606,-0.0797084,-0.594253,0.80965,-1.02317,0.713936,-0.995732,-0.184088,-0.0789765,0.935493,0.644203,-0.205313,-0.0864787,-0.606137,0.00539655,0.0208001,0.00478943,-0.0708592,0.0295156,0.0424585,-0.0550915,-0.0301523,-0.0255558,-0.00952029,0.0124113,0.00780791,-0.0126429,-0.0409904,0.00381549,0.306873,-0.80515,0.17361,-0.0644153,0.0893863,17.6633,0.499525,0.513459,0.479999,0.502157,0.499502,0.510934,0.487974,0.494679,0.493354,0.493711,0.508899,0.509604,0.512271,0.499213,0.505521,0.487915,0.488696,0.500022,0.510374,0.489821,0.477498,0.498527,0.501815,0.493169,0.492316,0.494124,0.488049,0.501685,0.508611,0.501219,0.488844,0.493768,0.492665,0.487975,0.485686,0.492962,0.493279,0.501795,0.509528,0.506869,0.50219,0.490615,0.493894,0.500671,0.480987,0.500838,0.501097,0.468946,0.546091,0.495018,0.50115,0.474763,0.527755,0.512288,0.515347,0.514524,0.479454,0.477828,0.471682,0.501818,0.487249,0.52789,0.526091,0.499949,0.476052,0.523497,0.551823,0.503401,0.495808,0.515774,0.517742,0.513569,0.527583,0.496108,0.480119,0.497185,0.525751,0.514391,0.516937,0.527752,0.533025,0.516251,0.51552,0.495855,0.478004,0.484139,0.494942,0.521666,0.5141,0.498449,0.543826,0.498065,0.505677,0.344399,0.722511,0.474235,0.505951,0.372167,0.639961,0.56327,0.578797,0.574634,0.395175,0.387143,0.357345,0.509409,0.434372,0.640608,0.631964,0.499738,0.378439,0.619356,0.745881,0.517598,0.478316,0.58095,0.590849,0.569791,0.639138,0.479866,0.398474,0.485432,0.630321,0.57396,0.586806,0.639952,0.664789,0.583358,0.57967,0.478557,0.388011,0.418611,0.473846,0.61036,0.572481,0.491974,0.712933,0.489986,0.498776,0.534646,0.448597,0.50556,0.498717,0.528159,0.469033,0.486287,0.482873,0.483792,0.522927,0.524741,0.531596,0.497971,0.514229,0.468882,0.470889,0.500057,0.526722,0.473782,0.442215,0.496204,0.504678,0.482398,0.480201,0.484857,0.469225,0.504344,0.522185,0.503142,0.471268,0.48394,0.4811,0.469035,0.463157,0.481865,0.482681,0.504626,0.524544,0.517699,0.505644,0.475825,0.484266,0.501731,0.45112,0.50216,8.46753,9.00793,6.98122,8.47752,8.1485,8.83243,8.14608,7.85999,8.09834,7.80203,9.50387,9.07053,8.91245,8.44884,9.1959,8.24843,7.81962,8.17959,8.79896,8.25664,7.14901,8.40784,8.31123,8.11313,7.71859,8.11139,7.74784,9.65821,9.01109,9.04438,8.19813,9.39053,8.53267,7.48318,7.49197,7.78162,8.63827,8.31002,9.03292,8.61356,8.62692,7.64121,8.50036,8.90577,8.10594,8.54605,1,0,2,2,1,7,8,6,8,11,7,6,14,13,12,14,27,9,9,9,9,6,9,3,6,0,1,0,6,1,10,4,7,18,5,2,4,0,13,18,7,5,4,2,24,27,14,6,7,4,3,4,7,1,3,1,1,0,1,12,14,22,7,3,8,4,5,1,1,4,8,3,6,2,3,4,7,7,1,0,2,4,4,2,0,0,0,6,3,3,4,8,2,5,14,9,14,11,14,16,18,10,4,6,1,2,2,3,6,8,7,5,5,3,5,7,4,5,2,4,3,10,6,1,1,1,0,2,5,14,10,12,6,13,12,9,8,16,13,8,13,15,13,8,12,12,5,3,1,6,5,1,0,6,2,3,8,7,6,7,5,4,2,9,13,10,13,15,8,6,5,11,13,10,4,15,10,8,9,8,5,11,10,9,1,5,3,0,4,3
205.76,0.966276,0.0128217,9,511,0,-125.549,8.2498,0.50483,0.3024,-0.601874,0.739473,-0.605309,0.313605,0.402475,-0.0875136,0.175147,-0.0319723,0.948004,0.284779,0.563799,0.515401,0.0442164,-0.228716,-0.295778,0.218129,-0.876966,0.589577,0.968378,0.187634,-0.989464,0.260313,0.027952,-0.397054,0.180109,0.416363,0.148337,1.10889,0.569381,0.222338,0.212813,0.600115,-0.388763,0.79156,0.232669,0.973227,-0.0379366,0.658527,-0.47405,0.22867,0.375725,-0.535754,0.465697,0.249586,0.575343,-1.06063,-0.113943,0.391085,0.0720864,0.105596,0.239269,0.0458874,-0.190092,0.0908697,0.384688,-0.399281,0.389732,0.18527,0.299008,-0.0965271,0.611691,0.78647,0.0626843,-0.397956,-0.00975203,0.362982,0.778289,0.806713,0.023284,-0.102663,0.286971,0.974726,0.441675,0.628064,0.618385,-1.3053,-0.308233,0.308723,-0.866551,0.282087,-0.620323,1.85508,0.171064,0.295595,-0.709941,-0.643375,0.696311,-1.00498,0.515851,1.1115,0.719469,-0.628487,-1.00819,0.0629064,0.707791,1.17693,-0.110355,-0.224123,-0.567704,0.00410916,-0.587482,-0.2371,-1.2063,-0.605758,0.0855633,-0.875249,0.707457,0.426443,0.0692019,0.29451,1.67603,0.48522,0.502784,-0.717127,0.423967,-0.0483215,0.0233577,-0.000458897,-0.0113645,0.0238046,-0.046804,-0.0492826,0.0223924,0.020684,0.00403682,-0.0159589,-0.00539953,-0.00309866,-0.0105671,-0.0376349,0.125006,-0.351911,-1.63881,0.025919,0.0800083,17.8983,0.383822,0.641429,0.383184,0.56135,0.578479,0.4828,0.534383,0.493714,0.678214,0.55576,0.609071,0.599972,0.508693,0.455151,0.442106,0.542783,0.334098,0.613888,0.681701,0.536825,0.314711,0.551004,0.505496,0.422561,0.535353,0.581141,0.529133,0.705184,0.610116,0.543604,0.541745,0.61585,0.424152,0.650796,0.54562,0.682528,0.492542,0.626659,0.407858,0.54484,0.573341,0.396193,0.590554,0.548916,0.611231,0.302768,0.490569,0.511586,0.490515,0.504914,0.506307,0.498629,0.502745,0.499499,0.514852,0.504463,0.508834,0.508076,0.500693,0.496416,0.495365,0.503418,0.48626,0.509238,0.515171,0.50294,0.484499,0.504079,0.500438,0.493778,0.502822,0.506524,0.502325,0.517371,0.508922,0.503484,0.503335,0.509403,0.493908,0.512402,0.503646,0.515247,0.499405,0.510318,0.492572,0.503583,0.505888,0.491605,0.507297,0.503911,0.509015,0.483385,0.552755,0.435307,0.553053,0.472438,0.46465,0.507699,0.484596,0.502813,0.417362,0.474967,0.45056,0.45478,0.49611,0.520111,0.525998,0.480819,0.576547,0.448316,0.415619,0.483498,0.586182,0.477114,0.497541,0.534875,0.48416,0.463435,0.486953,0.403662,0.450074,0.480449,0.481286,0.447399,0.534149,0.430807,0.479542,0.415205,0.503338,0.442322,0.541609,0.479893,0.466993,0.546995,0.45912,0.478056,0.449555,0.592243,0.728368,0.229373,0.72948,0.374271,0.340834,0.535793,0.42873,0.513096,0.174567,0.385398,0.284152,0.300558,0.481892,0.592624,0.618863,0.411572,0.808018,0.275638,0.169808,0.423726,0.835008,0.394938,0.48855,0.657167,0.42674,0.335739,0.439523,0.139763,0.282295,0.409902,0.413683,0.272203,0.6541,0.214634,0.405813,0.168691,0.515538,0.253658,0.685007,0.407395,0.350751,0.706407,0.317955,0.399146,0.28032,0.850453,7.53579,8.99453,6.8267,8.09369,7.98907,7.42335,8.17568,7.48753,9.31872,7.85339,9.43645,8.82415,7.57558,7.96541,7.63172,9.0383,7.22132,8.2042,8.63671,8.1901,7.09346,8.53031,8.1754,8.20407,7.73257,8.13052,7.82133,9.74248,8.88617,9.04316,8.21918,9.34358,8.33752,9.05404,8.00031,9.26084,8.69668,8.90189,7.10296,8.40726,8.6634,7.52518,8.5107,8.26163,8.05572,7.01284,1,1,4,2,1,11,13,8,4,6,12,4,2,5,11,9,4,12,6,10,9,5,5,6,7,0,0,1,3,1,4,16,10,7,15,0,3,0,9,13,4,2,4,3,26,19,22,6,3,1,3,1,0,9,1,2,0,1,1,14,21,5,7,6,2,2,9,5,9,9,3,4,3,6,5,9,11,15,2,0,3,0,2,1,1,1,1,3,4,3,7,11,14,15,12,7,8,9,12,10,7,4,2,9,2,1,1,3,6,4,2,9,3,1,3,1,3,4,4,5,5,1,3,1,3,2,6,3,8,16,7,12,10,5,10,14,12,11,17,12,12,9,17,17,10,15,5,3,2,0,1,2,1,2,3,6,1,3,7,4,8,9,8,14,18,11,18,17,9,17,12,6,9,12,12,11,15,11,21,6,8,12,7,6,14,4,2,3,2,7
192.334,0.994891,0.0128217,8,511,0,-134.875,8.87004,0.470226,0.39072,-1.22568,0.177754,-0.574132,-0.776659,0.314891,0.449474,0.275018,0.39896,-0.315861,0.274513,0.552924,0.557205,1.32938,-0.371674,-0.150832,0.778502,-0.22782,0.243863,0.865258,0.373181,-1.2059,0.100726,-0.366205,-0.301281,0.0805105,-0.0582908,-0.187625,0.707168,0.341885,0.0927732,0.227665,0.577709,-0.483894,-0.392293,-0.951876,0.0849619,-0.316637,-0.209039,0.218659,-0.57099,0.17316,-1.01051,0.545772,0.210822,0.390664,1.01697,-0.182128,0.59076,-0.568814,-0.353936,-0.386367,0.960509,0.101916,0.0195592,0.173678,-0.442192,0.265241,0.178871,0.275126,-0.0602499,0.316446,0.842979,0.228135,-0.54509,-0.040088,0.357488,0.674203,0.660445,0.039994,-0.913759,0.142867,0.487105,1.30918,0.714405,0.248345,-0.649533,-0.967242,1.00338,-0.12664,0.529839,-0.638005,0.955318,0.150411,-0.698328,-0.950438,-0.670983,1.10776,0.284857,0.0403862,0.525474,-0.774464,-0.898708,-0.359505,-0.0461701,0.956723,1.24647,-0.483679,0.170268,-1.44221,0.244034,0.971031,-0.273452,-1.44324,0.289559,0.180221,-0.193696,0.543636,0.214073,0.0423935,0.484664,0.743655,0.46952,0.387132,0.583661,-0.366481,-0.0429361,-0.0260386,-0.0310558,0.0312541,-0.07334,0.00499545,-0.0273199,0.0273965,-0.0306652,0.0502531,0.0504905,-0.0287665,-0.0896481,-0.028095,0.0154482,0.0315679,-0.503287,-0.898588,-0.0992919,0.237622,22.6057,0.26246,0.537391,0.381312,0.341929,0.565975,0.593607,0.5577,0.583295,0.433824,0.557595,0.614461,0.615316,0.754108,0.422306,0.468256,0.65842,0.452135,0.551213,0.674672,0.578004,0.2657,0.521215,0.423431,0.436846,0.516961,0.487718,0.460541,0.64477,0.571556,0.519541,0.547833,0.619399,0.399413,0.418072,0.30951,0.517898,0.433664,0.45606,0.545951,0.381938,0.536428,0.299047,0.613032,0.544313,0.581594,0.702093,0.430547,0.510137,0.467302,0.45582,0.517952,0.525613,0.51568,0.522738,0.481993,0.515651,0.531494,0.531737,0.575244,0.478815,0.491398,0.544285,0.48701,0.513905,0.549189,0.521271,0.431653,0.505745,0.479126,0.482824,0.504592,0.496676,0.489301,0.540245,0.519489,0.505291,0.512982,0.532901,0.47243,0.477641,0.445923,0.504846,0.481949,0.48808,0.512468,0.46748,0.509875,0.442621,0.531087,0.512022,0.522266,0.557743,0.649506,0.47765,0.57174,0.596495,0.460463,0.443686,0.465452,0.44997,0.539659,0.465515,0.430876,0.430347,0.338707,0.546629,0.518969,0.403282,0.528633,0.469355,0.39282,0.453183,0.647237,0.487329,0.545947,0.537835,0.489871,0.507334,0.52359,0.41195,0.457089,0.488329,0.471386,0.427819,0.560585,0.549199,0.617528,0.489312,0.539756,0.526277,0.472516,0.571353,0.478226,0.624473,0.431759,0.473499,0.451004,0.374765,0.750519,0.460153,0.62619,0.667721,0.429729,0.400378,0.438531,0.411323,0.570485,0.438642,0.378281,0.377377,0.232443,0.582728,0.533832,0.331912,0.551001,0.445435,0.314857,0.416943,0.747176,0.477388,0.581533,0.567272,0.481921,0.513092,0.54205,0.346275,0.423795,0.479171,0.449033,0.373058,0.607024,0.587226,0.701687,0.480923,0.570655,0.546822,0.451036,0.625529,0.461178,0.712597,0.379794,0.452781,0.413129,0.286216,7.0359,9.02561,6.90486,7.13803,7.96111,8.12073,8.13549,8.06087,8.10192,7.91314,9.52416,9.13932,9.14726,8.03567,7.6287,9.78971,8.20654,7.87671,8.61023,8.25204,7.05867,8.59759,8.37851,8.19013,7.68236,7.96034,7.80641,9.65329,8.88432,8.97801,8.0792,9.3212,8.29258,8.34756,6.93323,8.91517,8.65668,8.56522,8.28998,8.13609,8.68379,7.62102,8.4564,8.05917,8.09983,9.67817,2,0,5,2,0,7,9,6,6,7,5,10,32,14,29,19,17,10,4,13,16,2,5,4,6,1,2,0,4,1,11,16,11,6,6,2,2,5,8,7,13,6,2,3,18,12,24,8,4,4,0,0,0,1,3,6,2,3,4,18,11,13,7,8,5,7,4,4,5,3,1,4,3,8,7,9,1,4,2,2,2,1,1,2,1,1,1,8,2,6,5,18,10,14,14,10,17,17,14,2,2,6,3,10,0,0,0,5,3,1,8,5,4,2,12,8,2,2,4,3,2,2,3,2,2,8,4,2,6,8,7,4,1,6,7,6,7,9,4,5,5,2,8,9,6,1,8,5,4,11,2,3,7,8,4,5,1,4,4,5,5,7,6,7,4,2,0,1,9,7,3,6,0,3,9,2,5,1,7,2,4,6,5,7,7,2,4,7,9,10
191.832,0.991391,0.0128217,9,1023,0,-124.047,9.32384,0.590823,0.42815,0.494247,0.840784,-0.613571,0.562638,-0.131486,-0.608513,-0.000879908,-1.10662,0.55008,0.137913,0.757556,1.23684,-0.88514,0.139969,0.0197353,-0.575632,-0.0690732,-0.12904,0.857711,0.219991,-0.813819,0.415288,0.220172,0.290048,-0.162499,-0.227383,-0.511416,0.242593,0.882209,0.351889,0.162687,-0.0277755,-0.239938,-0.48737,0.732692,-0.0325848,0.50324,0.408788,-0.170217,-0.0175499,0.584734,-0.552629,0.235771,-0.0525848,-0.733655,-1.00992,0.129735,-0.44874,-0.521818,-0.288548,0.229207,-0.336861,0.132621,0.377297,-0.531521,-0.517556,0.446964,-0.437683,-0.137,0.133814,0.389889,0.387346,-0.157261,-0.0645637,-0.168611,0.354881,0.294824,0.724025,0.0469944,-1.34463,0.352773,0.27082,0.239912,0.527766,0.380077,-1.27624,-0.115171,0.5809,-1.57787,0.900598,-0.3798,1.37101,-0.0959109,-0.208137,0.487171,-1.75495,0.835002,-0.882566,0.128796,0.47784,0.819228,-0.408952,-0.0615122,-0.949405,0.572836,1.01254,-0.807005,0.0919273,-0.560962,-0.0609847,0.00199621,-0.00472575,-0.360477,-1.4084,0.686883,-0.565068,1.20741,-0.260188,0.277187,-0.011994,1.50595,0.271921,0.393971,-0.277317,0.625239,-0.0256596,0.0660609,-0.00585403,0.0294884,0.015977,0.037379,-0.0443103,0.015446,-0.00448364,0.0113708,-0.0245123,0.0853784,-0.0904754,0.0324488,-0.0712357,0.168623,-0.821087,-0.586631,0.212195,0.0313521,16.8572,0.547715,0.580707,0.440862,0.554269,0.48727,0.441345,0.499915,0.39445,0.553067,0.513352,0.572837,0.617532,0.415116,0.513551,0.501911,0.444488,0.493312,0.487507,0.582302,0.52129,0.421839,0.540129,0.521308,0.528058,0.484269,0.477995,0.450638,0.523475,0.584608,0.534023,0.515749,0.49731,0.476782,0.452944,0.570479,0.496845,0.548578,0.539503,0.483523,0.498301,0.556383,0.446689,0.522815,0.494908,0.42943,0.403431,0.480578,0.466993,0.524104,0.477894,0.505169,0.523906,0.500035,0.543397,0.478387,0.494578,0.470252,0.451526,0.534743,0.494497,0.499224,0.522616,0.502716,0.505073,0.46633,0.491352,0.531952,0.483679,0.491345,0.488599,0.506388,0.508939,0.520096,0.490464,0.465371,0.486169,0.493604,0.501092,0.509432,0.519152,0.471226,0.501281,0.480225,0.483934,0.506692,0.50069,0.477027,0.521713,0.490732,0.502067,0.528812,0.539622,0.399915,0.333954,0.623351,0.386517,0.526964,0.622375,0.500181,0.71272,0.388965,0.471721,0.349322,0.265894,0.674098,0.4713,0.495949,0.616009,0.514175,0.526464,0.330869,0.454964,0.661104,0.41557,0.454928,0.440741,0.533307,0.54654,0.603463,0.450366,0.326431,0.428265,0.466655,0.505701,0.549094,0.598729,0.353977,0.506688,0.398144,0.416866,0.534884,0.503602,0.382224,0.611532,0.451753,0.510793,0.646204,0.696192,0.428018,0.379133,0.589026,0.418226,0.519274,0.588307,0.500129,0.656825,0.420019,0.479785,0.390692,0.326167,0.626973,0.479484,0.497106,0.583628,0.510129,0.518916,0.376798,0.467781,0.617137,0.439394,0.467755,0.457565,0.523814,0.533298,0.574446,0.464482,0.37343,0.448575,0.476159,0.504073,0.535131,0.570994,0.394169,0.504779,0.426727,0.440334,0.524943,0.502574,0.415075,0.580345,0.465477,0.507711,0.605966,0.643927,8.54538,8.98017,7.08738,8.66592,7.59041,7.09265,8.15301,6.57332,8.60363,7.87158,9.47617,9.31958,6.80416,8.17568,8.17453,8.08503,7.9575,7.59297,8.62253,8.38353,7.18047,8.46299,8.33272,8.12453,7.55805,8.09917,7.80278,9.76972,8.95002,9.05296,8.32372,9.43928,8.43531,7.59432,8.8433,8.06892,8.69606,8.52954,8.15883,8.08461,8.63978,7.52624,8.4,8.09905,8.07619,6.97604,1,2,3,1,2,6,12,12,15,2,4,7,14,12,2,10,4,8,14,6,6,6,8,7,3,1,2,0,1,4,12,7,11,13,7,0,1,2,12,19,25,9,10,5,11,9,14,6,2,5,10,4,8,4,7,2,0,0,0,4,12,9,13,3,1,3,9,10,7,8,11,7,8,4,4,6,17,19,2,2,4,5,7,6,6,5,6,1,2,0,3,14,7,14,11,12,10,13,16,0,4,4,5,12,7,2,1,15,8,7,4,12,3,10,3,6,4,6,0,4,3,3,3,1,3,2,0,1,11,9,10,18,16,27,9,19,16,18,19,35,18,13,8,16,15,12,10,5,5,4,1,0,4,2,3,3,12,4,8,1,3,1,4,20,9,18,17,14,16,26,21,19,24,22,24,15,20,28,22,7,6,3,12,14,6,8,2,11,2,6
178.298,0.615575,0.0128217,9,511,0,-121.88,9.67445,0.651533,0.650906,-0.667735,0.310633,-0.876603,-0.0789732,0.351437,0.929233,-0.107636,0.505887,-0.288006,0.09874,0.765062,0.478757,1.28524,-0.1199,1.19216,-0.388624,-0.906925,0.0757424,0.830804,-0.0829211,-1.43197,0.0255839,-0.306966,-0.0676468,-0.124364,0.542464,0.331739,0.475732,0.466544,0.388586,0.0406588,-0.1372,-0.201499,-0.531429,0.245881,0.0162453,-0.476369,-0.654785,-0.0667548,-0.0239048,0.144483,-1.00398,0.153019,0.114666,0.82324,1.14444,-0.258862,-0.332828,-0.396295,-0.109118,-0.284295,-1.3377,0.5533,0.503775,0.207866,-1.54055,0.053364,-0.04883,0.359727,-1.28149,0.281516,0.448754,0.0514408,-0.276236,-0.197398,0.355627,0.766551,0.531939,0.098066,-0.451973,0.221212,0.966525,0.823683,0.23554,0.222387,-0.907634,-0.512628,0.637357,-0.90012,0.379798,-0.462216,0.579402,0.332441,-0.59806,0.0476969,-1.14142,0.712641,-0.507785,0.310536,0.683664,0.558241,-0.657824,-0.705266,-0.408346,0.772087,0.855252,-0.532798,0.105425,-0.63633,-0.0475041,-0.0552914,-0.250265,-1.04268,-0.120665,0.269261,-0.308339,0.944385,0.124874,-0.0850043,0.0170006,1.05673,0.3056,0.0306767,-0.0695538,0.968673,-0.0607075,0.0139903,0.00495387,0.015104,-0.08188,0.0360898,0.0322726,-0.129957,-0.00647291,-0.0509538,-0.0124798,0.232667,-0.0511533,0.0162254,0.016524,0.136928,-1.02611,-0.386318,-0.0948949,0.0838908,15.7506,0.425643,0.534793,0.402904,0.491141,0.539346,0.602764,0.487927,0.556512,0.467734,0.511076,0.584998,0.553505,0.64032,0.486552,0.630646,0.456511,0.399635,0.508497,0.592142,0.490698,0.344658,0.50287,0.465616,0.492411,0.486051,0.560559,0.537149,0.55317,0.552151,0.543485,0.504561,0.484613,0.47741,0.440661,0.527557,0.501823,0.44676,0.427065,0.492511,0.497318,0.516204,0.389233,0.51716,0.512861,0.591322,0.625643,0.491414,0.503995,0.488729,0.498984,0.504519,0.511948,0.498616,0.506505,0.496296,0.50127,0.509838,0.506157,0.516522,0.498458,0.515327,0.495002,0.488339,0.500974,0.510683,0.498934,0.481593,0.500329,0.496052,0.49913,0.498401,0.506976,0.504266,0.506118,0.506,0.504997,0.500523,0.498236,0.497409,0.493166,0.503162,0.500209,0.493874,0.49158,0.499142,0.499693,0.501858,0.487092,0.501968,0.501475,0.510585,0.514713,0.664891,0.420982,0.710844,0.520248,0.410812,0.278183,0.527583,0.373064,0.573348,0.474692,0.313236,0.379598,0.21102,0.530719,0.227359,0.598392,0.717197,0.48058,0.29891,0.521259,0.812959,0.493437,0.5781,0.517346,0.531859,0.364329,0.415712,0.380329,0.382554,0.401617,0.489571,0.535137,0.551506,0.633045,0.437258,0.495833,0.619825,0.661924,0.517118,0.506132,0.463004,0.736952,0.460827,0.470619,0.300539,0.236076,0.564134,0.470035,0.583862,0.507627,0.46611,0.411207,0.510394,0.451297,0.527787,0.490465,0.426644,0.453893,0.378361,0.511578,0.386854,0.537463,0.586705,0.492685,0.420443,0.508008,0.634877,0.497529,0.529612,0.506533,0.512009,0.4478,0.468005,0.454183,0.455063,0.462541,0.496073,0.513248,0.519451,0.551146,0.476271,0.498431,0.545878,0.562904,0.506447,0.502309,0.48605,0.595766,0.485226,0.488927,0.421155,0.391237,7.75212,8.95457,6.82189,7.78966,8.11197,8.71861,8.15455,8.27423,8.15098,7.84642,9.45086,8.95674,9.0917,8.32765,9.51925,8.23875,7.5011,7.82225,8.61535,8.18052,6.95103,8.48055,8.30552,8.16438,7.61194,7.96832,7.74695,9.75451,8.94392,9.0555,8.31041,9.1347,8.43537,8.06971,8.13107,8.64519,8.62917,7.94017,7.32816,8.60299,8.60551,7.57377,8.42849,8.38819,8.07015,9.65524,2,0,0,2,2,11,11,8,3,9,8,14,14,23,22,11,10,15,8,10,6,12,11,14,15,1,1,0,2,9,6,6,3,3,7,2,1,3,9,14,16,2,4,1,13,16,27,6,3,13,4,4,3,3,6,0,1,0,2,7,9,16,18,2,5,6,6,6,4,7,9,3,3,9,3,3,8,7,2,1,5,0,3,2,2,2,2,0,4,2,2,8,6,13,8,7,11,8,12,0,7,7,4,4,4,1,4,4,5,2,7,2,2,2,5,4,2,2,2,0,3,2,5,4,7,3,9,5,8,9,4,11,14,4,12,10,9,17,20,7,8,5,6,4,1,17,11,1,2,2,3,6,4,4,4,4,3,3,5,1,5,7,1,16,5,8,5,2,13,8,8,10,6,9,11,8,5,10,4,3,8,0,4,2,6,7,0,2,9,4
184.254,0.999485,0.0128217,9,511,0,-116.719,8.53806,0.612631,0.451563,-0.0872665,0.329364,-0.535391,0.0799182,0.532761,0.261725,-0.0693077,-0.198211,0.784646,0.0449251,0.679103,0.565632,0.570331,-0.215001,-0.644004,-0.407089,-0.130101,0.0467846,0.849574,0.036926,-1.22498,0.231106,-0.385995,0.196855,-0.0717246,0.305465,0.0233712,1.17943,0.50837,0.259713,0.050879,0.538754,-0.432181,0.366591,-0.423602,1.03023,-0.486183,-0.0382914,-1.00423,-0.269046,0.251043,-0.995897,0.0728069,-0.0516078,0.757261,-0.68754,-0.165379,-0.588223,-0.826819,0.0245402,0.176631,-0.580921,0.0914846,0.309012,0.600044,-0.64087,-0.0509253,-0.168218,0.0802557,-0.724509,0.314442,0.475403,0.0935782,-0.272595,-0.00794014,0.365403,-0.629458,0.813247,0.134416,-0.320065,0.495659,0.0906313,0.622959,0.420026,0.356368,-0.828465,-1.18886,0.216238,-0.306126,0.252418,-0.307001,0.595185,0.22214,-1.36578,-0.24298,-0.210857,0.990016,-0.341056,0.044801,1.02881,0.260722,-0.61891,-0.600058,0.14608,0.631443,1.00603,-0.437647,0.25973,-0.739565,0.225213,0.34613,-0.0544019,-0.794367,-0.764666,-0.218591,-0.670354,1.05212,0.507311,0.482292,0.888624,1.47297,0.445717,0.171838,-0.693913,-0.334976,-0.0763613,0.0299961,-0.0255,-0.0441234,-0.0740462,0.0729953,-0.00804504,0.18806,-0.177898,0.104611,-0.118191,-0.097414,-0.273489,-0.00399212,0.25455,0.25309,-0.806858,-0.672979,0.16008,0.0897462,18.8409,0.48963,0.539065,0.43671,0.509497,0.562983,0.531066,0.491763,0.47646,0.592189,0.505339,0.580018,0.566824,0.567372,0.474469,0.424052,0.451768,0.484542,0.50556,0.599622,0.504389,0.35839,0.52744,0.454252,0.523379,0.491476,0.536241,0.502778,0.636616,0.560128,0.530828,0.506047,0.563684,0.448815,0.54346,0.449824,0.620053,0.442473,0.495449,0.382863,0.468067,0.529801,0.383799,0.508652,0.493867,0.589042,0.419005,0.497958,0.507705,0.487477,0.50187,0.512461,0.506123,0.498379,0.495363,0.518348,0.501051,0.515882,0.51323,0.513339,0.49497,0.484938,0.490477,0.496956,0.501095,0.519865,0.500864,0.471373,0.505406,0.490971,0.504605,0.498322,0.507146,0.500547,0.527564,0.511891,0.506076,0.50119,0.512601,0.489891,0.508575,0.490091,0.524083,0.488628,0.499104,0.476524,0.493706,0.505873,0.476718,0.501703,0.498793,0.517708,0.483921,0.517596,0.433951,0.606347,0.483885,0.394159,0.447402,0.513977,0.539897,0.346808,0.490939,0.366343,0.387844,0.386944,0.54326,0.627059,0.581385,0.526219,0.490564,0.335038,0.492552,0.728769,0.453517,0.577238,0.460375,0.514464,0.438693,0.495286,0.278556,0.398868,0.447803,0.489738,0.393005,0.586305,0.426588,0.584625,0.303381,0.596832,0.507723,0.692166,0.554058,0.449533,0.690733,0.485318,0.510409,0.351831,0.635236,0.514678,0.444812,0.589115,0.486557,0.411314,0.45608,0.511659,0.533299,0.370972,0.492442,0.387693,0.405968,0.405206,0.53611,0.606685,0.568065,0.521875,0.492129,0.360834,0.493788,0.695167,0.461196,0.564579,0.466929,0.512065,0.448787,0.496068,0.311367,0.415294,0.456416,0.491441,0.410338,0.572204,0.438634,0.57079,0.333295,0.581076,0.506442,0.662806,0.545142,0.457864,0.661552,0.487753,0.508682,0.375282,0.613654,8.29226,9.01832,7.16513,7.39997,8.29566,8.00885,8.21464,7.52195,9.21484,7.77935,9.50528,8.98329,8.33539,8.15704,7.6065,8.35574,8.24692,7.78132,8.63058,8.32711,7.08967,8.62931,8.26108,8.1384,7.65585,8.07317,7.77455,9.61034,8.92272,9.06159,8.34188,9.38881,8.32919,9.05772,6.86698,9.75922,8.68463,8.62913,6.6877,8.38485,8.65041,7.61635,8.3651,8.23338,8.08316,7.6571,5,9,5,3,0,13,8,7,7,3,2,2,4,6,8,5,6,1,11,9,10,4,10,8,5,0,1,6,0,1,7,5,7,11,8,1,5,5,9,5,14,6,3,4,4,10,9,6,6,13,0,1,6,3,2,5,4,3,1,16,15,14,6,3,7,8,8,3,2,4,7,1,8,3,7,7,11,14,2,2,6,2,7,4,5,5,0,4,5,3,4,16,12,14,17,10,21,22,16,7,1,5,11,7,4,1,2,7,3,4,10,5,8,9,14,12,3,5,1,2,3,3,0,3,2,1,2,1,3,8,4,12,13,9,10,20,13,10,16,20,15,11,8,11,12,12,14,6,5,3,3,7,5,3,5,5,2,6,4,12,14,6,7,17,8,6,25,20,8,11,12,16,10,9,12,12,14,8,15,8,3,7,8,10,9,6,3,3,3,3
187.865,0.987155,0.0128217,9,511,0,-105.221,9.10541,0.502397,0.484886,-0.518969,0.183604,-0.751525,0.0395012,-0.26554,-0.0282286,-0.201072,0.414699,1.11746,-0.179071,0.62108,0.459813,-0.400213,-0.034388,0.406168,0.28911,0.377119,-0.331205,0.52162,-0.15467,-1.12102,0.0796293,-0.416351,-0.229248,-0.30081,-0.00167571,-0.245599,0.769822,0.507238,0.184677,-0.297525,-0.0643493,-0.403318,-0.752361,0.666162,0.551127,-0.571101,0.991385,0.504042,-0.395465,0.173954,-0.980699,0.0142236,-0.876404,0.415508,0.339716,-0.894953,-0.843328,-0.468819,0.178393,0.0930385,-0.119417,0.342266,-0.193789,0.537143,-0.564897,0.0302081,0.358996,0.228297,-0.40399,0.337544,0.516924,0.520217,-0.413966,-0.108989,0.371334,0.670475,0.674205,0.0728013,-0.445452,0.693194,0.49735,0.676344,0.482678,0.31869,-1.26857,-0.708019,0.561115,-0.937704,0.5602,-0.565043,1.2937,0.00634363,-1.57425,-0.134576,-2.15877,1.10981,-0.900667,0.555825,0.439426,0.425758,-0.310447,-0.362215,-0.33129,1.09294,1.28197,-0.456534,-0.00732613,-0.493404,0.266709,0.713609,-0.509531,-0.080034,-0.664686,0.477392,-0.398889,0.765413,-0.540795,0.347767,0.269241,1.52106,0.661765,1.00403,-0.137572,-0.163074,0.0391354,-0.0171832,-0.098339,0.0401478,-0.144647,-0.136842,0.0208347,-0.0420314,-0.0373483,0.0189613,0.0768387,0.108029,0.103421,-0.0363067,-0.100922,0.0624952,0.180078,-1.01616,0.0884571,0.0780062,22.3619,0.433333,0.523709,0.404083,0.505105,0.465738,0.496352,0.474039,0.553388,0.640525,0.476875,0.57958,0.559144,0.448464,0.495556,0.552297,0.537293,0.548582,0.457302,0.567004,0.480023,0.359052,0.510289,0.446401,0.470409,0.461204,0.499783,0.468304,0.598192,0.565178,0.523848,0.461626,0.491685,0.448067,0.403979,0.585248,0.570745,0.426727,0.625385,0.564772,0.449071,0.522465,0.37591,0.501838,0.38864,0.553491,0.543789,0.432913,0.52386,0.403487,0.505137,0.46552,0.496329,0.473874,0.553725,0.641372,0.476728,0.580079,0.559517,0.448138,0.495528,0.552628,0.537529,0.548889,0.457032,0.567426,0.479895,0.358203,0.510355,0.446063,0.470221,0.460958,0.499782,0.468102,0.598802,0.565588,0.524,0.461383,0.491632,0.447738,0.403383,0.58578,0.571189,0.426267,0.62615,0.56518,0.448749,0.522608,0.375152,0.50185,0.387954,0.553829,0.544067,0.476653,0.508265,0.466218,0.501778,0.488048,0.498729,0.490949,0.518661,0.550138,0.491939,0.527932,0.520689,0.48199,0.498452,0.518277,0.513013,0.516971,0.485094,0.523466,0.493037,0.449703,0.503585,0.481265,0.489681,0.486461,0.499925,0.488945,0.534602,0.52282,0.508313,0.486609,0.497103,0.481851,0.466181,0.529954,0.524791,0.474312,0.544513,0.522676,0.482204,0.507831,0.455964,0.50064,0.460626,0.518697,0.515289,0.628867,0.453492,0.682151,0.489966,0.567052,0.507171,0.550903,0.396181,0.243143,0.545366,0.347257,0.385268,0.600292,0.508735,0.398257,0.427078,0.405352,0.583354,0.370505,0.539212,0.757521,0.479782,0.60422,0.557976,0.575828,0.500426,0.56207,0.313832,0.37392,0.453222,0.575013,0.516342,0.601049,0.682335,0.336947,0.363539,0.641144,0.267487,0.37468,0.599134,0.455923,0.73038,0.496387,0.709008,0.395985,0.414545,7.80876,8.98329,7.1173,7.02662,7.66743,7.93659,8.22298,8.43886,9.66073,7.76549,9.51709,8.91843,7.51478,8.35807,8.91165,9.14112,8.82475,7.59299,8.55995,8.27561,7.12945,8.48742,8.30291,8.16763,7.62744,8.12079,7.84412,9.74771,8.97214,9.0227,8.11362,9.27849,8.35586,7.92276,7.73666,9.39975,8.77718,9.89685,8.69413,8.32657,8.59441,7.66523,8.4672,7.45881,8.13918,8.78236,3,4,1,2,6,3,6,13,13,2,9,7,1,6,4,4,4,11,4,7,5,7,12,8,9,1,3,1,4,1,16,13,11,9,11,0,1,1,10,7,5,3,1,4,15,23,24,7,4,6,1,0,0,3,3,0,0,1,0,4,11,21,23,3,1,2,9,7,7,11,6,10,5,10,6,4,2,12,1,3,0,3,3,2,3,1,1,2,4,4,2,9,17,20,22,23,16,13,10,5,0,13,6,2,8,2,6,3,5,6,8,6,4,5,5,8,0,0,4,7,4,1,2,2,7,0,2,4,12,5,6,8,20,14,12,12,9,13,13,11,12,9,16,10,11,11,12,1,2,2,1,6,1,4,2,8,3,3,10,7,3,10,6,18,18,14,9,20,16,11,13,20,18,13,14,14,23,12,13,10,5,11,6,9,8,2,4,5,7,9
178.905,0.694535,0.0128217,9,511,0,-117.535,8.67133,0.475214,0.574516,-0.248596,0.145458,-0.708804,-0.381384,-0.126815,0.659567,-0.179075,-0.782517,-0.710318,-0.147011,0.47615,0.4048,0.15753,-0.464749,0.0703228,-0.741856,-0.331387,-0.546688,0.682651,-0.135742,-1.23779,0.100281,-0.526493,0.152336,-0.280594,-0.364736,-0.699298,0.856148,0.380147,-0.0805862,-0.0567645,0.272857,-0.637818,-0.379098,-0.0813491,-0.12286,-0.365008,0.0643246,0.243575,-0.346351,0.0387741,-1.11478,0.0901911,-0.797852,-0.152008,-1.15666,-0.646865,-1.26876,-0.507394,0.220207,0.156723,-0.736715,0.653244,-0.390427,0.580054,0.0622589,-0.00208955,0.0656774,0.466346,0.0593476,0.784241,0.909266,-0.293593,-0.178383,-0.0803416,0.372255,0.0741372,0.783052,0.0783435,-0.749572,0.699688,0.0607525,0.805501,0.68983,0.0789932,-0.949756,-0.563822,0.869292,-1.06131,0.648311,-0.655175,0.804651,0.477808,-1.16313,-0.118748,-1.38246,1.19246,-0.622475,0.277568,0.670598,0.0780622,-0.486948,-0.281607,0.348623,0.856287,1.39461,-1.0258,0.0411956,-0.0966132,0.124321,0.484667,-0.0311275,-0.253644,-0.874686,0.588516,-0.309168,0.821721,-0.331478,0.504083,0.444248,1.56705,0.131914,0.912747,-0.80304,-0.409707,-0.0138596,-0.0845487,-0.0953176,0.0251443,-0.120681,-0.17628,0.0216261,-0.0482742,-0.0551549,0.0564625,0.108077,-0.0559756,-0.0231026,0.0203986,-0.0365883,0.152144,-0.676704,-0.993486,0.217786,0.113707,19.658,0.443729,0.533017,0.344232,0.414164,0.471205,0.645593,0.459383,0.329264,0.343921,0.466632,0.606577,0.590993,0.535748,0.395899,0.51598,0.33748,0.425235,0.378226,0.65038,0.469183,0.244997,0.52278,0.382554,0.534573,0.43656,0.417841,0.346186,0.685349,0.585564,0.48169,0.487099,0.561709,0.358945,0.414668,0.481516,0.472101,0.417781,0.514618,0.555143,0.421913,0.508813,0.26627,0.52049,0.326192,0.465501,0.258896,0.518238,0.489325,0.551838,0.527964,0.509307,0.45174,0.513141,0.557184,0.551948,0.510789,0.465108,0.470323,0.48844,0.534059,0.494839,0.554237,0.524304,0.54004,0.450062,0.509962,0.589865,0.49264,0.538567,0.488821,0.520583,0.526745,0.551148,0.437489,0.472127,0.505915,0.504166,0.479983,0.546678,0.527796,0.505971,0.509017,0.526765,0.495279,0.48213,0.5254,0.497154,0.5811,0.493381,0.558295,0.511155,0.584091,0.541958,0.475412,0.617665,0.564165,0.521441,0.390233,0.530258,0.629374,0.617907,0.52485,0.420137,0.431943,0.473375,0.577983,0.488105,0.622933,0.555829,0.591446,0.386523,0.522948,0.697963,0.483041,0.58814,0.474251,0.547328,0.561393,0.616145,0.35908,0.436041,0.51363,0.509602,0.45397,0.606259,0.563785,0.513759,0.520773,0.561439,0.48912,0.458886,0.558328,0.493441,0.680131,0.484747,0.631791,0.525694,0.686266,0.561432,0.463935,0.669115,0.593608,0.531456,0.341803,0.54436,0.685124,0.669448,0.536449,0.383895,0.400793,0.460954,0.613422,0.482541,0.676345,0.581572,0.632539,0.336662,0.533663,0.77377,0.475114,0.627864,0.462236,0.569244,0.589612,0.667021,0.299313,0.406689,0.520005,0.514095,0.432642,0.65332,0.59306,0.520194,0.530477,0.589677,0.484029,0.439797,0.585185,0.490371,0.751666,0.477614,0.688401,0.537683,0.759352,8.28321,9.01531,7.09997,6.32875,7.8099,8.77174,8.22426,7.01107,7.72084,7.78511,9.63967,9.08457,8.15905,8.01892,8.53049,8.15082,8.18182,7.29646,8.79967,8.27743,7.09229,8.71148,8.19209,8.1292,7.6213,8.09403,7.68715,9.63009,9.05446,8.9574,8.3744,9.28178,8.27659,8.37185,6.69648,8.68582,8.65734,8.9157,8.84028,8.41188,8.63595,7.48558,8.55489,7.47112,8.07546,7.18775,5,3,3,3,1,16,12,10,11,2,3,5,8,2,6,13,2,12,15,7,2,13,7,8,9,4,3,1,0,1,19,6,7,7,7,0,0,4,10,12,8,2,5,7,12,18,7,7,3,15,4,0,3,1,1,1,0,1,0,12,5,8,8,7,2,5,8,4,9,13,13,5,10,3,2,6,13,11,0,2,2,2,5,1,6,3,0,8,4,3,12,17,11,18,13,20,23,25,24,2,4,3,13,4,8,4,4,2,5,3,3,5,12,4,9,15,2,3,3,1,2,1,1,4,3,4,1,1,14,9,15,6,8,13,7,20,13,15,25,20,14,9,15,21,9,13,10,5,1,5,3,7,2,3,2,3,12,16,16,6,15,11,11,31,21,18,19,24,22,19,24,14,13,8,18,18,17,17,16,11,10,3,3,8,8,5,0,1,0,3
174.273,0.779425,0.0128217,9,511,0,-110.364,8.87845,0.729714,0.662968,0.205666,0.372143,-0.898816,-0.686743,0.0234817,0.70854,-0.305074,-0.245284,1.16636,0.0259215,0.367964,0.330122,1.42012,-0.429922,-0.0130523,-0.139669,-0.33966,0.48752,0.773763,-0.20789,-1.5037,-0.224748,-0.390121,-0.679353,-0.154363,-0.088572,-0.463753,0.574375,0.213759,-0.17673,-0.224216,-0.235232,-0.765343,-0.185555,-0.264587,1.20117,-0.790609,0.447519,-0.0585797,-0.62332,-0.00313254,-1.16203,-0.149205,-1.14426,0.130539,-1.98652,-0.243595,-1.84001,0.0559615,0.144379,0.598931,-0.879982,0.252169,-0.0572671,0.674392,-0.583442,0.362446,-0.163701,0.353039,-0.40214,0.720911,0.415197,0.222289,-0.229122,-0.0717243,0.343361,1.79044,0.642483,0.0720924,-0.956943,0.941383,0.617234,0.483278,0.349578,0.290238,-0.596231,0.0414643,0.70089,-1.24797,0.830954,-0.397278,0.872264,-0.0660497,-0.486135,-0.0967458,-0.968948,0.809034,-0.298322,0.335935,0.494236,0.667761,-0.138978,-0.630457,-0.774197,0.486094,0.484354,-0.29785,0.340226,-0.80412,0.168342,-0.0372507,-0.187477,-0.647323,-0.437918,0.633324,-0.700272,1.22478,-0.181202,0.757341,0.45922,1.62424,0.727889,0.229944,-0.184893,-0.748773,0.00240875,-0.164897,-0.0828552,0.0113272,-0.00605877,0.0020803,0.030716,0.0988621,0.00187338,0.0545349,0.108042,0.0402469,0.0296052,-0.134594,-0.0254924,0.066116,-0.533003,-0.765752,0.0605711,-0.0540008,23.1017,0.521335,0.538552,0.407772,0.429196,0.502437,0.57302,0.468376,0.474562,0.618755,0.502691,0.53812,0.534213,0.64328,0.455493,0.498645,0.485507,0.464802,0.550432,0.579632,0.478435,0.348797,0.476688,0.459594,0.429948,0.483983,0.490807,0.452011,0.559339,0.522173,0.481664,0.476743,0.475603,0.42122,0.480749,0.472564,0.622159,0.418664,0.546319,0.49392,0.435659,0.499675,0.381668,0.484518,0.383412,0.513547,0.304746,0.511427,0.520669,0.450216,0.46191,0.501305,0.539294,0.483053,0.486372,0.564456,0.501441,0.520437,0.518337,0.57827,0.476126,0.499275,0.492239,0.481133,0.527066,0.542894,0.488449,0.417206,0.487513,0.478334,0.462318,0.491423,0.495078,0.474251,0.531876,0.511877,0.49018,0.487542,0.486931,0.457571,0.48969,0.485301,0.566358,0.456177,0.524849,0.496745,0.465416,0.499826,0.43578,0.491709,0.436752,0.507254,0.391364,0.472622,0.450574,0.617529,0.590501,0.496871,0.406693,0.540562,0.532638,0.349401,0.496546,0.451125,0.456124,0.319314,0.557038,0.501739,0.518602,0.545137,0.435401,0.398332,0.527673,0.69029,0.529912,0.551797,0.589548,0.520557,0.5118,0.561483,0.424056,0.471547,0.523532,0.529842,0.531304,0.600591,0.524705,0.535198,0.345195,0.603818,0.440649,0.507805,0.582302,0.500417,0.650075,0.519871,0.647916,0.482613,0.742466,0.460709,0.429236,0.665582,0.62852,0.495505,0.367591,0.558139,0.546819,0.290462,0.495038,0.43002,0.437136,0.252098,0.581568,0.502499,0.526712,0.56466,0.407739,0.356059,0.539714,0.759777,0.542919,0.574133,0.627198,0.529517,0.51695,0.587858,0.391782,0.459169,0.533781,0.542818,0.544911,0.642461,0.535463,0.550479,0.284999,0.646893,0.415157,0.511212,0.617112,0.5006,0.708855,0.528532,0.706037,0.475031,0.820713,8.88327,9.08632,6.89826,5.58951,7.87122,8.59403,8.2126,7.58756,9.89619,7.8738,9.59838,9.01461,9.34344,8.21249,8.52079,9.06263,8.30773,8.36091,8.6628,8.31516,7.08132,8.429,8.28186,8.05985,7.68352,7.969,7.57308,9.71623,8.89181,9.02352,8.29793,9.3348,8.40256,8.49774,6.03488,9.96022,8.58302,9.16585,8.00065,8.03585,8.6629,7.46813,8.37709,7.32784,8.03707,6.57446,2,2,1,3,2,12,14,18,17,4,5,2,5,1,2,5,4,7,2,3,2,6,2,7,1,3,3,1,7,3,17,10,6,11,16,1,0,2,12,15,17,6,3,3,12,18,13,5,3,1,4,1,7,2,4,1,2,2,2,6,8,8,8,3,5,3,6,6,9,6,5,11,5,9,6,7,13,9,3,3,3,2,2,2,1,1,2,4,4,2,2,1,4,9,11,7,11,9,5,2,4,8,9,10,1,1,1,7,2,7,5,5,10,6,2,4,2,2,4,2,3,2,1,3,5,2,4,1,9,13,19,18,21,13,11,12,21,12,28,22,20,20,27,25,12,31,10,2,1,0,3,3,3,4,3,3,9,18,18,7,7,11,6,24,12,27,22,17,16,19,13,15,33,11,16,30,31,25,20,10,14,13,13,2,2,6,6,3,6,4
182.108,0.956121,0.0128217,10,1023,0,-105.989,10.0533,0.601756,0.639535,-0.853063,1.23425,-1.01672,0.229397,-0.449884,-0.0451994,-0.0200567,0.67953,-0.381851,-0.354285,0.926487,0.318671,-0.0400264,-0.247209,-0.528488,-0.255876,-0.903431,-0.316346,0.423374,0.0291997,-1.23708,-0.133546,0.702772,0.481324,-0.36788,0.350805,0.109332,-0.258489,0.338853,0.669902,-0.0683642,-0.351862,0.143677,-0.838222,-0.309489,-0.42607,-0.0995527,1.24774,-0.46092,0.539914,0.00235525,-0.00718191,0.146833,0.608754,-0.691416,0.994054,-0.672503,0.873491,-1.32266,-0.442513,-0.324398,-0.396178,-0.635282,-0.844405,-0.508777,-1.61541,0.386019,0.27789,0.294407,0.106628,-0.407187,0.785697,0.253636,-0.327619,-0.247467,0.343899,-1.36616,0.524814,0.0382555,-0.116095,0.591417,-0.254818,0.0295248,0.57687,0.404485,-0.444541,-0.571249,0.841394,-0.72385,0.388758,-0.531671,1.06304,-0.406265,-0.447421,-0.401018,-0.782365,0.808603,-0.328352,0.402498,0.56571,0.383211,-0.00432157,-0.733872,-0.0720821,0.543431,0.831906,-0.457232,-0.0483573,-0.795706,0.466975,0.311035,-0.48453,-0.298594,-1.14737,0.87504,-0.383198,0.863047,-0.0455648,0.475339,0.341263,1.19405,0.515252,0.337619,-0.616832,-0.709581,0.0130684,0.0925765,-0.040438,-0.0688449,0.00448986,0.0531932,-0.0547049,0.0321507,-0.0152409,0.00209534,-0.0405723,-0.00585331,0.0105204,0.00501829,-0.00144451,0.314634,0.0140607,-0.31879,0.113018,0.0447917,17.8077,0.338441,0.725068,0.310276,0.544938,0.412541,0.491123,0.49606,0.630393,0.425553,0.430856,0.674353,0.56227,0.492138,0.451594,0.397658,0.449908,0.329638,0.43818,0.582403,0.505735,0.274489,0.473792,0.634638,0.593433,0.428238,0.568474,0.521462,0.4494,0.566169,0.628629,0.486575,0.431323,0.528192,0.341057,0.439507,0.417082,0.480455,0.727177,0.410441,0.60449,0.500463,0.498589,0.52881,0.617346,0.367433,0.685901,0.446118,0.577629,0.435886,0.514542,0.471504,0.497134,0.498728,0.542982,0.475806,0.47755,0.558479,0.520196,0.497462,0.48433,0.466539,0.483781,0.442964,0.479952,0.52682,0.501852,0.422196,0.491533,0.544444,0.530482,0.47669,0.522229,0.506932,0.483615,0.521473,0.542376,0.495665,0.477704,0.509109,0.447049,0.480386,0.47301,0.493688,0.578464,0.470807,0.534182,0.500149,0.499545,0.509309,0.538524,0.45627,0.5627,0.497001,0.504338,0.496426,0.500806,0.498419,0.499841,0.499929,0.502389,0.498658,0.498755,0.503257,0.50112,0.499859,0.499131,0.498142,0.499101,0.496824,0.498888,0.501488,0.500103,0.495652,0.499531,0.50247,0.501692,0.498707,0.501233,0.500384,0.499091,0.501191,0.502355,0.49976,0.498763,0.500505,0.497054,0.498912,0.498502,0.49965,0.504386,0.49838,0.501898,0.500008,0.499975,0.500516,0.50214,0.49757,0.503494,0.567571,0.402883,0.580328,0.481726,0.535793,0.503602,0.501598,0.446054,0.530395,0.528206,0.426693,0.474625,0.50319,0.519692,0.54202,0.520381,0.571508,0.525191,0.466309,0.497673,0.597334,0.510642,0.444224,0.461715,0.529286,0.472071,0.491287,0.520589,0.47302,0.446812,0.505448,0.528013,0.488551,0.56641,0.524646,0.533905,0.507933,0.401849,0.536668,0.457076,0.499812,0.500572,0.4883,0.451635,0.554882,0.421433,7.61053,9.0617,7.05449,9.62048,7.7107,8.18363,8.20214,9.02941,8.15772,7.82222,9.31031,8.97691,8.18968,8.31498,7.60823,7.93265,7.55245,7.86653,8.73145,8.25979,7.1702,8.44791,8.45076,8.19307,7.80635,8.16014,7.87785,9.7769,9.00048,9.01371,8.1456,9.39595,8.40014,6.65439,8.99009,7.13286,8.70377,9.07706,7.21121,8.26161,8.60695,7.62252,8.39745,8.93634,8.12479,9.76021,6,4,7,6,2,5,6,8,17,4,2,4,6,5,7,10,5,12,2,5,15,4,6,4,8,1,3,8,3,3,15,11,11,9,18,1,0,4,8,6,12,2,2,2,13,7,14,6,0,4,1,2,4,3,3,2,2,4,2,15,10,16,4,2,0,6,6,10,3,10,2,6,9,5,11,9,8,17,6,4,9,4,2,3,2,3,2,1,5,7,5,8,8,5,9,8,19,6,11,1,7,12,10,8,3,1,2,8,8,7,6,3,6,6,11,17,2,3,4,2,1,0,0,2,2,2,2,2,11,7,11,19,10,13,15,14,13,15,17,21,5,17,17,20,13,9,13,3,6,2,7,10,4,3,3,2,8,8,7,7,9,9,7,15,11,12,5,14,12,12,8,6,7,7,14,8,14,13,9,9,16,9,4,5,3,8,4,0,4,2
184.14,0.745562,0.0128217,9,511,0,-113.641,9.10816,0.584964,0.724953,0.898518,0.45878,-0.513206,0.1079,0.748407,0.510072,-0.0924247,-0.583029,0.658612,0.205403,0.529393,0.60531,0.640516,-0.343808,-0.425723,-0.0183899,0.151441,0.504945,1.06978,0.0394441,-1.65602,-0.132191,-0.13724,-0.72309,0.209486,-0.00708812,-0.310044,0.212091,0.317621,0.119348,-0.00337799,1.21538,-0.608807,0.501198,-0.0822964,0.148374,-0.276098,-1.22068,-0.302282,-0.254521,-0.0263751,-0.97607,0.146484,0.0900246,-0.569405,-0.928391,0.0522077,0.856831,-0.306267,-0.141321,-0.916318,0.561686,-0.350955,-1.34197,-6.2606e-05,-0.490142,0.814374,-0.293682,0.171204,0.655344,0.301806,0.333651,0.314497,-0.441831,-0.0284342,0.359477,2.78194,0.816211,0.030382,-1.05574,0.534373,-0.146846,0.713558,0.158782,0.456462,-2.21019,-0.330745,0.526512,-0.976015,0.957584,-0.807923,0.554769,0.320831,-1.09651,-0.263899,-1.62583,0.746878,-0.563796,0.169707,0.797522,-0.22052,-1.06465,-0.630197,-0.286561,0.649926,1.06795,-0.0375006,0.769792,-0.267752,0.387644,0.274298,0.0309703,-0.782558,-0.571824,0.330943,0.115809,1.31046,-0.669285,0.33789,0.813475,1.38407,0.398596,0.612644,0.137147,-0.0946448,0.0146246,-0.0061762,-0.00654964,0.0396104,0.0331262,0.0253039,0.0477803,-0.00346287,0.00968947,0.000900463,-0.00885083,0.0714732,-0.0313339,-0.0148735,0.0145752,-0.112026,-1.11443,-0.712536,0.0647649,0.0719611,19.0644,0.574392,0.538194,0.457296,0.508999,0.562104,0.542444,0.492291,0.451521,0.554717,0.517126,0.544044,0.55032,0.553225,0.471353,0.464549,0.498466,0.512629,0.542019,0.588298,0.50329,0.365277,0.488975,0.488554,0.439976,0.517467,0.499409,0.474161,0.517684,0.526469,0.509954,0.499718,0.600011,0.449392,0.541709,0.493136,0.512374,0.476986,0.399565,0.474807,0.478782,0.4978,0.419295,0.512216,0.507509,0.452647,0.423174,0.570179,0.536009,0.459737,0.508483,0.558573,0.540018,0.492734,0.454288,0.551599,0.516144,0.541527,0.547449,0.550191,0.472995,0.466578,0.498554,0.511905,0.539618,0.583326,0.503101,0.372662,0.489608,0.489211,0.443391,0.516465,0.499443,0.475642,0.516669,0.524952,0.509383,0.499734,0.594411,0.452279,0.539325,0.49353,0.511664,0.478306,0.405187,0.476251,0.479999,0.497926,0.423854,0.511515,0.507078,0.45535,0.42752,0.268678,0.374893,0.63921,0.469974,0.302789,0.361596,0.525728,0.656954,0.324322,0.443022,0.356641,0.337472,0.328757,0.594633,0.616434,0.505123,0.457907,0.362917,0.232865,0.489012,0.863601,0.536763,0.538162,0.691222,0.441899,0.501975,0.585532,0.441183,0.412421,0.466797,0.500941,0.205142,0.663398,0.363882,0.522912,0.458756,0.576322,0.795819,0.583431,0.57044,0.507348,0.747961,0.459279,0.474939,0.653524,0.737813,0.345195,0.418996,0.590414,0.480789,0.369755,0.410126,0.516458,0.602389,0.384785,0.463476,0.4068,0.393815,0.387842,0.56094,0.57526,0.503276,0.473049,0.41101,0.318156,0.492974,0.764943,0.52353,0.524428,0.626031,0.462752,0.501263,0.555006,0.462291,0.443661,0.478753,0.500602,0.296087,0.60678,0.411656,0.514656,0.473594,0.549025,0.704699,0.553639,0.545215,0.504698,0.667186,0.47393,0.483969,0.600061,0.6596,9.60169,9.03636,7.00465,8.84838,8.33231,8.08158,8.20681,6.93118,9.34937,7.76096,9.62439,9.2933,8.21882,8.29442,7.85603,9.04788,8.81568,8.07619,8.67021,8.34561,6.91526,8.51714,8.40906,8.15772,7.76526,8.18959,7.87072,9.78269,8.99058,9.19286,8.30053,9.48701,8.42654,9.08099,8.64819,8.70968,8.71571,7.2695,7.87889,8.28562,8.62852,7.52656,8.45827,8.39885,8.11533,7.67946,0,0,2,1,1,13,7,8,6,5,5,4,12,6,11,8,9,4,4,9,7,12,7,8,14,1,0,1,2,4,2,8,6,13,9,3,1,1,7,6,11,1,2,1,12,11,14,2,5,5,2,2,1,3,5,1,2,1,2,24,6,10,9,4,2,3,3,10,1,5,3,3,4,5,9,5,3,8,1,2,1,3,2,5,1,3,7,2,5,5,10,6,8,12,8,9,17,19,21,6,7,12,9,9,1,0,4,3,6,6,4,4,6,8,6,6,5,2,2,2,9,0,1,2,2,2,3,3,5,9,10,17,14,9,16,19,15,12,10,12,9,13,10,10,17,13,12,3,5,6,5,4,5,4,0,2,5,9,7,10,7,15,8,5,13,8,10,23,8,15,12,16,22,17,13,15,15,15,6,6,6,11,4,9,7,18,0,7,3,1
195.81,0.997539,0.0128217,9,1023,0,-120.77,9.22171,0.502387,0.545694,-0.62903,1.03443,-0.772529,0.905828,-0.918923,-0.132129,0.263897,-0.218275,0.657005,-0.265143,1.04285,0.92521,0.416744,0.0427914,-0.339561,0.540877,-0.823748,0.709521,0.519489,0.399477,-0.891265,0.358157,0.209655,-0.0788088,-0.303696,-0.15621,-0.273214,0.526198,0.710528,0.646558,0.335744,-0.721283,0.120368,-0.308702,0.442397,-0.171099,0.210019,1.22083,-0.0555249,0.450798,0.453698,-0.206549,0.48968,0.120937,0.442467,-0.314177,0.283908,-0.91376,-0.30398,-0.531269,0.96493,-0.192003,-0.241054,0.516163,-0.278777,-0.552533,0.147152,0.150055,-0.0303626,-0.821822,-0.177935,0.882582,-0.399686,-0.20935,-0.144318,0.38118,-1.66148,0.608673,0.0297853,-0.304149,0.0245593,0.130909,0.394109,1.22299,0.192977,-1.25917,-0.494021,0.400355,-0.779056,0.177791,-0.773574,1.10078,0.0169181,-1.03277,-0.520939,-0.822737,0.406347,-0.701102,-0.0304266,0.791616,-0.34582,-1.11373,-0.736917,-0.24668,0.856741,0.910855,-0.662593,0.0323189,-0.619955,0.246715,-0.139324,-0.183371,-0.110051,-0.381964,0.52806,-0.18117,0.500345,-0.484439,-0.0645983,0.293722,1.07615,0.149121,0.0720469,-0.0596878,0.0136064,0.0142275,-0.0179811,-0.00619821,0.0268741,-0.048695,0.0304015,0.0411295,0.0164905,0.0187562,0.00160777,-0.0283608,0.052357,-0.0445631,-0.0180678,0.00963488,0.349472,-0.152571,-0.347963,0.0732562,0.0811015,24.3086,0.364666,0.713608,0.335855,0.689861,0.307672,0.470879,0.557966,0.451987,0.641035,0.441763,0.715124,0.693509,0.59093,0.509441,0.425633,0.617126,0.325848,0.65163,0.612656,0.587241,0.312896,0.578374,0.546128,0.482618,0.433389,0.465587,0.440007,0.614061,0.651831,0.638911,0.573543,0.346017,0.526534,0.432304,0.596391,0.462319,0.546208,0.746017,0.487751,0.598175,0.59879,0.454552,0.606395,0.526659,0.596406,0.431119,0.562525,0.398085,0.576585,0.410464,0.590802,0.513199,0.473655,0.521797,0.434726,0.526469,0.39728,0.408591,0.458454,0.495724,0.533878,0.446164,0.581575,0.429575,0.448278,0.460168,0.588127,0.464273,0.479063,0.507874,0.530309,0.515604,0.527273,0.447614,0.429476,0.435752,0.466502,0.571577,0.487975,0.530807,0.45591,0.51709,0.479027,0.380377,0.505548,0.455077,0.45479,0.520627,0.451226,0.487918,0.455903,0.531352,0.523975,0.460626,0.529432,0.465504,0.534993,0.50504,0.489936,0.508325,0.474961,0.510112,0.460307,0.464768,0.48411,0.498368,0.512949,0.479381,0.531379,0.472963,0.480196,0.484768,0.533943,0.486342,0.492004,0.503006,0.511582,0.505958,0.51042,0.47994,0.472925,0.475358,0.487197,0.527484,0.495409,0.511773,0.483132,0.506526,0.49199,0.453568,0.502118,0.482812,0.482702,0.507878,0.481331,0.495387,0.48313,0.511981,0.554502,0.410973,0.566801,0.421847,0.579264,0.511492,0.47706,0.518979,0.443094,0.523049,0.410264,0.420203,0.463811,0.496278,0.529504,0.453087,0.571172,0.43859,0.454932,0.465305,0.576916,0.468884,0.48177,0.506855,0.526394,0.513585,0.523749,0.454353,0.438504,0.443992,0.470827,0.562418,0.489531,0.526828,0.461591,0.51488,0.481738,0.395368,0.50483,0.460865,0.460614,0.51796,0.457505,0.489481,0.461585,0.527303,7.3084,9.12866,7.08206,8.37775,6.90511,7.86696,8.11187,7.7607,8.88944,7.70295,9.41114,9.2144,8.54367,8.1347,7.36754,8.80313,7.07181,8.90156,8.66966,8.27867,6.99024,8.52347,8.1237,8.11635,7.65547,7.98609,7.84185,9.71858,8.95459,8.9322,8.20032,9.27342,8.28596,7.4842,7.81366,7.65378,8.70534,9.35073,8.11036,8.42036,8.64083,7.61006,8.38936,7.93557,8.114,7.69437,6,1,6,7,1,14,10,3,6,6,2,7,4,8,9,6,8,12,18,14,22,5,7,5,3,5,0,0,2,3,11,21,11,13,9,2,2,1,8,16,6,0,6,3,19,19,23,8,2,7,1,0,3,2,4,0,1,1,1,9,10,11,13,1,5,3,5,3,9,3,7,8,10,4,7,10,7,7,1,1,1,2,3,5,2,1,1,4,3,4,2,15,15,11,10,10,9,7,8,3,7,10,18,3,7,3,2,4,10,3,6,8,7,6,4,7,5,3,6,1,0,5,2,2,3,3,4,3,5,2,6,17,8,4,17,14,13,16,9,4,8,13,6,18,9,4,11,3,9,2,5,4,12,0,1,3,8,4,5,10,9,10,1,7,13,9,5,7,5,7,16,13,6,11,11,13,11,11,15,6,5,7,6,4,3,2,6,4,4,6
189.091,0.982493,0.0128217,9,511,0,-118.401,8.42309,0.660574,0.286918,0.282493,0.686036,-0.768956,-1.07342,2.22508,0.236037,-0.310931,-0.281592,-0.685575,0.0341914,0.516277,0.845434,0.546293,0.0148613,-0.173079,-0.699953,0.202841,-0.360075,0.79397,-0.0756631,-1.01559,0.174303,0.0858295,-0.0830254,-0.235843,-0.543683,-0.749669,1.01839,0.587884,0.0647381,-0.195404,1.06678,-0.504213,-0.183914,-0.711327,0.776279,0.347668,-1.27776,-0.302967,0.245628,0.325466,-0.691056,-0.00463943,-0.644875,0.00561029,0.386577,-0.161886,0.660177,-0.281274,0.229193,-0.590465,0.190672,-0.110975,-0.25325,-0.181255,0.153718,0.183151,-0.117623,0.0734428,-0.0877405,0.65848,0.549341,0.44172,-0.210423,-0.0506711,0.340754,1.15901,0.692606,0.0218054,-1.26661,0.148219,-0.367997,1.06604,-0.19341,-0.0865975,-0.993378,-0.867276,0.50748,-0.604375,0.676168,-0.446408,1.03728,0.221488,-0.391076,0.328238,-1.60776,1.08387,-0.416466,0.225792,0.562347,0.0474168,-0.766654,-0.134518,-0.00851464,1.14334,0.924732,-0.434119,-0.14906,-1.12584,0.274709,0.971413,-0.473961,-1.38821,-0.339762,0.369687,-0.0616234,1.03509,-0.00660383,-0.179048,0.110409,0.704436,0.520684,0.274282,-0.148975,0.453748,-0.00515538,-0.0262813,0.00232245,-0.0108127,-0.0550126,0.00589448,0.0257922,0.00979971,-0.0468855,-0.00679727,0.0359553,-0.0551396,0.0105688,0.0269851,0.00212587,-0.0235504,-0.877278,-0.526396,0.124244,0.184377,16.579,0.538719,0.593117,0.395938,0.356709,0.772473,0.532371,0.457402,0.461404,0.406944,0.504696,0.570432,0.614065,0.574467,0.502041,0.476248,0.405039,0.527828,0.45071,0.607344,0.48961,0.364032,0.52392,0.511785,0.4886,0.467656,0.425883,0.398475,0.636324,0.580043,0.50889,0.47319,0.642452,0.431193,0.474764,0.403534,0.605024,0.547603,0.331386,0.458488,0.533682,0.544579,0.406217,0.499363,0.412351,0.50077,0.552892,0.531155,0.575185,0.415891,0.383634,0.727675,0.526042,0.465718,0.468944,0.424865,0.503776,0.556767,0.592291,0.560036,0.501641,0.480896,0.423314,0.522385,0.460321,0.58679,0.491645,0.389692,0.519239,0.509477,0.490833,0.473979,0.440248,0.417962,0.610602,0.564558,0.507149,0.478435,0.615672,0.444549,0.479702,0.422088,0.584894,0.538318,0.362527,0.466593,0.527098,0.535879,0.424274,0.499488,0.429264,0.50062,0.542586,0.438359,0.353922,0.66253,0.719441,0.124334,0.448417,0.567773,0.561446,0.645986,0.492502,0.388667,0.322637,0.382429,0.496741,0.537887,0.648865,0.45563,0.578321,0.332581,0.516588,0.709088,0.461846,0.481185,0.518201,0.551541,0.61703,0.658736,0.290407,0.373849,0.485805,0.542751,0.281738,0.608815,0.540249,0.651135,0.336035,0.424335,0.754165,0.566058,0.446337,0.4291,0.647084,0.501018,0.637778,0.49877,0.416019,0.462893,0.410687,0.599834,0.637619,0.236625,0.468978,0.540827,0.536989,0.589254,0.495501,0.432474,0.390542,0.4286,0.498044,0.522761,0.591085,0.473332,0.547244,0.397009,0.509956,0.630556,0.477078,0.488707,0.510924,0.530997,0.571064,0.597395,0.369101,0.423247,0.491481,0.525692,0.36319,0.565967,0.524184,0.592531,0.399241,0.454375,0.662086,0.539786,0.467721,0.457274,0.589952,0.500611,0.584059,0.499262,0.449302,8.6025,9.01254,6.94373,7.48056,10.2823,8.07232,8.13596,7.49049,7.51509,7.84544,9.60351,9.23384,8.42072,8.30168,8.29087,8.23747,8.51299,7.40232,8.69828,8.40037,7.14596,8.48092,8.33863,8.20483,7.5419,7.99926,7.76837,9.85593,8.94535,9.09624,8.26578,9.34293,8.45696,8.0354,7.88536,9.11361,8.77307,6.81103,8.26952,8.51824,8.65078,7.46612,8.48022,7.76116,8.06355,8.71942,0,2,0,4,2,7,6,3,3,3,1,5,12,18,7,10,8,5,9,7,5,3,7,6,7,1,1,0,4,3,9,2,8,7,8,6,3,6,12,13,4,9,1,5,13,41,7,2,9,13,0,3,3,4,5,2,0,0,1,20,10,15,11,3,5,1,9,9,3,5,4,17,9,6,3,7,8,11,2,2,4,4,6,2,7,5,9,5,3,5,8,9,15,15,7,14,12,6,9,5,3,7,9,11,1,1,1,4,9,10,2,7,5,6,6,29,5,2,3,1,2,0,1,0,5,1,1,1,8,5,5,12,7,8,14,5,5,8,13,8,11,8,9,4,7,3,9,5,9,5,3,8,6,5,3,2,6,3,10,10,3,3,6,5,10,6,10,8,10,4,3,6,13,7,10,8,7,10,6,1,4,8,2,3,8,8,1,4,5,1
205.907,0.983756,0.0128217,8,255,0,-127.455,8.61245,0.564852,0.325591,0.511904,0.819613,-0.818328,-0.92874,0.97068,-0.0567699,-0.118817,-0.611983,-0.0490553,-0.027781,0.404799,0.671545,-0.266327,-0.135207,-0.502464,-0.391085,-0.196072,0.109064,0.737614,-0.142079,-1.10954,0.233253,0.121159,-0.226982,-0.304129,-0.401396,-0.675738,0.8682,0.716506,-0.0839074,-0.195519,0.891188,-0.826015,-0.144472,-0.571651,0.576778,0.0405713,-0.290601,0.364221,0.330323,0.363205,-0.664414,-0.0214552,-0.555969,-0.0816631,-0.36897,-0.222701,0.771514,-0.027379,0.14975,-0.208038,0.390751,-0.141489,-0.0349117,0.169302,0.007432,0.346783,-0.173575,0.0145479,-0.123999,0.83287,0.443126,-0.132214,-0.117168,-0.0455875,0.353226,0.0565847,0.697015,0.0175232,-1.04863,0.378977,0.194207,0.901629,-0.0648591,0.690023,-0.784743,-0.538054,0.644886,-0.211191,0.185176,-0.281976,0.95927,0.144914,-0.875348,0.155148,-1.61879,0.696515,-0.655694,0.331155,-0.360263,-0.403129,-1.07403,-0.739127,-0.457141,1.12498,1.16129,-0.511418,-0.0959546,-0.996475,0.330845,0.995728,-0.87375,-1.22383,-0.230601,-0.031149,-0.764336,0.581778,-0.0594457,-0.259238,0.363877,0.623706,0.391414,0.114123,0.304997,-0.27208,-0.000836527,-0.0288499,-0.0060766,-0.016632,0.0518295,-0.00266517,0.0191055,-0.0153571,0.0370864,0.00100173,-0.00667938,-0.00587451,0.00146131,-0.0300201,-0.0121214,0.0606631,-0.548778,0.392737,0.0787942,0.173219,17.9237,0.556468,0.589813,0.410325,0.398541,0.605906,0.493711,0.48684,0.432616,0.494566,0.496922,0.544724,0.573851,0.47053,0.485026,0.444565,0.456783,0.478293,0.51208,0.580994,0.484266,0.379501,0.525817,0.513419,0.474876,0.466359,0.45565,0.425695,0.595011,0.578715,0.490706,0.478354,0.597464,0.409501,0.484001,0.437008,0.563551,0.504494,0.467851,0.540262,0.536528,0.54015,0.426922,0.497623,0.438719,0.490954,0.459216,0.483086,0.472935,0.527022,0.53066,0.467959,0.501876,0.503927,0.520217,0.501621,0.500918,0.486623,0.477818,0.508802,0.504469,0.516602,0.512924,0.506481,0.496395,0.475639,0.504696,0.536609,0.492291,0.495995,0.507502,0.510051,0.513264,0.522321,0.471334,0.476335,0.502773,0.506462,0.470577,0.527276,0.504775,0.518886,0.480945,0.498659,0.509604,0.487963,0.489083,0.487997,0.521947,0.500709,0.518368,0.502699,0.512193,0.430228,0.389412,0.610421,0.62473,0.36989,0.507788,0.516295,0.58318,0.50673,0.503811,0.444691,0.408896,0.536474,0.518541,0.568502,0.55345,0.526874,0.485042,0.400163,0.519483,0.647688,0.468043,0.483384,0.531101,0.541628,0.554848,0.59166,0.383091,0.402946,0.51151,0.526798,0.380114,0.611423,0.51981,0.57779,0.421523,0.494434,0.539785,0.450196,0.454805,0.450334,0.590157,0.502944,0.57569,0.511202,0.550448,0.550092,0.579785,0.420338,0.40981,0.594168,0.494426,0.488336,0.4402,0.495184,0.497272,0.539661,0.565556,0.473875,0.486728,0.450825,0.461677,0.480758,0.510707,0.57192,0.486054,0.392753,0.522886,0.511894,0.477729,0.470175,0.460671,0.43404,0.584427,0.569889,0.491762,0.480813,0.586618,0.419602,0.485819,0.444107,0.55639,0.503983,0.471498,0.5357,0.532387,0.535601,0.435133,0.497893,0.445628,0.491983,0.463836,8.80812,9.02753,7.06928,7.9912,8.95277,7.87112,8.33364,7.28641,8.21728,7.90165,9.60843,8.97616,7.65037,8.12652,7.92958,8.7701,8.06241,8.04581,8.70765,8.30913,7.10118,8.51467,8.29218,8.20006,7.61056,8.04484,7.75603,9.78435,9.02347,9.09365,8.25284,9.38079,8.31232,8.01235,8.36689,8.772,8.71103,7.85843,8.8513,8.5125,8.65154,7.46485,8.4362,7.87325,8.07108,7.8803,7,4,2,4,2,11,7,14,8,13,7,2,13,8,16,13,23,9,3,7,7,14,20,24,6,0,4,3,6,3,14,14,10,6,12,1,5,4,6,8,4,5,6,4,20,25,10,6,11,9,2,1,9,7,5,0,1,3,2,26,14,11,11,7,10,5,15,4,6,6,12,3,4,3,2,3,3,3,2,3,0,2,1,1,3,5,4,6,5,7,4,15,15,20,17,18,6,23,19,1,3,5,10,10,2,1,0,4,3,7,9,2,16,11,19,17,1,1,2,1,0,2,1,1,7,4,4,3,2,4,5,5,7,7,6,4,8,1,10,8,5,9,7,4,9,7,17,3,8,3,1,0,4,1,7,5,3,7,7,8,7,5,3,9,10,5,3,9,6,9,10,10,7,14,8,7,2,4,7,4,5,8,10,11,7,5,6,18,3,2
212.082,0.988474,0.0128217,9,511,0,-134.472,9.46111,0.56201,0.208005,0.161332,0.353424,-0.915496,0.562662,-0.766816,0.695024,-0.321722,0.264546,0.0716724,0.0336904,0.710868,0.641759,0.383501,-0.148753,0.585223,0.892783,0.155648,-0.0481297,0.815499,-0.344511,-1.1663,0.240019,-0.295361,-1.07478,-0.0853229,-0.505655,-0.758029,0.967164,0.519052,0.199546,-0.341956,0.0997076,-0.306929,0.228553,0.48793,-0.681228,-0.00265568,1.04483,0.192008,-0.20122,0.226496,-1.07381,-0.123477,-0.184215,0.391835,-0.291963,0.0679833,-0.600465,-0.0207197,0.293482,-0.0204829,-0.3353,-0.258925,0.100344,-0.304906,-0.0837055,0.0238347,0.246572,0.0525929,-0.213722,-0.0398514,0.516615,-0.131055,-0.569832,-0.0485098,0.369062,0.61364,0.701376,0.0231078,-1.12551,0.270949,0.00487848,0.40395,0.696011,-0.323855,-1.38776,-0.912736,0.446368,-1.36131,0.796235,-0.952395,0.917067,-0.442653,-0.312022,-1.35414,-1.39857,0.990203,-0.244891,0.211552,0.60081,0.230155,-0.871537,-0.742937,-0.320542,1.05905,1.09152,0.475992,-0.154053,-0.420864,-0.0578823,0.337957,-0.597437,-0.75123,-1.05838,0.763812,-0.251443,0.471666,-0.358527,0.236963,0.0838595,1.30606,0.667189,0.52951,-0.636713,-0.107699,0.00726674,0.0438829,0.00369854,0.0144024,0.0470272,-0.0123844,-0.0197876,-0.00681672,-0.0476483,-0.00888685,0.00287154,0.00915372,-0.0116556,-0.0118625,0.0293032,0.0906538,-0.394782,-0.923879,0.101887,0.119679,21.1603,0.520825,0.54552,0.383916,0.572163,0.402238,0.588813,0.458544,0.534114,0.509256,0.504351,0.590793,0.582135,0.549369,0.480797,0.575013,0.613305,0.520092,0.493784,0.603794,0.455622,0.353765,0.53096,0.461927,0.364648,0.488982,0.435062,0.40333,0.622377,0.566639,0.525749,0.45595,0.512875,0.460442,0.529484,0.562686,0.412914,0.499657,0.63176,0.524778,0.474035,0.529219,0.364764,0.484058,0.476226,0.550435,0.462363,0.494714,0.488423,0.529959,0.481573,0.525103,0.477244,0.510539,0.491333,0.497652,0.498896,0.476726,0.478986,0.487438,0.504874,0.480835,0.470782,0.494901,0.501577,0.473307,0.511286,0.538138,0.492137,0.509676,0.535156,0.502795,0.516561,0.524815,0.468354,0.483,0.493462,0.511202,0.496733,0.510055,0.492512,0.484019,0.522305,0.500087,0.465821,0.493709,0.506592,0.49258,0.535124,0.504045,0.506035,0.487165,0.509565,0.484083,0.465175,0.589384,0.444695,0.575109,0.431831,0.53171,0.473914,0.492927,0.496675,0.430297,0.436998,0.462222,0.514677,0.442497,0.412787,0.484643,0.50475,0.420202,0.533949,0.613117,0.476329,0.529118,0.604513,0.50842,0.549741,0.574261,0.405688,0.44895,0.480316,0.533698,0.490161,0.530256,0.477458,0.451992,0.566832,0.500262,0.398318,0.481059,0.519849,0.477661,0.604421,0.512184,0.518173,0.461405,0.528784,0.462806,0.419087,0.699687,0.372891,0.670058,0.344768,0.573766,0.4392,0.483452,0.492219,0.341469,0.355968,0.412338,0.534304,0.36803,0.304741,0.464112,0.511115,0.320076,0.578907,0.746025,0.444789,0.567799,0.729673,0.519697,0.614712,0.66826,0.290379,0.38236,0.454041,0.578331,0.476987,0.57042,0.447406,0.389173,0.652347,0.500613,0.275819,0.455768,0.546342,0.447876,0.729497,0.528489,0.542446,0.410474,0.567029,8.57608,8.99259,6.79064,7.60199,6.94942,8.51392,8.26879,8.05333,8.48006,7.80611,9.43962,9.09025,8.18068,8.24399,9.2398,9.63394,8.57,7.71848,8.64265,8.24439,7.15645,8.66034,8.29783,8.13981,7.67865,8.03366,7.76381,9.80668,8.95901,8.8925,8.24713,9.33265,8.35011,8.8589,7.52204,7.88499,8.74837,9.73151,8.78067,8.39863,8.64586,7.46585,8.48107,8.41602,8.05078,8.09064,0,0,2,0,2,2,10,7,19,1,3,4,15,9,9,9,4,6,3,14,12,4,5,5,6,0,1,2,1,3,8,12,7,7,5,1,0,1,11,6,8,2,2,2,12,8,12,4,5,6,5,5,1,0,0,1,1,1,3,9,14,20,28,4,8,6,7,4,4,0,3,4,6,8,4,4,3,8,1,2,4,2,6,0,6,3,6,2,1,3,2,13,10,16,13,12,23,11,12,10,4,8,9,5,5,1,5,2,9,3,4,2,2,11,5,7,5,3,2,3,5,6,5,1,2,1,2,1,7,13,10,8,7,12,6,12,12,4,21,13,17,11,7,9,12,10,6,4,3,4,3,1,3,2,6,3,6,13,8,9,6,5,3,10,7,12,11,17,9,12,12,14,12,7,7,6,11,16,6,7,9,15,7,10,6,12,6,1,7,3
211.894,0.969064,0.0128217,8,255,0,-139.187,9.70245,0.547256,0.138515,0.547075,0.320828,-0.696384,0.140863,-0.0590036,-0.0689544,-0.473382,-0.641478,0.0884305,0.0637026,0.754244,0.557714,-0.0374168,-0.0514141,-0.913036,0.133239,0.1058,0.317619,0.908898,-0.251057,-1.13517,0.24742,-0.410087,-1.1904,-0.162289,-0.490934,-0.694184,0.676969,0.65831,0.319167,-0.368026,0.0800311,-0.439521,0.190701,0.186567,0.219992,0.137317,1.00114,-0.293848,-0.334958,0.416231,-1.1273,-0.128154,-0.650996,0.0969462,-0.228824,-0.204415,0.0770322,0.0543168,0.195646,0.0210626,0.0746914,-0.195535,-0.0913704,-0.380795,-0.191427,0.0988433,0.152928,-0.130924,-0.0489608,0.0814521,-0.0884411,0.0886845,-0.531179,-0.0577839,0.351814,1.25729,0.598984,0.0481035,-0.618661,0.799203,0.441702,0.11897,0.454371,0.230487,-1.10256,-0.404959,0.77207,-0.811247,-0.103021,-0.213183,0.927606,0.228266,-0.809821,-0.758656,-1.41455,0.524656,-0.633765,0.201756,0.319241,-0.151008,-0.406557,-1.19222,-0.104933,0.870601,0.756595,-0.147501,-0.132823,-0.416373,0.169496,0.530304,-0.247728,-0.809716,-0.757165,0.33477,-0.376698,0.670811,-0.315545,-0.539703,0.0702102,1.11773,0.281014,0.126985,-0.669385,0.415215,-0.00787284,-0.00190653,0.0442826,-0.00426861,-0.0353856,0.00933589,0.0470035,-0.00227161,0.0125601,-0.0160116,0.0486809,-0.0871111,-0.0592243,0.0213163,0.045137,0.021019,-0.308367,-0.797628,0.125643,0.0963725,20.636,0.487906,0.492907,0.515392,0.496886,0.501305,0.501525,0.510465,0.514179,0.498045,0.498592,0.48333,0.487671,0.500827,0.501137,0.520177,0.497054,0.497661,0.492978,0.479915,0.505551,0.525078,0.49453,0.509066,0.526296,0.503588,0.510853,0.515344,0.485036,0.485449,0.492944,0.508136,0.49823,0.509717,0.495784,0.495875,0.495136,0.496964,0.477879,0.506497,0.507405,0.490798,0.524904,0.502833,0.51439,0.497857,0.505059,0.512127,0.507113,0.484565,0.503123,0.498692,0.498471,0.489506,0.485782,0.501961,0.501412,0.516716,0.512363,0.49917,0.49886,0.479768,0.502954,0.502346,0.507042,0.52014,0.494434,0.474853,0.505485,0.490909,0.473632,0.496402,0.489117,0.484614,0.515005,0.514591,0.507076,0.491841,0.501774,0.490257,0.504228,0.504136,0.504877,0.503044,0.522182,0.493485,0.492574,0.509227,0.475027,0.497159,0.485571,0.502149,0.494927,0.457925,0.475287,0.55348,0.489142,0.504549,0.505316,0.536429,0.549292,0.493183,0.495089,0.442115,0.45711,0.502884,0.503964,0.569926,0.48973,0.491844,0.475534,0.430386,0.519345,0.586629,0.480935,0.531572,0.590754,0.512509,0.537775,0.553313,0.448,0.449423,0.475415,0.528341,0.493831,0.533832,0.485303,0.485621,0.483047,0.489416,0.423427,0.522638,0.5258,0.467956,0.586041,0.509878,0.550019,0.492527,0.517633,0.392608,0.436371,0.6354,0.471941,0.511764,0.513747,0.59329,0.625196,0.482374,0.4873,0.353976,0.390586,0.507461,0.510251,0.674424,0.473456,0.478915,0.437001,0.326301,0.549896,0.712066,0.450822,0.581053,0.721014,0.532316,0.596664,0.634994,0.368195,0.371664,0.436697,0.572864,0.484047,0.586757,0.462046,0.462866,0.456244,0.472645,0.310338,0.558329,0.566398,0.417755,0.710778,0.525532,0.626973,0.480678,0.545503,8.81945,8.99495,7.09096,7.95427,7.73084,7.72085,8.1143,7.14608,8.35901,7.85403,9.58953,8.83013,7.75251,8.21862,7.67293,8.9661,8.37645,8.10894,8.70253,8.3375,7.13062,8.51862,8.26117,8.15975,7.62715,8.05427,7.85023,9.61634,8.93113,9.15275,8.22007,9.41225,8.39109,8.86431,8.00015,8.89372,8.8509,9.67793,8.25213,8.33659,8.6881,7.54114,8.46088,7.93599,8.02417,8.04051,5,6,2,4,6,14,21,11,16,2,6,9,6,4,6,7,3,9,7,8,7,4,5,9,12,0,1,0,2,3,27,13,13,6,16,6,1,1,6,14,10,7,6,7,14,12,23,6,9,3,3,2,5,3,1,0,2,2,2,7,9,5,7,5,9,1,10,3,7,8,6,8,5,7,4,1,8,6,5,2,1,1,1,2,3,2,3,4,3,2,4,15,19,13,11,12,16,17,7,4,3,8,4,15,9,1,0,6,5,4,9,7,7,4,18,13,11,3,10,3,0,4,3,2,1,1,8,2,11,6,9,19,16,9,13,14,6,6,14,13,11,25,11,12,14,14,16,6,2,6,2,4,3,1,3,2,3,4,0,5,7,2,9,10,9,24,13,14,8,8,17,12,8,15,28,11,22,22,17,4,4,2,14,6,4,3,5,4,5,4
212.757,0.583436,0.0128217,8,255,0,-147.785,8.95815,0.566032,0.234366,-0.753294,0.484748,-0.751505,-0.387077,0.16777,-0.275409,0.0962382,0.419303,0.293605,-0.0941374,0.922854,0.485811,0.0133882,-0.250666,0.416469,-0.607031,-0.476059,0.104543,0.695332,0.0769041,-1.23295,-0.235896,-0.184255,-0.510814,-0.287021,-0.555919,-0.790519,0.803066,0.363585,0.382506,0.162182,0.16227,-0.195298,-0.278518,-0.391239,-0.324174,-0.296772,-0.828802,0.127852,-0.168551,0.177022,-0.920028,0.269059,0.751613,-0.559132,0.297478,-0.201435,0.00548444,0.0608114,-0.35596,0.0670328,0.0767252,-0.0329478,-0.178922,0.281665,-0.140648,-0.0115475,-0.247395,0.0801623,0.204962,-0.0754278,0.63946,0.065227,-0.206788,-0.0788997,0.368451,0.490897,0.697851,0.0444106,-0.972194,0.869473,-0.205175,0.365313,0.142009,0.185991,-1.04967,-0.983786,0.746466,-1.02613,0.840967,-1.14021,0.880697,-0.429911,-0.422013,-0.267208,-0.870804,0.918322,-0.300347,0.15138,0.270782,0.124237,-1.25855,-0.84841,-0.472516,0.936749,1.23222,-1.39518,-0.00396925,-1.24508,0.0737598,0.0260431,-0.556194,-0.616544,-0.681808,0.727891,-0.596092,1.22334,-0.299939,0.690842,0.305863,1.21789,0.380965,0.0820974,-0.577573,-0.528117,0.055361,-0.049918,-0.03042,-0.0461873,0.0173928,-0.0153874,-0.0105519,-0.0622755,0.0377116,-0.0103774,0.0419838,-0.0287172,0.0166805,-0.0246713,-0.0325901,0.0941399,-0.413307,0.0566483,0.181076,0.0350485,18.7044,0.38185,0.57688,0.38212,0.438434,0.526795,0.456085,0.51538,0.566633,0.5468,0.484955,0.643395,0.577046,0.50214,0.460013,0.566188,0.404157,0.424477,0.516706,0.609363,0.512292,0.312508,0.46236,0.470578,0.419057,0.454244,0.412052,0.376248,0.625633,0.557864,0.560846,0.525904,0.525918,0.468819,0.455592,0.437779,0.448361,0.452698,0.37052,0.520428,0.473081,0.528269,0.35702,0.542907,0.617896,0.411555,0.547413,0.487719,0.507904,0.487748,0.493688,0.502736,0.495509,0.501569,0.506837,0.504788,0.498465,0.515044,0.507921,0.500218,0.495913,0.506791,0.490103,0.492238,0.501705,0.511337,0.501254,0.479905,0.496153,0.496995,0.491671,0.49532,0.490936,0.487112,0.513092,0.505929,0.506237,0.502645,0.502646,0.496815,0.495458,0.493621,0.494714,0.495161,0.486488,0.502085,0.497252,0.502887,0.485002,0.504387,0.512254,0.490883,0.504851,0.577213,0.450079,0.577032,0.53991,0.482672,0.528426,0.490057,0.456783,0.4697,0.509726,0.405784,0.449971,0.498617,0.525877,0.457074,0.562396,0.549032,0.4892,0.428644,0.492054,0.62471,0.524355,0.519029,0.552586,0.529622,0.55719,0.580963,0.417775,0.462502,0.460559,0.483249,0.483239,0.520169,0.528747,0.540338,0.533446,0.530626,0.58481,0.486793,0.517409,0.481717,0.593934,0.472228,0.422957,0.557518,0.469301,0.489333,0.506865,0.489359,0.494518,0.502376,0.4961,0.501363,0.505938,0.504158,0.498667,0.513067,0.50688,0.50019,0.49645,0.505898,0.491404,0.493258,0.501481,0.509846,0.501089,0.482546,0.496659,0.497391,0.492766,0.495935,0.492128,0.488806,0.511371,0.505149,0.505417,0.502297,0.502298,0.497234,0.496056,0.494459,0.495409,0.495797,0.488265,0.501811,0.497613,0.502507,0.486973,0.50381,0.510643,0.492082,0.504213,7.66548,9.00999,7.07443,7.88879,8.08719,7.59833,8.25896,8.36447,8.81897,7.79825,9.52149,9.03072,7.91688,8.21862,8.61202,7.83699,7.97027,8.01745,8.66811,8.23763,7.14097,8.23491,8.2723,8.28641,7.58552,8.01856,7.76082,9.75435,8.8961,8.92778,8.3317,9.35091,8.29051,8.16836,7.88421,8.11803,8.7966,7.56309,8.77236,8.28962,8.69041,7.46313,8.44957,8.98059,8.04505,8.82324,3,5,1,0,2,8,9,9,5,1,3,5,5,9,4,11,5,7,6,8,2,4,8,6,6,1,0,2,1,1,7,21,18,16,16,1,5,3,19,14,7,3,1,1,7,23,18,3,3,5,3,3,2,2,3,0,1,1,4,14,11,14,12,3,12,1,7,4,2,6,11,8,3,7,7,13,3,3,2,1,1,5,1,2,0,3,3,2,9,0,4,6,11,10,9,8,14,24,23,0,3,3,8,3,1,0,1,5,8,9,4,11,7,11,2,4,4,0,2,3,0,1,2,2,0,1,5,1,4,6,10,23,25,18,17,10,15,21,17,22,21,18,15,7,11,24,10,7,2,2,4,0,3,5,4,1,18,13,10,8,7,7,9,23,23,13,25,21,28,12,31,17,21,13,22,15,19,25,24,7,10,9,9,4,8,5,6,3,1,5
224.352,0.951494,0.0128217,8,255,0,-154.647,9.08299,0.370228,0.148388,0.0974578,0.409227,-0.719499,0.582596,-0.312991,-0.336301,-0.216305,-0.516916,-0.209481,-0.0322746,0.611832,0.422148,-0.0949267,-0.102838,-0.458689,0.268123,0.0836219,0.181065,0.623573,-0.164961,-0.878547,0.31018,-0.14034,-0.411984,-0.0650302,-0.58412,-0.775871,0.321955,0.44631,0.282505,-0.1511,-0.115921,-0.11494,0.0278752,0.185654,0.458064,-0.0535259,0.287379,0.106901,-0.0630469,0.212628,-0.52233,-0.118895,-0.0854105,0.0491416,-0.4634,0.0331473,-0.0341994,-0.142751,0.174093,-0.0151262,-0.183713,0.0220994,0.253694,-0.29208,0.00734138,0.0770175,0.173167,0.120087,-0.216463,0.118833,1.10323,0.660342,-0.420306,-0.154782,0.360782,1.92278,0.851928,0.0381072,-0.715139,0.405006,0.544842,0.288195,0.777785,0.635958,-0.989087,-1.38422,0.608278,-1.382,0.197642,0.0609642,1.1227,0.03021,-0.825726,-0.634839,-1.75646,0.630276,-0.663763,0.228107,0.286247,0.427948,-0.251082,-1.08875,-0.375644,0.387435,0.509258,0.0116133,0.111541,-0.686608,-0.0348352,0.358224,-1.13184,-0.410863,-0.969732,0.407525,-0.621181,0.85107,-0.415538,0.144255,0.496352,1.04667,0.467466,-0.132007,-0.13595,-0.330071,-0.0568817,-0.0534896,0.0434475,-0.0357973,-0.0358007,0.0127544,0.00294336,-0.0123258,0.00332404,-0.00408152,0.0606244,-0.0486788,-0.0287623,0.0139785,-0.0114337,0.033556,-0.474035,-0.637884,-0.0140735,0.00953232,17.854,0.526854,0.610989,0.311359,0.655372,0.414522,0.408295,0.440623,0.361173,0.442479,0.491099,0.66262,0.614372,0.473842,0.471667,0.376122,0.573416,0.523047,0.549774,0.66551,0.454628,0.275032,0.584725,0.46137,0.388288,0.482072,0.344248,0.298183,0.587876,0.620668,0.577292,0.458422,0.468072,0.468341,0.507688,0.551027,0.623716,0.485241,0.578604,0.52945,0.482618,0.558377,0.359796,0.467255,0.476461,0.51355,0.374904,0.516083,0.567149,0.383406,0.595009,0.448513,0.444709,0.464352,0.415484,0.465473,0.494672,0.599653,0.569243,0.484334,0.48303,0.424851,0.544148,0.513801,0.529856,0.601513,0.472794,0.3589,0.551028,0.476848,0.432404,0.489266,0.404748,0.374645,0.552951,0.573151,0.546503,0.475076,0.480872,0.481034,0.504602,0.53061,0.575048,0.491165,0.5473,0.517641,0.489593,0.535044,0.414616,0.480382,0.485904,0.508112,0.424091,0.488452,0.451654,0.58445,0.431393,0.537024,0.53977,0.525612,0.560954,0.524805,0.503825,0.427997,0.450138,0.511248,0.512185,0.554146,0.468268,0.490091,0.478555,0.426634,0.519539,0.602636,0.463307,0.516625,0.548669,0.507706,0.568784,0.590925,0.461919,0.447305,0.466571,0.517899,0.513734,0.513618,0.496697,0.478013,0.445928,0.506343,0.465996,0.487334,0.507471,0.474823,0.561586,0.514086,0.510121,0.494177,0.554697,0.484463,0.435108,0.612767,0.408148,0.549748,0.553426,0.53444,0.581694,0.533357,0.505147,0.40365,0.433083,0.515133,0.516394,0.57263,0.457346,0.486668,0.471157,0.401849,0.526282,0.636548,0.450696,0.522365,0.565324,0.510369,0.592087,0.621264,0.448837,0.429303,0.45507,0.524077,0.518478,0.518321,0.495555,0.470428,0.427467,0.508535,0.454299,0.482959,0.510053,0.466144,0.582534,0.518951,0.513617,0.492164,0.573366,8.44086,8.98009,6.80891,8.73734,7.37223,7.33954,8.23286,7.08764,8.00742,7.76791,9.49421,8.89721,7.67939,8.15786,7.89324,9.01544,8.42132,8.06921,8.68672,8.30523,7.08325,8.74051,8.20583,8.21779,7.72162,8.07483,7.81238,9.63313,8.9309,9.03565,8.32479,9.37318,8.47478,8.44347,8.18276,9.04818,8.66826,8.80941,9.04472,8.31498,8.60333,7.67068,8.37024,8.41753,8.09972,7.65162,0,4,4,4,3,5,7,8,6,7,6,14,12,8,10,2,6,8,12,10,15,8,9,15,15,1,4,2,0,2,7,12,7,17,11,0,3,2,5,9,9,2,12,8,7,17,17,2,7,5,3,1,0,2,5,0,1,1,0,14,12,11,9,3,2,4,4,6,9,5,4,6,2,9,6,9,17,12,4,2,0,2,2,0,1,3,2,1,7,5,2,13,25,7,3,7,5,5,7,7,9,4,1,5,4,1,3,2,1,2,1,6,0,3,8,5,3,4,1,1,4,7,5,6,1,2,4,0,4,2,5,8,12,7,12,17,10,17,14,12,8,17,26,24,10,9,7,2,4,2,2,1,4,3,4,2,3,9,5,12,15,15,5,20,13,13,13,11,11,16,10,12,13,8,20,7,17,18,9,5,9,11,8,3,6,6,5,7,2,4
235.505,0.964968,0.0128217,8,255,0,-160.485,8.6985,0.368585,0.108582,-0.0328945,0.445443,-0.651511,-0.391164,-0.372566,0.711636,-0.236732,0.165535,-0.170292,-0.0761341,0.521451,0.535332,0.213086,0.00514958,0.276795,-0.141787,-0.00196027,0.299249,0.471901,-0.212541,-0.747488,0.147427,-0.18441,-0.559863,-0.179377,-0.420828,-0.624269,0.457903,0.500273,0.213738,-0.177867,-0.0142193,-0.149202,0.173233,-0.862365,-0.0910281,-0.259388,-0.162691,-0.0249946,-0.0507578,0.299128,-0.627125,-0.118277,-0.00283296,-0.361199,0.567641,-0.0217211,0.0509118,0.0475009,0.0811086,0.0581797,-0.0282806,-0.0706955,-0.176202,0.122429,-0.112702,-0.000876718,-0.113404,-0.189966,0.124404,0.127169,1.02822,0.775965,-0.272618,-0.108631,0.359661,1.75233,0.620295,0.0491724,-1.29577,0.782001,-0.138869,0.0747536,0.2537,-0.147922,-1.0506,-0.997286,0.925873,-0.810776,0.578214,-0.32445,0.619546,-0.0691252,-1.18092,-0.468972,-1.47598,0.66387,-0.359898,0.0611214,-0.207516,0.0856918,-0.317878,-0.396429,-0.866508,0.573016,0.76549,-0.657484,0.262233,-0.969121,-0.134584,-0.136221,0.219163,-0.953485,-0.731044,0.469063,-1.24083,1.1769,-0.658598,0.774131,0.236359,1.17182,0.159117,-0.211906,-0.826435,0.580101,0.0397292,0.0356624,-0.0525202,0.0165197,0.0320873,-0.0237993,0.0629881,-0.0225147,-0.0203874,0.0159995,0.0317802,0.0114372,0.00299106,-0.0409355,0.0177246,0.0132471,-0.455763,-0.295653,0.19754,-0.0214148,25.2892,0.491545,0.612543,0.33852,0.400783,0.405384,0.675182,0.439445,0.542449,0.456337,0.480439,0.63092,0.634237,0.554557,0.501324,0.570675,0.463617,0.499496,0.576322,0.618979,0.445582,0.316786,0.537824,0.452738,0.359931,0.454021,0.393481,0.34482,0.615579,0.625835,0.554722,0.454405,0.496345,0.461722,0.544413,0.291791,0.476618,0.433716,0.458277,0.493575,0.486955,0.576292,0.344157,0.469634,0.499272,0.408205,0.641909,0.493619,0.585562,0.376237,0.424695,0.428225,0.634647,0.454205,0.532068,0.467013,0.485235,0.599799,0.602382,0.541243,0.500999,0.55349,0.472522,0.49962,0.557792,0.590535,0.458862,0.358927,0.528568,0.464287,0.393068,0.465259,0.419081,0.381211,0.587906,0.595848,0.541369,0.46555,0.497242,0.471088,0.533555,0.338684,0.482349,0.44985,0.468481,0.495151,0.490155,0.557769,0.380689,0.477071,0.49945,0.430386,0.608371,0.503748,0.449419,0.573693,0.544452,0.542349,0.419619,0.526947,0.481148,0.519393,0.508674,0.440864,0.439305,0.47574,0.499413,0.468503,0.51615,0.500223,0.465956,0.446438,0.524198,0.584355,0.483208,0.521,0.563447,0.520427,0.547803,0.570654,0.448015,0.443244,0.475666,0.520255,0.50162,0.516994,0.480272,0.597013,0.51037,0.52952,0.518529,0.502848,0.505783,0.46597,0.570973,0.513473,0.500323,0.541063,0.435681,0.502431,0.467123,0.548007,0.52888,0.52751,0.447594,0.517491,0.487767,0.512584,0.505627,0.461534,0.460514,0.484255,0.499619,0.479553,0.510478,0.500145,0.477896,0.465177,0.515704,0.555026,0.489105,0.513627,0.541287,0.513255,0.531065,0.546011,0.466206,0.46309,0.484207,0.513144,0.501051,0.511026,0.487199,0.563397,0.506728,0.519163,0.512023,0.501847,0.503752,0.477905,0.546221,0.508741,0.500209,0.526672,0.458142,8.15165,9.06113,7.01382,7.76191,7.40186,8.92365,8.26628,8.16147,7.95741,7.8197,9.47071,8.95099,8.22859,8.20548,8.99178,8.53669,8.19542,8.34998,8.5919,8.30039,7.15285,8.40668,8.17286,8.14347,7.6738,8.17142,7.88856,9.67175,8.90223,9.03931,8.34933,9.36322,8.52621,8.67851,7.1119,8.30481,8.72036,8.20352,8.7292,8.36176,8.62059,7.55363,8.43352,8.5968,8.07449,8.99584,4,1,0,3,5,20,10,17,19,4,2,4,12,3,4,5,7,7,8,10,7,8,2,4,4,3,0,2,4,4,22,24,14,30,14,5,4,5,9,9,16,8,9,5,8,11,12,12,4,11,1,3,3,3,6,0,0,1,1,10,10,9,7,1,6,3,7,11,8,6,10,5,1,4,10,9,16,8,9,3,5,7,7,5,3,2,7,1,2,3,1,5,12,12,25,15,20,7,14,2,3,10,4,9,2,0,2,4,3,6,6,0,6,12,4,4,11,8,7,1,2,3,3,0,4,2,1,1,16,15,12,27,21,21,14,11,21,10,26,20,17,17,28,17,37,20,14,5,1,2,2,2,2,5,1,1,25,17,19,8,13,5,11,18,23,15,21,17,28,21,26,26,10,25,36,21,21,26,16,6,6,8,7,7,4,3,5,2,3,1
238.464,0.971342,0.0128217,8,255,0,-166.541,7.98639,0.345589,0.0899396,0.20536,0.47277,-0.749295,0.149578,0.579997,-0.464138,-0.108419,-0.0989751,0.0397738,-0.200716,0.730262,0.420212,-0.171443,-0.126358,-0.405443,0.638551,-0.122004,-0.447748,0.431679,0.039063,-0.797861,0.110976,0.063452,-0.229609,-0.307853,-0.142183,-0.518627,0.735686,0.400299,0.502181,-0.0459149,0.461063,0.0291392,-0.078944,0.60937,0.123683,0.0888197,0.0515682,0.191313,0.0195355,0.172113,-0.510868,0.109836,0.0553616,-0.099469,-0.526861,-0.0982675,0.0455037,-0.0607846,-0.0582497,-0.0980244,-0.0675939,-0.0675355,-0.032312,-0.0873858,-0.0526901,0.0817963,0.124806,0.0891791,0.00732957,0.0140245,1.018,1.03645,-0.205827,-0.0619143,0.356722,1.66822,0.708161,0.0330872,-0.429887,0.616709,-0.191754,0.0973589,0.0283039,0.0663061,-1.52398,-0.558263,0.371527,-0.837226,0.454686,-0.675332,0.837678,0.0983787,-0.071901,-0.398362,-0.870497,0.466236,-0.666526,-0.0398329,0.426192,0.0271937,-0.86055,-0.825721,-0.110575,0.128136,0.247626,-0.492675,-0.0526164,-0.801463,-0.192295,0.0661241,-0.883135,-0.353508,-1.47589,0.830862,-0.498651,1.2002,-0.462418,-0.185986,0.274158,1.07397,0.368628,0.123362,-0.727168,-0.603947,0.0259234,-0.0362509,-0.0293932,0.0378721,0.043696,-0.0167827,-0.0136762,-0.0699747,0.0262261,0.00170329,0.0156899,-0.0262359,-0.0112649,-0.0341123,-0.0302732,0.0102877,-0.158075,0.214375,0.11802,-0.0384083,16.441,0.552075,0.61805,0.318042,0.537994,0.643466,0.384026,0.472435,0.474832,0.510121,0.449095,0.67774,0.605343,0.456478,0.467886,0.398255,0.657021,0.46899,0.387981,0.608128,0.50994,0.307417,0.528213,0.516143,0.441829,0.422286,0.463877,0.370992,0.678945,0.600489,0.625093,0.488317,0.615233,0.507415,0.47992,0.650296,0.531436,0.522589,0.513121,0.548536,0.504972,0.543691,0.372837,0.527924,0.514086,0.474707,0.369038,0.553011,0.620107,0.315051,0.53868,0.645917,0.382002,0.471937,0.474377,0.510304,0.448178,0.680677,0.607194,0.455693,0.467306,0.396463,0.659671,0.468429,0.386021,0.610024,0.51012,0.304291,0.528724,0.516435,0.440784,0.420901,0.463225,0.368762,0.681897,0.60226,0.627262,0.488105,0.617245,0.50755,0.479556,0.652849,0.532004,0.522998,0.513359,0.54941,0.505062,0.544479,0.370636,0.528429,0.514341,0.474249,0.366777,0.491885,0.481325,0.529577,0.494089,0.477095,0.518334,0.504284,0.503911,0.498428,0.507931,0.471173,0.4834,0.506775,0.504993,0.516017,0.474787,0.504821,0.517687,0.482947,0.498456,0.531489,0.495614,0.497492,0.509073,0.512164,0.505619,0.520484,0.470959,0.484186,0.480165,0.501814,0.481787,0.498848,0.50312,0.475937,0.495112,0.49649,0.497962,0.49244,0.499228,0.493199,0.520178,0.49566,0.497812,0.503931,0.520809,0.511004,0.525316,0.459929,0.508016,0.531044,0.475146,0.49419,0.494696,0.502132,0.489245,0.539058,0.522506,0.490813,0.493228,0.478284,0.534169,0.493462,0.476022,0.523119,0.502094,0.457344,0.505947,0.503401,0.487697,0.483507,0.49238,0.472233,0.539347,0.52144,0.526888,0.497539,0.52469,0.501562,0.495769,0.532612,0.506628,0.50476,0.502764,0.510252,0.501047,0.509223,0.472648,0.505886,0.502967,0.494669,0.471794,8.63932,9.00587,6.96177,8.36092,8.96527,7.38349,8.07789,7.93683,8.38676,7.78174,9.50604,8.96456,7.82631,8.13307,7.62713,9.37147,8.13971,7.40807,8.74377,8.30313,7.12925,8.49547,8.38536,8.19089,7.61904,8.25592,7.68701,9.80211,8.93459,9.169,8.17332,9.42646,8.45209,8.16786,9.05337,8.47729,8.66396,8.36721,8.76492,8.31828,8.58869,7.51404,8.41118,8.32802,8.07247,7.52774,4,4,1,7,4,12,9,11,17,4,8,3,4,6,5,4,10,3,8,4,7,9,9,7,7,0,2,0,2,2,8,14,14,11,13,6,3,3,12,14,11,4,3,2,13,21,12,9,4,11,1,9,2,11,4,1,0,9,3,4,14,6,8,2,4,5,10,5,6,12,6,12,5,8,11,11,2,10,3,4,2,6,2,1,4,4,3,5,0,4,7,6,8,9,5,4,8,5,11,0,3,5,4,5,2,1,1,5,6,1,7,5,9,6,3,4,1,2,0,3,0,4,0,0,0,0,1,3,12,12,12,10,15,26,13,9,24,28,8,18,28,38,18,18,24,17,20,2,3,2,1,6,2,4,5,1,2,5,4,4,7,8,8,24,26,15,17,30,25,31,27,18,25,21,24,26,26,19,28,9,5,11,13,8,3,5,3,5,3,1
227.962,0.964063,0.0128217,8,255,0,-141.907,8.59221,0.340018,0.126905,-0.147274,0.258352,-0.472724,-0.273425,-0.793994,0.368309,-0.108904,0.196063,-0.251088,0.124459,0.441287,0.182617,0.122423,-0.0481153,0.496937,-0.732116,0.117358,0.568314,0.588972,-0.0522088,-0.670766,0.276285,-0.185439,-0.420822,0.0772819,-0.461161,-0.408942,0.457592,0.410845,0.191989,-0.108523,-0.0936689,-0.256286,0.00271345,-0.662578,-0.0814474,-0.158231,0.155659,-0.153473,-0.202353,0.200705,-0.649962,0.0233307,-0.0758182,-0.0137458,0.593249,-0.148406,0.123734,-0.202255,-0.00561102,-0.0522818,-0.0967207,-0.0132415,-0.0682145,0.0389109,-0.166484,-0.0370276,-0.00804921,-0.020763,0.0274651,0.18479,1.28847,1.04894,-0.460414,-0.0981594,0.368555,1.16798,0.717605,0.0405616,-1.12269,0.528155,-0.0381707,0.747464,0.659923,0.2411,-1.65962,-0.953173,0.882041,-1.21447,0.745757,-0.700967,0.85435,-0.0500122,-1.00841,-0.621228,-1.48856,0.86926,-0.261231,0.357541,-0.44631,-0.119414,-0.823326,-0.662026,-0.907998,1.14143,1.31709,-0.0732604,-0.269857,-0.122731,0.146651,0.577187,-0.0562454,-1.49298,-0.14345,0.00744785,-0.758682,0.753565,-0.506284,0.487349,0.392214,0.603201,0.585121,0.129246,-0.173365,0.49581,0.015709,-0.0192121,0.0233351,-0.0343706,-0.0450992,0.0251404,-0.0311047,-0.0199625,0.0537506,-0.031195,-0.0227575,-0.0254652,0.00104416,0.0212534,-0.0278825,-0.0225712,-0.199736,-0.705436,0.0369569,0.172214,15.38,0.452702,0.58246,0.352267,0.412825,0.264436,0.616461,0.464977,0.562822,0.419818,0.540005,0.638437,0.558554,0.539353,0.484506,0.654819,0.280232,0.537731,0.6753,0.681109,0.483189,0.29645,0.588068,0.440549,0.367672,0.524873,0.355674,0.371238,0.643272,0.629334,0.56153,0.4651,0.469864,0.418188,0.500874,0.298655,0.473788,0.449207,0.549973,0.450724,0.435185,0.564293,0.302071,0.507515,0.475597,0.495572,0.682305,0.461456,0.567337,0.378515,0.428786,0.303043,0.5954,0.471473,0.551234,0.434534,0.532591,0.613698,0.547742,0.53206,0.487385,0.627441,0.316924,0.530736,0.644769,0.649717,0.486312,0.331017,0.571949,0.451524,0.391404,0.520255,0.381372,0.394376,0.617744,0.606101,0.550177,0.471572,0.475457,0.433195,0.500712,0.332921,0.478655,0.458601,0.540729,0.459841,0.447134,0.552438,0.335867,0.506118,0.480128,0.496395,0.650737,0.507353,0.487102,0.523588,0.51365,0.539564,0.481617,0.505438,0.490211,0.512535,0.493786,0.477979,0.490882,0.493887,0.502403,0.475206,0.536492,0.49414,0.471652,0.470624,0.502607,0.533444,0.486207,0.509259,0.521001,0.496141,0.523011,0.520409,0.477166,0.479496,0.490414,0.505419,0.504677,0.512795,0.499865,0.533037,0.504067,0.5079,0.492228,0.507663,0.510103,0.489979,0.53241,0.498835,0.503786,0.500686,0.470411,0.52595,0.454563,0.582605,0.548072,0.636478,0.435408,0.519197,0.465478,0.544166,0.478065,0.422798,0.467838,0.478423,0.508485,0.413247,0.62632,0.479315,0.401094,0.397598,0.509206,0.616137,0.451428,0.532657,0.573675,0.486374,0.58062,0.571625,0.419993,0.428047,0.466193,0.51913,0.516513,0.545076,0.499521,0.61477,0.51436,0.527877,0.472576,0.52704,0.535626,0.464663,0.61266,0.495886,0.513368,0.502424,0.396876,8.03202,9.05312,6.8679,7.51946,6.35429,8.27684,8.18791,7.98915,7.8576,7.86859,9.55407,8.58881,7.86516,8.19936,9.20196,7.60784,8.47888,8.60444,8.63777,8.28364,7.17038,8.74589,8.305,8.19362,7.78898,7.84816,7.93407,9.66149,8.96945,9.13905,8.18855,9.16557,8.38338,8.62247,6.88264,8.48027,8.808,8.88065,8.36063,8.27657,8.61921,7.54073,8.41129,8.24376,8.1134,9.26692,1,3,2,3,2,4,4,5,5,4,7,7,25,19,9,17,13,14,7,15,6,9,4,8,7,0,2,1,1,3,12,19,12,15,18,2,6,1,7,9,14,6,0,0,14,5,12,5,5,7,0,1,2,0,1,0,2,0,3,15,19,12,19,3,8,2,7,6,2,7,4,0,4,5,1,2,4,1,3,0,2,2,3,6,5,4,5,4,1,3,2,26,17,17,11,16,14,21,19,7,5,5,4,3,7,4,6,5,3,3,5,5,11,5,10,10,9,2,2,1,0,3,3,0,3,8,1,3,6,8,4,8,16,13,6,11,6,7,3,15,13,12,13,10,4,14,10,0,0,1,3,5,3,2,5,1,17,4,8,4,8,12,9,7,4,6,8,9,6,3,4,6,6,7,6,5,3,8,7,10,11,6,2,9,8,8,6,2,8,2
236.267,0.997051,0.0128217,8,255,0,-160.481,8.91156,0.461497,0.120018,0.28909,0.208843,-0.567591,0.295432,0.85291,-0.392998,0.0727101,-0.38526,0.508452,0.0776228,0.680409,0.347459,-0.175178,-0.187552,-0.645391,0.82665,-0.232188,-0.573329,0.736838,0.0972753,-0.931975,0.147213,-0.342174,-0.744348,-0.0138379,-0.262794,-0.670708,0.632211,0.318958,0.28235,0.0269087,0.316256,-0.153766,-0.0129804,0.76037,-0.125505,0.00111826,-0.310282,-0.0520501,-0.2035,0.169168,-0.748896,0.213272,0.0756663,0.159822,-0.702496,-0.0980925,0.102606,0.0804006,-0.180677,-0.110474,0.0321929,-0.16529,-0.018731,-0.0258966,0.0518987,0.254161,-0.00402476,0.0230077,-0.0129222,-0.0548048,1.2012,-0.672746,-0.460931,-0.000857041,0.360637,-0.155799,0.748866,0.0154545,-1.12112,0.360795,0.605836,0.776636,0.400203,0.785678,-0.928529,-0.0127996,0.477166,-0.487294,0.465394,-0.335863,1.39241,-0.152142,0.322518,-0.385904,-1.24519,1.31811,-0.319487,0.39697,0.838004,0.327165,-1.05009,-0.774609,0.312655,0.942041,1.14903,0.354646,0.177141,-0.771172,0.283328,0.765084,-0.778536,-0.49051,-0.743911,0.552893,-0.0808065,0.634275,0.684177,-0.393192,0.421291,0.93111,0.594934,0.278004,0.320103,0.210821,-0.00221152,-0.00284972,-0.00744738,-0.0298141,0.03269,-0.0308424,-0.000336986,-0.013734,-0.00112973,0.0046682,-0.00281043,-0.0334937,-0.00633969,-0.0147607,0.00755994,0.132828,-0.653543,-0.303051,-0.0426555,0.182767,23.1683,0.585952,0.562389,0.335862,0.587799,0.735851,0.384127,0.521821,0.386328,0.648112,0.523293,0.693664,0.602853,0.447587,0.443915,0.315346,0.729674,0.430723,0.334326,0.707876,0.529179,0.246107,0.544093,0.398668,0.290262,0.495845,0.421732,0.308817,0.681226,0.594628,0.583986,0.50808,0.593846,0.453955,0.496102,0.713686,0.462382,0.500336,0.407886,0.484374,0.439192,0.550627,0.289138,0.563698,0.522707,0.547848,0.300727,0.451532,0.464933,0.594318,0.450475,0.360362,0.565715,0.487774,0.564435,0.415309,0.486948,0.387522,0.441827,0.529429,0.531502,0.606872,0.364444,0.538972,0.595248,0.378551,0.483645,0.651805,0.475261,0.557296,0.622637,0.502327,0.544084,0.610928,0.395245,0.446561,0.452655,0.495474,0.44701,0.525838,0.502183,0.374834,0.521096,0.499812,0.551996,0.508753,0.534173,0.471579,0.623356,0.464192,0.487277,0.473146,0.615999,0.452907,0.465931,0.591687,0.45188,0.364146,0.56386,0.488122,0.562616,0.417682,0.48732,0.390627,0.443473,0.52859,0.530605,0.603912,0.368129,0.537864,0.592593,0.381885,0.484112,0.647732,0.475966,0.555675,0.619273,0.502261,0.542832,0.607863,0.398151,0.448075,0.453998,0.495604,0.448511,0.525102,0.502121,0.378261,0.520494,0.499817,0.550523,0.508503,0.5332,0.472389,0.619973,0.465211,0.48764,0.473911,0.612803,0.478112,0.484183,0.542897,0.477632,0.435739,0.529739,0.494492,0.529155,0.461554,0.494119,0.448632,0.4737,0.513269,0.514206,0.548741,0.437696,0.517584,0.543328,0.444406,0.492631,0.570143,0.488849,0.525901,0.556156,0.501048,0.5199,0.55064,0.452248,0.475854,0.478621,0.497961,0.476058,0.511648,0.500983,0.442646,0.509507,0.499915,0.52349,0.503943,0.515413,0.487186,0.556496,0.483848,0.494268,0.487894,0.553023,8.83425,9.01102,6.86316,8.21102,8.92152,7.11497,8.22205,7.12621,9.15265,7.80575,9.59722,8.91945,7.43343,8.13319,7.17581,9.80224,8.06769,6.85495,8.75961,8.25823,7.07023,8.62613,8.20121,8.14766,7.67097,8.14735,7.55883,9.68057,8.87788,9.0236,8.15456,9.23645,8.38206,8.68451,8.87806,8.51876,8.82538,8.24774,8.45711,8.40411,8.65841,7.61848,8.42878,8.22641,8.05877,7.38941,2,0,2,1,3,3,10,2,6,8,8,6,22,10,19,23,19,13,8,12,18,7,9,2,12,2,1,1,9,5,3,3,7,14,9,2,2,2,8,5,8,10,3,3,22,13,16,0,0,3,4,5,2,3,1,2,1,3,1,12,12,15,18,3,7,5,6,7,6,3,4,7,6,8,3,9,4,2,2,0,2,2,1,2,2,2,2,5,1,6,7,23,9,9,15,10,17,20,15,11,12,1,1,8,2,3,3,2,1,3,2,3,12,9,15,16,1,2,1,4,1,7,4,1,2,1,2,1,6,6,6,8,9,10,7,8,12,7,2,9,11,9,10,2,7,11,8,5,3,3,5,3,6,8,3,8,4,6,5,8,2,7,6,8,3,7,8,4,4,4,5,7,7,7,8,4,4,4,2,5,7,6,3,7,9,10,1,12,14,9
224.858,0.964841,0.0128217,8,255,0,-161.433,9.66839,0.546735,0.0810384,0.742536,0.163701,-0.599171,0.363016,0.679039,-0.167445,0.00850357,-0.386016,1.17212,-0.0415171,0.666915,0.519689,-0.0701771,-0.0271381,-0.60834,0.609671,-0.246136,-0.547114,0.608207,0.0680792,-1.05293,0.122334,-0.228142,-0.557132,-0.157757,-0.422362,-0.433312,1.00252,0.321937,0.440237,0.0759898,0.447674,-0.207112,-0.457125,0.460862,-0.340585,0.122089,-0.371169,-0.189178,-0.328646,0.193018,-0.830921,0.162376,0.161238,0.024434,-0.317048,-0.134641,-0.0810414,-0.00156422,-0.0880313,0.0211294,0.0161595,0.0564912,0.109496,-0.0246275,-0.0479494,-0.165178,0.0669901,0.10803,0.106558,-0.0313119,-0.0071456,-1.30466,-0.358649,-0.00989801,0.356954,-0.0411204,0.699951,0.0157689,-0.928978,0.823916,0.453311,1.01218,0.515971,0.505865,-0.303095,-0.370194,0.462708,-0.0864737,0.791258,-0.287926,1.58224,-0.00804373,0.11092,-1.27881,-1.11203,1.67907,0.0895887,0.600374,0.581229,-0.202219,-0.775181,-0.499017,0.0752509,1.08311,1.74587,0.716272,-0.0723467,-0.715262,0.112781,0.474305,-0.558793,-1.24276,-0.864511,0.613993,-0.196076,1.09107,0.751701,0.337255,0.291268,1.14134,0.493384,0.454445,0.307985,0.146242,0.00341083,-0.00141957,0.0148899,-0.0332143,0.00306957,0.0252431,-0.010078,0.00341501,-0.00805917,-0.00637142,-0.00141424,-0.033178,0.00688941,0.0125775,0.00908266,0.104129,-0.0612244,-0.878397,0.0204017,0.154897,17.4222,0.498674,0.499708,0.50107,0.499352,0.498787,0.500299,0.499985,0.50069,0.497906,0.500074,0.498809,0.499072,0.500125,0.500048,0.501087,0.498911,0.50044,0.500977,0.498914,0.499878,0.501881,0.499781,0.500408,0.500995,0.500282,0.500755,0.500774,0.498209,0.499425,0.499214,0.499864,0.4992,0.50037,0.500817,0.499177,0.500608,0.499782,0.500663,0.500338,0.500587,0.499655,0.501484,0.49971,0.499712,0.499956,0.500566,0.275129,0.446809,0.686049,0.383762,0.291954,0.554398,0.497226,0.623309,0.178108,0.513538,0.295235,0.336704,0.522873,0.508851,0.68862,0.311008,0.579598,0.671239,0.311417,0.47781,0.79798,0.460184,0.573867,0.674117,0.551274,0.634376,0.637683,0.212831,0.396513,0.360232,0.475235,0.357999,0.567145,0.64483,0.354054,0.609294,0.460263,0.61875,0.561392,0.60558,0.437375,0.747263,0.447236,0.447603,0.492031,0.60196,0.488637,0.497494,0.50917,0.494444,0.489608,0.502563,0.49987,0.505908,0.482067,0.500635,0.489794,0.492046,0.501074,0.500415,0.50931,0.490669,0.503767,0.508373,0.490692,0.498958,0.516111,0.498128,0.503492,0.508527,0.502415,0.506464,0.506632,0.48466,0.495073,0.493262,0.498837,0.493148,0.50317,0.506996,0.492946,0.505213,0.498131,0.505681,0.502896,0.50503,0.497046,0.512715,0.497515,0.497532,0.499626,0.504853,0.342485,0.464113,0.628622,0.420951,0.355153,0.536705,0.498133,0.583966,0.263164,0.509116,0.357596,0.387818,0.515406,0.505959,0.6305,0.369227,0.553842,0.617886,0.369527,0.485054,0.716038,0.473161,0.549933,0.619961,0.534588,0.591701,0.594023,0.293051,0.42977,0.404511,0.483319,0.402939,0.545357,0.599057,0.400155,0.574239,0.473215,0.580794,0.541448,0.571673,0.457715,0.674779,0.464403,0.464651,0.494635,0.569177,9.4785,8.98521,7.02726,8.23933,8.81965,7.63075,8.20386,7.32227,10.0347,7.80999,9.45781,9.17532,7.76915,8.40389,7.33731,9.37998,8.09259,7.09864,8.72342,8.28877,7.00087,8.61686,8.4276,8.1437,7.64452,7.80024,7.78498,9.68828,8.89953,9.14633,8.30004,9.4295,8.22902,8.10603,8.37594,8.26894,8.87016,8.22601,8.12865,8.28572,8.7173,7.59859,8.42295,8.42134,8.08188,7.9925,3,3,2,5,1,6,6,6,11,7,4,7,18,13,21,9,19,6,4,5,5,7,9,9,5,1,1,2,3,3,13,17,9,9,8,2,0,2,8,14,13,7,3,6,17,27,24,5,3,1,5,2,0,1,0,0,3,2,1,5,19,27,13,4,8,7,2,4,4,6,0,8,2,2,8,8,4,1,1,1,1,3,3,1,3,3,2,4,1,5,4,12,6,11,12,8,16,23,14,16,10,4,2,4,1,4,4,3,4,1,7,2,8,3,3,6,3,2,1,2,1,1,1,1,2,2,1,4,9,7,3,8,9,7,4,11,7,7,8,5,14,6,12,6,8,14,13,3,2,3,5,2,1,9,5,6,8,1,5,3,4,4,5,13,8,5,3,6,8,6,12,11,12,9,3,7,8,4,10,8,6,5,8,7,5,5,9,7,10,13
233.3,0.929271,0.0128217,8,255,0,-163.137,8.44809,0.532926,0.0720692,-0.831968,0.532372,-0.731156,0.479225,-0.279126,-0.509179,-0.302226,0.128299,-0.67813,-0.170661,0.716919,0.670759,0.628928,-0.0171566,0.0583426,-0.881167,-0.127934,0.890205,0.390159,-0.203849,-0.904116,0.33994,-0.154001,-0.436617,-0.242716,-0.261032,-0.630979,0.735155,0.511513,0.240688,-0.388755,0.198801,-0.178741,-0.645522,-0.918422,0.15892,-0.15592,0.857874,0.211059,-0.112643,0.222727,-0.578727,-0.155459,-0.3823,-0.19873,0.261379,0.0522072,0.00837623,-0.0740645,0.235926,0.0666911,0.0257186,-0.15575,0.00928909,0.00065271,-0.100632,-0.00236573,0.0886286,-0.00430189,0.0956889,0.0991135,0.534868,1.08989,-0.269368,-0.067081,0.362743,0.783761,0.579223,0.0262463,-0.36978,0.0705129,0.650161,0.765897,0.956309,0.63292,-1.32021,-0.45791,1.13138,-0.863947,0.109085,-0.914165,0.77976,0.042069,-0.851074,0.105412,-0.761613,0.915959,-0.437845,0.0132929,0.483165,0.218802,-0.890027,-0.784854,0.026098,0.759398,0.809666,-1.30526,0.0363524,-0.835135,0.319498,0.404388,-0.176168,-0.777318,-0.270462,0.180619,-0.812145,0.21752,-0.589318,-0.181886,0.422297,1.01482,0.813135,0.372793,-0.326399,-0.153401,0.00151778,-0.0296084,0.00236416,-0.00391629,0.0134304,0.043336,0.00321961,-0.0128909,-0.030676,-0.00163503,0.00343766,-0.00676953,-0.00805599,0.0260418,0.0271539,0.14732,-0.0635961,-1.22897,-0.144184,0.0820173,25.196,0.390552,0.57071,0.403459,0.563732,0.462745,0.432332,0.459675,0.517149,0.410304,0.477196,0.594707,0.588742,0.583314,0.497706,0.507801,0.384307,0.4829,0.616837,0.551982,0.472769,0.381406,0.545331,0.479419,0.441881,0.46759,0.465152,0.416419,0.597056,0.567975,0.53214,0.448203,0.526558,0.476117,0.41453,0.379603,0.521238,0.479163,0.612741,0.528192,0.484942,0.529747,0.423226,0.479224,0.449057,0.473451,0.534894,0.287664,0.64112,0.310693,0.627686,0.424527,0.364716,0.418388,0.534901,0.323203,0.453633,0.685974,0.675037,0.664957,0.495325,0.515891,0.276802,0.465198,0.725165,0.604735,0.444684,0.271824,0.591579,0.458137,0.383229,0.434249,0.429352,0.334545,0.69024,0.635873,0.565208,0.395631,0.553957,0.451451,0.331026,0.268748,0.543193,0.457618,0.718087,0.557256,0.469346,0.560391,0.34734,0.457743,0.397315,0.446062,0.570741,0.513224,0.491537,0.511623,0.492381,0.504438,0.508095,0.504805,0.49796,0.51078,0.502713,0.488604,0.489337,0.490002,0.500273,0.499072,0.514006,0.502034,0.48585,0.493797,0.503241,0.514371,0.494596,0.502448,0.506941,0.503859,0.50415,0.510031,0.488314,0.491868,0.496173,0.506181,0.496839,0.502842,0.510262,0.514598,0.497473,0.502479,0.486364,0.496644,0.501791,0.496459,0.5092,0.502472,0.506078,0.50316,0.495844,0.735453,0.342028,0.710656,0.356875,0.584928,0.651529,0.591804,0.460663,0.697074,0.552243,0.292955,0.304842,0.315844,0.505271,0.482082,0.747048,0.539226,0.250859,0.382371,0.562306,0.752341,0.397049,0.547175,0.631019,0.574025,0.57952,0.6847,0.288335,0.34782,0.426585,0.617221,0.439222,0.554697,0.688546,0.755602,0.451328,0.547759,0.258399,0.435515,0.534554,0.431993,0.670675,0.547619,0.615345,0.560757,0.420376,7.2138,9.08606,7.07352,8.76678,7.68133,7.36982,8.22424,8.23815,7.41694,7.82924,9.60704,9.24473,8.91591,8.31225,8.71682,7.45046,8.16072,9.26074,8.59475,8.35828,7.1195,8.79973,8.15142,8.1429,7.73093,8.20496,7.70562,9.75224,9.03169,8.96572,8.10677,9.36474,8.39235,7.48666,6.87944,8.57941,8.58428,9.51793,8.85017,8.20795,8.64019,7.57589,8.42436,8.11552,8.08695,8.69288,2,2,4,0,1,6,6,9,8,7,6,2,20,19,16,15,12,13,5,8,7,8,3,7,6,1,3,0,2,1,6,18,12,6,6,3,1,3,9,11,12,4,2,1,25,11,15,5,5,2,4,2,3,1,2,3,2,4,1,16,22,9,23,2,6,3,4,2,7,3,3,7,2,5,3,6,8,6,2,2,2,2,3,1,2,0,1,4,2,2,6,7,3,9,13,4,7,10,13,1,4,1,2,9,7,4,1,3,3,6,3,9,3,5,12,6,3,2,1,4,2,3,1,1,1,1,1,2,7,5,3,5,18,12,9,15,6,12,12,13,9,11,6,11,3,8,11,2,1,2,1,1,1,2,2,2,1,10,3,8,6,10,8,3,4,6,3,4,2,3,6,4,11,6,8,12,9,14,7,5,1,5,9,3,1,0,2,1,2,4
234.203,0.966777,0.0128217,8,255,0,-170.308,8.50666,0.447126,0.0965867,-0.764259,0.423654,-0.637672,-0.0668505,-0.241593,0.357722,-0.273345,-0.490838,-0.1379,-0.133316,0.709795,0.805371,0.59429,-0.216914,0.374241,-0.716757,-1.00265,0.914432,0.366368,-0.130302,-0.887123,0.0137032,-0.0851636,-0.291583,-0.195603,-0.548007,-0.585007,0.518736,0.415097,0.325004,-0.142758,0.0960463,-0.213186,-0.367896,-0.714553,0.122708,-0.246362,0.354854,0.0128023,0.113251,0.137624,-0.628244,-0.104034,-0.980888,-0.247517,0.636057,-0.0322549,-0.114941,-0.148554,0.0493787,-0.00318798,-0.0235755,-0.0305702,0.113658,0.0972289,-0.177207,0.109182,-0.0776252,0.0439801,-0.0549246,0.0812032,1.23103,0.598753,-0.214456,-0.0986166,0.362527,0.959168,0.64289,0.0185731,-0.191811,0.0826458,0.780631,0.819215,0.742168,0.741443,-0.919897,-0.35884,0.70977,-0.5336,0.384683,-1.17611,1.0676,-0.34178,-0.70444,-0.355846,-1.12912,0.741532,0.175412,0.386914,0.185371,0.252657,-1.45247,-1.21345,-0.0220361,0.964377,1.467,-0.921428,-0.0397508,-0.756865,0.10386,0.619418,-0.318607,-0.327103,0.122099,-0.170647,-0.615778,0.597636,-0.0436391,0.238339,0.196302,0.740577,0.456173,0.35341,0.0858128,-0.574552,0.00104587,0.00265007,-0.00566121,0.0170668,0.0283075,0.0387441,-0.0109547,-0.00465214,0.0163307,-0.00474591,-0.00227472,0.0112264,0.0116273,0.00211038,-0.0216159,0.0583904,-0.0379682,-1.01591,-0.134554,0.143112,24.8639,0.280734,0.627506,0.313245,0.479438,0.426191,0.608346,0.416661,0.353375,0.457662,0.459063,0.705531,0.729371,0.675154,0.433637,0.613181,0.292691,0.225432,0.755043,0.610879,0.459984,0.251228,0.504217,0.473814,0.411214,0.440091,0.337465,0.327358,0.654432,0.62504,0.598709,0.456178,0.529525,0.434764,0.388674,0.293253,0.537693,0.424756,0.607505,0.50394,0.534798,0.542254,0.315747,0.468027,0.230143,0.424409,0.686328,0.387555,0.563078,0.405691,0.489995,0.463899,0.553343,0.459175,0.427052,0.47937,0.480055,0.604677,0.618272,0.588031,0.467576,0.555786,0.394327,0.354266,0.63356,0.554622,0.480505,0.370245,0.502051,0.487255,0.456464,0.470754,0.418698,0.413316,0.57703,0.561817,0.548496,0.478644,0.514373,0.468132,0.445152,0.394642,0.51836,0.463189,0.552919,0.501916,0.516946,0.520589,0.407053,0.484432,0.357252,0.463017,0.594076,0.507254,0.495979,0.506053,0.500635,0.502293,0.496605,0.502595,0.504659,0.501309,0.501265,0.493263,0.492356,0.494359,0.502059,0.496448,0.506803,0.509516,0.491321,0.496522,0.501237,0.50842,0.49987,0.500808,0.502768,0.501857,0.505202,0.505553,0.495076,0.49606,0.496915,0.501355,0.499088,0.502024,0.503492,0.506782,0.498835,0.502338,0.496632,0.499878,0.498925,0.498694,0.505963,0.500987,0.50931,0.502349,0.493963,0.684908,0.394032,0.656519,0.516972,0.561053,0.410133,0.568981,0.622141,0.534966,0.533808,0.327154,0.306149,0.353487,0.554869,0.40608,0.674402,0.7347,0.283132,0.40801,0.533045,0.711204,0.49652,0.521616,0.573519,0.549516,0.635695,0.644354,0.371219,0.39611,0.418198,0.536194,0.475626,0.553934,0.592365,0.67391,0.468875,0.562246,0.410839,0.496749,0.471268,0.465104,0.654355,0.526398,0.730369,0.562535,0.343852,7.31951,9.03558,7.10959,8.10117,7.67957,8.55667,8.15206,7.31862,8.21865,7.83798,9.66534,9.57957,8.89625,8.103,9.09941,7.60462,6.99312,9.342,8.5692,8.36121,7.14996,8.44115,8.29217,8.19619,7.74677,7.84047,7.78781,9.8135,9.02706,9.11541,8.34295,9.33029,8.32728,7.87942,7.16718,8.5973,8.60332,8.93608,8.65604,8.58343,8.62299,7.50648,8.39973,7.15388,8.06397,9.34278,1,3,3,1,3,12,4,5,6,7,6,7,21,21,18,7,22,15,9,6,15,18,9,10,19,3,4,0,2,4,4,5,6,11,11,2,3,4,6,10,9,1,0,1,17,20,18,4,1,4,4,1,4,1,2,1,0,1,0,15,19,12,16,7,5,6,6,1,3,7,5,3,5,3,2,1,9,9,1,2,1,1,2,1,0,1,2,7,5,6,6,4,8,16,11,6,19,21,16,6,2,2,8,1,5,4,2,5,3,2,2,2,1,1,8,3,5,3,3,6,3,5,3,3,2,2,6,1,2,1,4,3,8,5,3,2,8,7,9,11,6,14,7,7,9,13,1,6,3,2,0,1,4,4,3,9,4,4,2,7,5,2,4,7,4,8,7,2,4,3,5,6,9,6,6,3,5,4,5,3,2,8,3,6,5,4,5,3,4,3
231.258,0.916414,0.0128217,8,255,0,-152.607,9.24428,0.520775,0.0970976,0.0269498,0.325694,-0.88014,0.0881744,-0.0421544,-0.839672,-0.252673,0.406805,-0.128021,-0.115949,0.618511,0.145652,0.254917,-0.0536854,-0.895436,0.27494,0.786059,-0.825081,0.67806,-0.0873719,-1.08207,0.225661,-0.398747,-0.793915,-0.117574,-0.514345,-0.570681,0.694262,0.591531,0.269162,-0.184793,0.297274,-0.259718,-0.446677,0.410517,0.312078,-0.201616,0.59529,-0.248345,-0.266135,0.212309,-1.03848,-0.0507155,1.20082,-0.197734,-0.315041,-0.0790917,-0.278727,0.0256376,0.0381402,-0.0836053,-0.0230533,0.0409808,0.197297,-0.0770947,-0.207904,0.022556,0.044049,-0.03405,0.0265476,0.0817011,0.746163,-0.0957205,-0.378415,-0.0762247,0.357377,0.703833,0.610343,0.0162933,-1.06397,0.518658,-0.0860426,0.238449,0.569416,0.438581,-0.474276,-0.672736,0.711365,-0.686081,0.384497,-0.460048,0.829037,0.0805364,0.0792301,-0.243979,-0.951949,1.20948,-0.678331,0.311489,0.411462,-0.0703055,-0.443609,-0.197974,-0.227478,1.33447,0.899824,0.778876,0.10303,-0.401543,0.331587,0.213745,-0.398769,-1.07281,-0.789162,0.716344,-0.414642,0.939788,0.0371985,-0.253526,0.42563,0.948391,0.694252,0.226663,-0.0694434,-0.254297,-0.010568,0.00199484,0.00574935,-0.00588432,-0.0216784,-0.0152756,-0.00202489,-0.00880724,0.0118617,-0.0147052,-0.00370164,0.0171652,0.00553004,-0.00223174,-0.0244653,0.0155394,-0.207345,-0.489244,0.123627,0.129798,16.3716,0.505027,0.560458,0.341475,0.516442,0.492137,0.348297,0.453005,0.575308,0.476137,0.478384,0.613372,0.527143,0.54741,0.489987,0.338913,0.551108,0.642568,0.350773,0.623855,0.483707,0.308444,0.541996,0.426161,0.356087,0.478082,0.405214,0.395125,0.626688,0.608587,0.550041,0.465583,0.555227,0.451703,0.417439,0.575985,0.557954,0.462461,0.609255,0.453806,0.450517,0.539522,0.315425,0.490541,0.710129,0.463181,0.441501,0.499355,0.492207,0.521049,0.49789,0.501009,0.520083,0.506046,0.490266,0.503064,0.502775,0.485203,0.496515,0.4939,0.501285,0.521415,0.493421,0.481198,0.519734,0.48378,0.502091,0.525871,0.4946,0.509541,0.518989,0.502814,0.512306,0.513653,0.483392,0.485848,0.493559,0.504422,0.492887,0.506215,0.510687,0.490178,0.492532,0.504825,0.485758,0.505943,0.506368,0.49492,0.524831,0.501214,0.471296,0.504732,0.507538,0.498603,0.483124,0.545497,0.495429,0.502185,0.543416,0.513095,0.478925,0.506636,0.50601,0.467983,0.492451,0.486789,0.502783,0.546283,0.485752,0.459344,0.542665,0.46491,0.504529,0.555857,0.488305,0.520658,0.541061,0.506094,0.526637,0.529548,0.464074,0.469376,0.486051,0.509578,0.484595,0.51346,0.523138,0.478733,0.483829,0.51045,0.469181,0.51287,0.513792,0.488996,0.553624,0.502629,0.438073,0.510248,0.516325,0.496704,0.460248,0.606018,0.489217,0.505156,0.601281,0.530865,0.450407,0.515653,0.514178,0.424921,0.482193,0.468861,0.506566,0.607803,0.466422,0.405024,0.599568,0.417818,0.510685,0.629343,0.472427,0.548617,0.595902,0.514377,0.56258,0.569351,0.415891,0.42815,0.467126,0.522587,0.463704,0.531724,0.554417,0.449957,0.461903,0.52464,0.4277,0.530338,0.532505,0.474056,0.624354,0.506203,0.35721,0.524166,0.538457,8.39735,9.09113,6.91984,7.84443,7.87216,6.96549,8.20534,8.38421,8.22047,7.78793,9.45483,8.53283,8.21115,8.30531,7.47597,9.06401,9.26083,6.98196,8.69231,8.39393,7.13911,8.62411,8.26482,8.17855,7.78608,7.98711,7.92312,9.7091,9.0405,9.05742,8.28276,9.51296,8.45396,8.21027,8.21194,9.07561,8.68492,9.39775,8.28998,8.41591,8.60888,7.54099,8.43577,9.85402,8.02717,8.00718,8,2,3,1,3,3,11,6,7,3,1,2,8,1,5,8,8,15,12,6,10,4,3,7,9,3,2,3,3,3,9,11,5,13,12,0,1,3,5,6,9,3,2,3,9,16,15,4,8,11,6,3,3,3,1,0,4,2,4,21,9,10,23,3,2,1,7,7,7,3,9,5,5,5,16,8,7,9,0,0,2,1,2,2,3,6,3,4,5,5,3,14,26,11,16,13,10,9,14,15,5,8,9,11,1,1,4,7,1,3,6,2,8,4,4,9,0,5,3,1,1,0,4,1,1,1,2,1,19,10,16,14,5,5,12,11,17,11,10,14,9,12,9,15,16,14,6,2,2,1,3,3,3,3,2,6,4,3,2,8,5,2,1,8,8,5,6,5,5,4,18,15,8,12,16,9,3,15,16,11,9,12,11,13,4,7,2,8,8,8
232.832,0.877719,0.0128217,8,255,0,-165.173,9.18886,0.549694,0.0667099,-0.122916,0.414563,-1.10738,0.550079,-0.676605,-0.542793,-0.385152,-0.166983,0.631724,-0.312518,0.859677,1.07846,0.218611,-0.296247,-0.0866342,0.235546,-0.445999,0.706257,0.48807,-0.169116,-1.32006,0.0283844,-0.158414,-0.616422,-0.326399,-0.694772,-1.01363,0.636358,0.48968,0.418025,-0.40084,-0.0446329,-0.0301799,0.00892732,0.522986,-0.046035,-0.364077,0.178832,-0.302287,-0.221783,0.134325,-0.973968,-0.155632,0.386031,-0.375506,-0.777024,-0.0490976,0.146589,-0.0311639,0.0243488,0.12322,-0.0459432,0.0520652,0.00919772,0.0220582,0.0886203,0.0624809,-0.0191286,0.0741939,0.019263,-0.0762453,0.490127,-0.109947,-0.210975,-0.0892655,0.368053,1.12232,0.50322,0.0166402,-0.59209,0.595225,-0.196306,0.502073,0.145305,-0.1649,-0.803684,-0.585261,0.439778,-0.982249,0.595382,-0.15335,0.826641,-0.039398,-0.508026,-0.344745,-1.0063,0.277364,-0.193355,0.0552632,-0.148117,-0.627081,-1.20787,-0.352638,-0.41333,0.446925,1.103,-0.984721,-0.267279,-0.429292,0.190315,0.744279,-0.314324,-0.863094,-0.621879,0.401673,-0.241247,0.787548,-0.36946,0.370917,0.0520045,0.970264,0.381794,0.333938,-0.353707,0.239932,0.00458412,-0.00517263,0.00599766,-0.00249764,-0.0272893,0.00811998,0.0018668,-0.0178174,-0.00350449,-0.0330462,-0.00472308,0.00338027,0.0028621,-0.0159718,0.0116552,0.021152,-0.470507,-0.205489,0.134188,0.079453,18.711,0.484943,0.550623,0.367546,0.566997,0.417846,0.43388,0.452946,0.479551,0.576794,0.461781,0.603806,0.629152,0.526761,0.463764,0.489386,0.52883,0.445568,0.585685,0.559521,0.47929,0.343667,0.503478,0.480599,0.425038,0.460091,0.415682,0.378292,0.577348,0.559715,0.551043,0.451042,0.494531,0.496302,0.501094,0.563734,0.494359,0.455507,0.521899,0.463028,0.472851,0.516453,0.382874,0.480939,0.54716,0.454118,0.405924,0.503379,0.488607,0.530401,0.484885,0.518589,0.514915,0.510585,0.50459,0.482643,0.508589,0.476388,0.470392,0.493991,0.508142,0.502381,0.493526,0.512257,0.480597,0.486588,0.504648,0.53622,0.49922,0.504354,0.516937,0.508971,0.519088,0.527832,0.482516,0.486544,0.488512,0.511016,0.501227,0.50083,0.499755,0.485629,0.501265,0.510006,0.495085,0.508308,0.506096,0.496308,0.526746,0.504278,0.489391,0.51032,0.521345,0.514454,0.45139,0.627389,0.435655,0.578921,0.563502,0.545181,0.519632,0.426235,0.536694,0.400235,0.375798,0.474308,0.53479,0.510189,0.472322,0.55227,0.417681,0.442841,0.519882,0.650468,0.496661,0.518625,0.572004,0.538318,0.581004,0.61702,0.425701,0.442654,0.450987,0.54701,0.50525,0.50355,0.49895,0.438791,0.505415,0.542721,0.478977,0.535497,0.526064,0.484205,0.612601,0.518298,0.454717,0.544055,0.590394,0.506314,0.478716,0.556644,0.471771,0.534703,0.527856,0.519776,0.508577,0.467592,0.516049,0.455951,0.444823,0.488771,0.515214,0.50445,0.487902,0.522896,0.463782,0.474948,0.508687,0.567401,0.498542,0.508137,0.531625,0.516762,0.535631,0.551885,0.467355,0.474865,0.478538,0.52058,0.502293,0.50155,0.499541,0.473159,0.502365,0.518695,0.490814,0.515524,0.511392,0.4931,0.549869,0.507994,0.480179,0.519281,0.539833,8.34836,8.97924,6.9442,9.05305,7.40093,7.543,8.1305,7.94233,9.1503,7.78765,9.41623,9.62404,8.35223,8.16412,8.44778,8.75347,8.005,8.87023,8.63856,8.3601,7.07836,8.5092,8.37021,8.10364,7.77289,8.15456,7.81642,9.66575,8.99945,8.94739,8.11383,9.23667,8.471,8.5481,9.02428,8.48967,8.50037,8.72872,8.57143,8.30285,8.62182,7.5043,8.37443,8.95019,8.09939,7.65355,1,4,4,5,1,25,8,6,20,3,2,3,10,12,8,9,6,9,11,5,7,4,4,6,3,4,1,3,2,5,10,17,12,15,15,6,2,1,6,14,6,8,4,6,9,13,11,3,9,7,5,2,2,2,3,6,1,3,1,7,13,9,1,2,7,6,5,5,7,5,6,4,7,6,5,3,3,8,0,5,3,3,3,3,3,4,10,3,4,3,3,13,12,5,4,8,18,16,14,1,0,8,6,3,1,3,3,5,6,7,6,8,13,8,7,8,2,4,7,4,0,0,4,2,2,2,4,2,9,13,12,15,9,9,11,11,14,5,17,13,16,11,13,14,21,2,11,2,5,3,8,3,2,1,1,4,15,10,7,11,6,0,4,15,15,12,12,8,22,6,6,8,9,16,10,17,13,24,10,9,10,8,7,4,7,8,4,3,10,11
208.525,0.994769,0.0128217,8,255,0,-157.106,10.0586,0.535251,0.131924,0.179463,0.541104,-0.956504,-0.319425,-0.572,-0.0773336,-0.236239,0.907144,0.429325,-0.00743762,0.890374,0.290364,-0.229064,-0.027756,0.675508,0.416143,-0.287239,0.118384,0.676021,-0.168152,-1.20876,0.227057,-0.0338794,-0.711348,-0.159397,-0.612868,-0.930786,0.28541,0.61774,0.328342,-0.283326,-0.24602,-0.0571057,-0.204659,-0.585264,-0.999022,-0.458657,-0.303804,0.483436,0.0183739,0.304966,-1.0464,-0.129766,-0.60787,-0.515874,-0.266824,0.0252826,-0.338498,-0.061995,-0.0418209,-0.278093,0.0527981,0.12597,-0.0608677,-0.0461524,-0.406754,0.00921361,-0.0434026,-0.0096802,-0.0471792,-0.0828047,-0.0698018,0.339751,-0.312919,-0.196712,0.355931,1.59421,0.748003,0.0169344,-1.1278,0.605333,-0.0127146,0.330749,0.411628,0.280466,-1.23239,-0.999672,0.758958,-0.565395,0.774994,-0.25556,0.808028,-0.160996,-0.0379464,-0.490405,-1.9092,1.09312,-0.660131,0.452111,0.247879,-0.209982,-0.668079,-0.76862,-0.459899,1.1679,0.579866,0.959424,0.0987573,-0.222288,-0.0414856,0.0946997,-0.650285,-0.823544,-1.13899,0.454338,-0.739686,0.960539,0.25353,0.200618,0.74882,0.878527,0.620657,0.106604,-0.224038,-0.663741,-0.000448384,0.00779473,-0.0018224,-0.0164863,-0.0148322,0.0084709,-0.0223489,0.00517955,0.00107292,-0.0406537,-0.00289438,-0.0318397,0.0274488,-0.0147453,-0.0269594,-0.110424,0.250259,0.258435,0.0519732,0.0935787,24.0561,0.496868,0.490559,0.516685,0.505574,0.50998,0.50135,0.504122,0.484175,0.492509,0.50013,0.484468,0.494933,0.503997,0.500484,0.488214,0.492739,0.505012,0.497934,0.488205,0.502934,0.521081,0.496038,0.500591,0.512411,0.502782,0.510693,0.516237,0.49502,0.489222,0.494271,0.504944,0.504293,0.500997,0.503571,0.510212,0.517426,0.508003,0.505301,0.491565,0.499679,0.494678,0.518252,0.502264,0.510606,0.509001,0.504656,0.515238,0.545831,0.419464,0.472895,0.451568,0.493432,0.479945,0.576446,0.536401,0.499368,0.575055,0.524643,0.480554,0.497642,0.557126,0.535287,0.475622,0.510054,0.557168,0.485721,0.39875,0.519276,0.497122,0.439872,0.486465,0.448132,0.421594,0.524223,0.552278,0.52786,0.475953,0.479116,0.49515,0.482624,0.450452,0.415951,0.461121,0.474218,0.54097,0.501561,0.52588,0.412045,0.48898,0.448552,0.456295,0.477352,0.511226,0.533802,0.440441,0.480026,0.464274,0.495162,0.485224,0.556513,0.526835,0.499535,0.555477,0.518159,0.485673,0.498263,0.542163,0.526012,0.482037,0.507406,0.542194,0.489481,0.424946,0.514202,0.49788,0.455612,0.490029,0.461731,0.442027,0.517849,0.538572,0.520531,0.482281,0.484613,0.496427,0.487198,0.463448,0.43782,0.471336,0.481002,0.530209,0.50115,0.519071,0.434904,0.491882,0.462042,0.467769,0.483312,0.511593,0.534903,0.438514,0.479374,0.463111,0.495004,0.484742,0.558342,0.52771,0.499519,0.557273,0.518751,0.485205,0.498207,0.543533,0.526861,0.48145,0.507648,0.543566,0.489138,0.422532,0.514666,0.497811,0.45417,0.489703,0.460486,0.440151,0.518432,0.539827,0.521201,0.481703,0.48411,0.496311,0.48678,0.462259,0.435811,0.470401,0.480382,0.531194,0.501187,0.519693,0.432802,0.491617,0.460807,0.466719,0.482768,8.48055,9.00916,6.91907,7.69067,7.31495,7.82444,8.29456,8.83832,8.73791,7.89644,9.43286,8.59478,7.66815,8.2671,9.23364,8.94454,7.99982,8.02604,8.60037,8.36469,7.05106,8.52958,8.41692,8.10872,7.73991,8.11691,7.78959,9.72144,8.93195,8.85411,8.24606,9.27811,8.45708,8.24101,7.41688,7.42303,8.64951,8.13889,9.2461,8.47075,8.60982,7.37426,8.40423,7.91181,8.07325,8.02085,1,0,2,1,1,7,6,5,5,1,2,2,9,7,4,11,6,14,6,13,6,5,0,5,3,0,2,0,0,0,16,7,12,12,13,3,1,1,8,6,9,2,5,6,16,15,12,5,4,6,7,2,3,7,1,1,1,2,1,26,14,13,12,2,5,2,8,8,9,10,9,7,16,10,6,7,7,3,1,0,1,1,0,1,2,1,2,1,5,1,6,16,20,14,21,18,6,17,8,17,13,7,8,5,3,1,0,3,5,4,2,2,4,6,4,3,2,2,1,4,1,4,1,2,2,0,0,2,13,16,14,11,11,11,14,7,18,5,8,16,8,16,15,11,10,6,12,2,2,1,3,4,3,3,5,4,3,7,9,18,9,10,10,14,9,13,13,15,7,7,7,10,11,16,16,21,14,12,18,18,4,9,14,10,4,6,3,5,8,2
215.078,0.846336,0.0128217,8,255,0,-132.396,9.58977,0.630991,0.169677,0.0617009,0.476345,-0.846681,-1.68512,0.209021,-0.799819,-0.144591,-0.168111,-0.353892,0.019739,0.587704,0.930476,-1.04927,-0.0364894,0.664064,-0.372735,-0.221666,-0.232631,0.77171,0.0343291,-1.10114,0.45894,-0.249522,-0.965075,-0.0779108,-1.06621,-1.0934,0.398492,0.645825,0.315365,-0.00874976,-0.283279,-0.364242,-0.764234,-0.983376,0.131493,-0.579482,-0.246319,0.468579,-0.493412,0.34458,-1.00963,0.0331008,0.131411,-0.482437,-1.43855,-0.0529152,0.153239,0.00206891,-0.134252,0.135149,-0.127523,-0.0820572,0.0406565,0.110119,0.00477174,0.1756,0.000243408,-0.0979724,0.347962,0.104101,0.261711,0.274598,-0.430167,-0.11076,0.3543,2.09068,0.654944,0.0146991,-0.651874,0.604976,-0.207476,0.55645,0.640943,0.209586,-0.212017,-1.04228,0.695265,-0.391607,0.891115,-0.0579452,0.985608,0.513596,-0.11777,-0.477349,-1.49312,0.719147,-0.0484688,0.34875,-0.0949367,0.316103,-1.00427,-0.928686,-0.04287,0.703666,1.78881,0.77192,0.553079,-0.408634,0.486385,0.893952,-0.389085,-1.33458,-0.563811,0.609702,-0.0248818,0.920825,0.379879,0.605771,0.192706,0.634984,0.652036,0.556065,-0.00085765,-0.143178,-0.00808088,-0.00812035,-0.00533106,0.0187842,0.0269504,0.0226505,0.0245879,0.012124,-0.00789384,-0.0104464,0.00229693,-0.0114261,0.0186605,-0.00515727,-0.0125389,-0.244827,0.00111268,0.304407,0.0530224,0.180971,23.8579,0.504037,0.531126,0.444829,0.391499,0.513672,0.44786,0.490541,0.489003,0.476862,0.501291,0.538377,0.56058,0.431777,0.497613,0.543339,0.475632,0.485501,0.484784,0.55032,0.502246,0.42845,0.529991,0.48368,0.437191,0.494903,0.430689,0.428946,0.526049,0.542155,0.520622,0.499428,0.481474,0.476187,0.450164,0.436013,0.508602,0.462158,0.483889,0.53062,0.467762,0.52253,0.434324,0.502166,0.508597,0.468477,0.406975,0.504236,0.532654,0.442136,0.386338,0.514345,0.445312,0.490075,0.488461,0.475725,0.501355,0.540258,0.563531,0.428462,0.497495,0.545462,0.474434,0.484787,0.484035,0.55278,0.502357,0.424978,0.531464,0.482877,0.434133,0.494652,0.427324,0.425498,0.527329,0.54422,0.521636,0.499399,0.480563,0.475016,0.447727,0.432899,0.509026,0.460303,0.483097,0.532123,0.466179,0.523638,0.43113,0.502272,0.50902,0.466929,0.402509,0.500017,0.500133,0.499764,0.499531,0.500058,0.499778,0.49996,0.499953,0.499902,0.500005,0.500163,0.500259,0.499708,0.49999,0.500185,0.499896,0.499938,0.499935,0.500215,0.50001,0.499694,0.500128,0.499931,0.499732,0.499978,0.499703,0.499696,0.500111,0.50018,0.500088,0.499998,0.499921,0.499899,0.499787,0.499726,0.500037,0.499839,0.499931,0.50013,0.499863,0.500096,0.499719,0.500009,0.500037,0.499866,0.4996,0.504695,0.536187,0.43592,0.374499,0.515901,0.439431,0.488998,0.487209,0.473094,0.501502,0.544606,0.570341,0.420821,0.497223,0.550365,0.471665,0.483137,0.482304,0.55846,0.502612,0.416978,0.534869,0.48102,0.42708,0.494071,0.419564,0.41755,0.530289,0.548991,0.523981,0.499334,0.478455,0.472309,0.442101,0.425717,0.510006,0.456014,0.481263,0.535599,0.462521,0.526199,0.423764,0.502519,0.509999,0.463352,0.39224,8.32892,9.05258,6.90374,6.40756,7.99729,6.95227,8.18261,7.60659,7.89839,7.8012,9.39343,9.22878,6.69398,8.2272,9.02029,8.39849,8.03536,7.53975,8.58012,8.36796,7.12454,8.74043,8.30063,8.12057,7.70004,7.79257,7.76442,9.64149,8.934,9.11133,8.32333,9.32212,8.40729,7.76749,7.13374,8.69534,8.61254,8.30394,9.38229,8.04798,8.62197,7.51339,8.36669,8.46854,8.10144,6.77533,3,3,2,3,3,5,6,6,1,8,3,5,13,8,13,19,14,10,8,9,13,3,7,9,5,3,2,5,1,5,8,15,4,7,8,4,5,2,7,7,7,2,3,4,16,19,17,15,8,11,5,1,3,2,1,0,1,4,2,7,20,14,9,4,3,14,3,2,6,5,6,3,6,9,5,8,8,14,4,2,1,1,0,1,0,2,2,8,4,9,4,8,7,13,12,14,32,44,19,7,9,9,9,5,1,2,3,10,2,7,0,4,8,9,6,10,1,3,2,0,3,2,2,3,2,3,2,1,7,5,7,6,11,7,5,6,8,4,7,9,11,12,7,11,9,5,6,2,1,1,4,4,4,1,3,2,9,4,8,8,4,4,4,5,3,13,2,6,8,4,9,6,9,6,8,7,19,6,10,3,7,5,3,8,5,2,8,6,3,4
212.546,0.99172,0.0128217,8,255,0,-150.77,9.85919,0.549311,0.18021,0.611752,0.0627082,-0.810649,-0.282642,-0.141922,-0.0695157,-0.353763,-0.394977,0.866318,0.0629398,0.586458,0.608733,0.693255,-0.233413,0.185749,-0.0567632,-0.437049,-0.189213,1.01491,-0.192664,-1.28047,0.00470927,-0.655468,-1.00237,-0.0626308,-0.637268,-0.780869,0.642967,0.479442,0.224027,-0.260238,-0.158813,-0.298376,0.305542,-0.0612072,0.466173,-0.407397,0.752572,0.374692,-0.249475,0.230148,-1.39311,-0.199667,-0.443548,0.0183745,0.648688,-0.0719399,-0.0225875,-0.102491,-0.148695,-0.0686714,-0.424798,0.0963011,0.106601,-0.144848,-0.377565,-0.166088,-0.360221,-0.194181,-0.389919,-0.0592381,0.193362,-0.227424,-0.384976,-0.0848399,0.358226,1.33066,0.752198,0.0230364,-0.382359,0.84206,0.435348,0.691747,0.517465,0.526794,-1.0421,-0.66993,0.997231,-0.815874,1.04314,-0.483098,1.12472,-0.139205,-0.292579,-0.094766,-0.922379,1.25142,-0.00983241,0.432367,0.225153,0.0750456,-0.885798,-0.391347,-0.298582,1.25265,0.370224,0.306197,0.0719628,-0.505358,-0.0521153,0.951908,-0.899939,-0.703645,-0.608511,0.675212,-0.551302,1.18268,0.218742,-0.0649716,0.823484,1.03269,0.713527,0.218427,-0.0215457,0.847307,-0.00355059,-0.0165413,0.00609781,0.0416137,-0.00200138,0.00311031,-0.0258256,0.0194438,-0.0372493,0.00378603,0.0218316,-0.0113134,-0.0262103,0.011729,-0.032887,-0.0649874,-0.257701,-0.354703,0.104749,0.124802,22.0613,0.529538,0.503031,0.460893,0.48634,0.49314,0.49664,0.482906,0.480916,0.541781,0.503042,0.528319,0.529392,0.533462,0.488719,0.508978,0.497256,0.478885,0.490854,0.548904,0.490688,0.438416,0.500228,0.468357,0.451696,0.496972,0.469233,0.462324,0.531041,0.52316,0.510828,0.487423,0.492324,0.48558,0.514766,0.497041,0.52252,0.480316,0.536316,0.518105,0.487943,0.511124,0.433061,0.490349,0.478572,0.500888,0.531317,0.465274,0.496435,0.54596,0.516064,0.508068,0.503952,0.520103,0.522442,0.450903,0.496422,0.466706,0.465445,0.460666,0.513268,0.489441,0.503227,0.524828,0.510756,0.442551,0.510952,0.572292,0.499732,0.537198,0.556745,0.503561,0.536169,0.544281,0.463509,0.472768,0.487265,0.514792,0.509028,0.516958,0.482635,0.50348,0.47352,0.523146,0.457316,0.478709,0.51418,0.486918,0.578551,0.51135,0.525197,0.498955,0.463185,0.460669,0.49596,0.552037,0.518201,0.509142,0.504478,0.522775,0.525425,0.444418,0.495945,0.462289,0.460862,0.455455,0.515033,0.488035,0.503657,0.528127,0.512188,0.434985,0.51241,0.581754,0.499697,0.542129,0.564221,0.504035,0.540964,0.550139,0.458671,0.469151,0.485571,0.51676,0.51023,0.519213,0.480326,0.503943,0.470003,0.526223,0.451667,0.475879,0.516067,0.485177,0.5888,0.512861,0.528545,0.498816,0.458305,0.445964,0.49444,0.571394,0.525043,0.512582,0.506164,0.531329,0.534968,0.423777,0.494419,0.448182,0.446229,0.438833,0.520686,0.483535,0.505033,0.538678,0.516772,0.410962,0.517078,0.611634,0.499582,0.557864,0.587962,0.505554,0.556271,0.568805,0.44323,0.457587,0.480145,0.52306,0.514079,0.526434,0.472932,0.505427,0.458756,0.536064,0.433659,0.466823,0.522108,0.479603,0.621081,0.517698,0.539251,0.498371,0.442729,9.03393,9.0345,6.88449,7.92648,7.56807,7.64209,8.16073,7.30938,9.29413,7.7775,9.41954,9.03084,8.42183,8.16995,8.71226,8.762,7.96179,7.51973,8.75058,8.32542,7.09975,8.41338,8.30035,8.14545,7.64913,7.99014,7.84336,9.6364,8.89868,9.04905,8.25634,9.28676,8.51501,9.28274,8.15284,9.44695,8.66353,9.7397,9.02462,8.71537,8.64384,7.54648,8.31826,8.06895,8.081,9.07168,1,6,4,4,2,12,5,5,7,3,6,4,6,9,11,10,4,9,8,8,5,9,9,5,7,1,2,3,1,0,16,12,14,12,25,3,3,2,11,9,8,2,3,2,13,8,14,6,3,2,4,4,5,2,7,4,2,1,2,21,15,9,15,8,4,9,6,4,3,4,7,5,3,4,4,3,1,6,0,0,2,2,5,2,1,3,0,3,3,3,2,13,15,13,8,19,5,11,5,4,7,3,4,9,3,1,2,3,2,9,1,2,7,3,4,5,0,0,5,1,6,1,0,3,2,3,1,1,4,6,10,24,11,21,12,11,5,12,15,13,14,9,13,10,14,7,19,1,4,1,4,2,2,1,4,11,5,7,6,12,9,3,7,17,11,9,12,17,12,14,11,12,6,14,21,15,10,14,11,9,20,9,5,9,10,5,5,6,7,9
221.819,0.863318,0.0128217,8,511,0,-148.15,9.37716,0.507665,0.347718,-0.555979,0.27721,-0.919605,0.43149,-0.248634,-0.150251,-0.332522,0.128039,-0.922146,-0.18393,0.193085,0.212904,0.22716,-0.449446,0.524173,-0.217222,-0.667546,-0.757054,0.411479,-0.283582,-1.27091,-0.0187744,-0.263529,-0.719396,-0.283032,-0.467755,-0.631567,0.412077,0.196598,-0.143924,-0.28574,0.191669,-0.607528,0.614912,0.125889,0.160235,-0.245819,-0.540061,-0.198498,-0.506956,-0.0747233,-0.870994,-0.10409,0.225691,-0.575448,-0.0434125,-0.218642,-0.156809,0.166092,-0.113172,-0.173446,0.293462,0.0967351,0.211705,0.0338304,-0.360107,0.0633132,-0.312018,0.157482,0.102241,0.521467,0.809574,-0.748599,-0.133001,-0.0874033,0.361029,1.8936,0.653589,0.014322,-1.06916,0.456049,-0.412177,0.522934,0.474556,0.272096,-0.5535,-0.382866,0.482463,-1.24375,0.283164,-0.652775,0.822248,0.0505798,-0.350672,-0.384151,-2.03569,0.596273,-0.302433,0.0824374,0.0298318,0.19121,-0.725007,-0.770217,0.0525771,0.281148,1.35548,-0.00198442,-0.156375,-0.518219,0.160586,-0.0194164,-0.110545,-0.692151,-0.508422,0.251035,-0.379284,0.879881,-0.835277,0.337399,0.0112626,0.709433,0.639469,0.440164,-0.172575,-0.767158,-0.0193265,-0.011437,-0.0064849,0.0261475,-0.00126609,0.00126081,0.0229022,0.0129024,-0.0189025,0.00804843,-0.0144474,0.000204438,0.00890859,0.0161361,-0.0296821,-0.070646,-0.0928029,-0.612967,0.0568225,0.10153,13.6689,0.389336,0.555871,0.322023,0.586453,0.449847,0.469628,0.433103,0.525891,0.321575,0.462842,0.539,0.542984,0.545847,0.410025,0.604525,0.456149,0.368088,0.3514,0.582519,0.442856,0.263299,0.4962,0.446865,0.35838,0.442966,0.406445,0.374889,0.582637,0.539706,0.470904,0.442425,0.538715,0.37946,0.621946,0.525457,0.532385,0.450411,0.392404,0.459912,0.398812,0.484881,0.330675,0.478945,0.545552,0.385595,0.491214,0.602575,0.448306,0.665614,0.419942,0.546398,0.52809,0.561912,0.476056,0.666038,0.534368,0.463927,0.460239,0.457589,0.583329,0.403141,0.540564,0.622395,0.638008,0.423595,0.552874,0.721397,0.503514,0.54916,0.631473,0.552772,0.586657,0.616044,0.423486,0.463273,0.526909,0.553273,0.464191,0.611779,0.386909,0.476457,0.470048,0.545876,0.599718,0.537081,0.593754,0.513981,0.657467,0.519471,0.457862,0.60606,0.508124,0.512896,0.493569,0.521323,0.48999,0.505768,0.503486,0.507714,0.497029,0.521381,0.504267,0.49552,0.495061,0.49473,0.510426,0.487841,0.50504,0.515483,0.517557,0.490455,0.506579,0.529452,0.500436,0.506114,0.516684,0.506566,0.510851,0.514649,0.490441,0.495439,0.503339,0.506629,0.495553,0.514091,0.485737,0.497079,0.496283,0.505703,0.512527,0.504605,0.51176,0.501734,0.520197,0.502415,0.494764,0.513348,0.501007,0.584384,0.457622,0.637305,0.434261,0.538028,0.523008,0.550781,0.480389,0.637665,0.528156,0.470446,0.46742,0.465246,0.568442,0.420359,0.533238,0.600892,0.613974,0.437276,0.543347,0.68547,0.502877,0.540296,0.608489,0.543264,0.571192,0.595592,0.437186,0.469909,0.522041,0.543676,0.470662,0.592038,0.40687,0.480718,0.475465,0.537599,0.582012,0.530381,0.577068,0.511449,0.63039,0.515945,0.46547,0.58728,0.506652,8.01404,9.03955,6.92927,9.01634,7.79297,7.92107,8.15582,8.28387,7.54551,7.8772,9.47876,9.01386,8.41297,8.15173,9.27015,8.94401,7.87043,7.13627,8.65242,8.21942,7.10812,8.71192,8.33506,8.06829,7.74823,7.9867,7.77534,9.67145,8.99263,9.03947,8.21662,9.31723,8.4383,9.47671,8.61905,8.88729,8.66973,7.97659,8.33635,8.01935,8.63897,7.55246,8.45314,8.88296,8.09485,8.67979,2,3,6,1,2,8,9,7,6,4,5,8,9,9,9,7,6,12,8,8,6,7,12,8,3,3,7,3,4,4,3,9,3,5,8,0,1,2,5,1,6,2,2,2,16,18,15,5,12,4,2,2,1,5,3,0,0,0,0,7,11,13,7,6,7,4,6,4,5,2,5,10,10,8,6,0,4,8,2,4,4,8,3,5,3,2,1,7,5,6,8,9,5,10,9,16,19,23,24,3,1,5,5,4,2,3,6,7,8,8,8,6,2,2,3,4,2,5,5,0,3,2,3,8,5,3,4,3,5,5,10,8,5,15,10,8,17,11,6,5,13,19,6,3,8,5,9,2,1,7,6,1,2,2,3,3,13,4,4,4,8,7,6,17,8,10,11,9,2,7,6,13,9,17,5,6,12,7,5,12,9,6,11,2,5,7,8,4,5,6
213.977,0.841427,0.0128217,8,511,0,-156.243,9.19254,0.584028,0.307007,0.63135,0.981716,-0.354884,-0.084935,0.314776,0.113807,0.115916,-0.097526,0.995738,0.286336,0.152204,0.689518,-0.114471,-0.00683838,-0.60864,0.247392,0.708404,0.74655,1.0378,0.214808,-0.829415,0.337571,0.411979,0.11415,0.156444,-0.372941,-0.687823,0.699077,0.652188,-0.333432,0.101617,-0.216665,-0.684939,-0.674659,-0.150641,-0.367655,-0.0434409,0.399927,0.133135,0.136274,0.444754,-0.281139,0.248261,-0.404514,-0.108283,0.320084,0.00891654,0.345183,-0.404327,0.0996419,0.261686,-0.365468,0.0274661,-0.506906,0.0590349,-0.0352159,0.111832,0.206088,0.425509,0.210305,1.22283,0.83096,0.430198,-0.40471,-0.203566,0.35874,0.719051,0.734777,0.0174777,-0.589185,0.989933,0.135736,0.508908,-0.002925,0.00611789,-1.37145,-1.25089,0.547151,-0.631858,0.604521,-0.380279,0.517497,-0.242342,-0.689966,-0.184125,-0.439051,0.719095,-0.447198,0.0916931,0.189366,-0.0973616,-0.946924,-0.481948,-0.991766,0.922868,1.20525,0.204668,0.289033,-0.684349,-0.0108066,1.19758,-0.565837,-1.03759,-0.998656,0.68394,-0.0763176,0.975918,0.340623,0.0485251,0.23574,0.971561,0.443792,-0.143319,-0.429571,0.810992,0.0165039,-0.0174062,-0.00167473,0.0482761,-0.0194823,-0.00198025,0.026521,0.0218853,0.0190338,-0.00858841,0.017735,-0.0143523,-0.0137253,-0.0152697,0.00941901,-0.0405937,-0.388494,-0.0753186,0.262755,0.155184,27.3279,0.628229,0.693337,0.426806,0.482363,0.565021,0.523625,0.524062,0.479751,0.695809,0.559204,0.531577,0.639446,0.476238,0.498579,0.376189,0.551213,0.643057,0.650299,0.703156,0.544506,0.334209,0.569671,0.584758,0.523696,0.532454,0.423139,0.360878,0.641276,0.632264,0.431173,0.521097,0.455111,0.361431,0.363405,0.468747,0.424212,0.490977,0.582325,0.527629,0.528279,0.591356,0.44186,0.551392,0.416749,0.47752,0.566105,0.567487,0.604041,0.461906,0.490866,0.533802,0.512237,0.512464,0.489513,0.605483,0.530756,0.516364,0.573618,0.487691,0.499265,0.434913,0.526582,0.575604,0.579608,0.609797,0.523086,0.411731,0.536242,0.544193,0.512274,0.516819,0.459976,0.42656,0.574624,0.569686,0.464201,0.510927,0.476715,0.426864,0.427946,0.483804,0.460541,0.495328,0.542906,0.514315,0.514652,0.547688,0.4698,0.526675,0.456604,0.488356,0.534371,0.438987,0.405791,0.534413,0.508248,0.469466,0.488948,0.488744,0.509471,0.404479,0.472219,0.485222,0.433429,0.511116,0.500664,0.558839,0.475991,0.431628,0.427996,0.400548,0.479149,0.579866,0.467261,0.460072,0.488915,0.48481,0.536158,0.566409,0.432517,0.436994,0.532339,0.490132,0.521031,0.566134,0.565153,0.514627,0.535647,0.504219,0.461236,0.487072,0.486768,0.456911,0.527278,0.475907,0.539207,0.510515,0.468952,0.488114,0.481523,0.506682,0.501599,0.494073,0.497857,0.497817,0.501836,0.481259,0.494609,0.497134,0.48702,0.502155,0.500129,0.511458,0.495342,0.486664,0.485946,0.480468,0.495955,0.515613,0.493644,0.492243,0.497851,0.497054,0.507022,0.512949,0.48684,0.487722,0.506278,0.498087,0.50408,0.512894,0.512701,0.502836,0.506922,0.500818,0.49247,0.497493,0.497434,0.491626,0.505294,0.495325,0.507616,0.502039,0.493973,8.92402,9.0523,7.0139,7.90252,7.82934,7.5847,8.24022,7.32713,9.36091,7.79476,9.49198,8.99415,7.30648,8.14875,7.35943,9.60788,9.01689,8.35169,8.69985,8.36067,7.15193,8.56814,8.36659,8.21846,7.63664,8.13764,7.75665,9.86385,8.94916,8.90047,8.2228,9.37209,8.47495,7.046,7.82247,7.41756,8.71133,8.35196,8.75392,8.03124,8.69827,7.52272,8.40139,7.60659,8.07133,8.54689,3,5,5,6,5,7,14,12,19,7,8,4,9,7,7,9,5,7,3,5,7,9,2,8,6,0,1,0,2,1,15,15,10,13,10,1,1,4,4,11,12,8,6,2,7,12,8,2,7,13,2,2,3,1,4,6,4,5,4,9,14,19,16,2,5,0,10,4,5,5,4,10,6,9,8,12,5,14,2,2,0,8,4,7,2,2,5,0,0,1,2,13,27,19,22,23,23,21,29,9,5,4,14,7,0,1,3,5,10,7,3,3,4,7,7,16,1,0,2,2,2,4,2,2,1,2,1,0,13,14,7,8,14,15,19,9,18,11,18,13,13,6,11,13,12,8,11,2,7,10,6,2,6,5,6,5,11,10,5,7,6,7,6,8,14,11,11,16,17,18,24,8,13,14,11,19,13,14,21,7,4,11,6,5,6,2,3,7,3,5
221.286,0.999941,0.0128217,9,767,0,-147.168,8.95599,0.487604,0.553651,-0.185322,0.502859,-0.977465,-0.228749,0.678296,-0.129388,-0.39101,0.46664,0.0946389,-0.135984,0.617385,0.55999,-0.141122,-0.0359855,-0.485976,-0.86033,-0.17553,-0.508091,0.538249,-0.319735,-1.00348,0.313369,-0.200661,-0.802563,-0.218367,0.150036,-0.102886,0.207967,0.433441,0.451177,-0.44138,0.414034,-0.215156,-0.237499,-0.481944,-0.143916,-0.380157,-1.10889,0.229758,0.15662,0.225631,-0.704054,-0.180327,0.442032,-0.0538503,0.550429,-0.141289,-0.13738,0.156692,-0.00534071,-0.276642,0.142396,-0.428634,0.6397,0.137588,-0.999647,0.524227,-0.418534,-0.327634,-0.439007,-0.171072,0.847086,-0.292461,-0.195997,-0.0278365,0.356386,1.88617,0.649669,0.0130092,-0.336094,1.03938,0.136569,0.220554,0.112737,-0.0653661,-0.889724,-1.09516,0.590107,-0.897261,0.491463,-0.475894,0.434916,0.134692,-0.838144,-0.346064,-2.12517,0.295382,-0.409688,0.0226069,0.0763098,-0.296713,0.125415,-0.343629,-0.642276,0.576001,0.904344,0.145142,0.0210231,-0.441576,-0.0853078,0.693966,-0.332912,-0.80485,-1.10683,0.689436,0.0487352,1.24481,-0.234439,0.129306,-0.0523362,1.14907,0.342806,0.395662,-0.609738,-0.386969,-0.00270534,0.0150893,-0.0059019,0.00781595,0.0026846,-0.00607016,-0.0319871,0.0142911,0.00329591,0.0032497,-0.00204054,0.000750219,-0.00762332,-0.018354,-0.00922186,-0.0784109,-0.151668,-0.80249,0.262452,0.0791113,21.613,0.460835,0.60491,0.304069,0.451708,0.639818,0.472627,0.417944,0.597554,0.520031,0.471234,0.627844,0.616415,0.47015,0.49238,0.398513,0.325464,0.462896,0.394032,0.612051,0.4327,0.299426,0.565976,0.457608,0.336297,0.453888,0.531731,0.478226,0.543928,0.590773,0.5944,0.407602,0.586793,0.454562,0.449874,0.399332,0.46956,0.420182,0.281036,0.548503,0.533119,0.547637,0.355169,0.461886,0.592531,0.488598,0.614498,0.513547,0.463299,0.570985,0.516719,0.450568,0.509459,0.528558,0.465934,0.493081,0.509941,0.454982,0.459147,0.510317,0.502631,0.535473,0.562573,0.512831,0.537081,0.460727,0.52336,0.572847,0.477104,0.514667,0.558412,0.515961,0.489032,0.507522,0.484799,0.468351,0.46706,0.532227,0.469765,0.515726,0.517358,0.535179,0.510521,0.527767,0.580374,0.483208,0.488551,0.483509,0.551296,0.513182,0.467726,0.503937,0.459842,0.507026,0.480942,0.536995,0.508673,0.474304,0.504906,0.514822,0.482314,0.496412,0.505156,0.476608,0.47878,0.505351,0.501364,0.518418,0.532575,0.506655,0.519256,0.479602,0.512121,0.537976,0.48812,0.507608,0.530393,0.508279,0.494311,0.503901,0.492115,0.483571,0.482899,0.51673,0.484306,0.508157,0.509004,0.518266,0.505457,0.51441,0.541947,0.491289,0.494062,0.491446,0.52667,0.506837,0.483246,0.502042,0.479141,0.537111,0.400462,0.686629,0.545764,0.367182,0.525935,0.577808,0.40746,0.481022,0.527255,0.378612,0.389507,0.528282,0.507219,0.59628,0.666057,0.535157,0.600545,0.393663,0.563796,0.691103,0.43746,0.54017,0.655668,0.543697,0.469936,0.520629,0.458374,0.413908,0.41046,0.587636,0.417691,0.543058,0.547504,0.595501,0.528841,0.575682,0.708865,0.454036,0.46862,0.454857,0.637608,0.536115,0.412237,0.510802,0.391333,8.15809,9.04421,6.84723,8.06857,8.82262,7.85609,8.24245,8.57067,8.49418,7.84817,9.40849,9.0511,7.842,8.33734,8.129,7.64317,8.16983,7.40273,8.65608,8.32774,7.18586,8.7565,8.20089,8.24113,7.74933,8.03922,7.73556,9.67744,8.90014,9.21042,8.18225,9.30238,8.4114,8.15671,7.76561,8.26897,8.66368,7.12387,8.13485,8.62977,8.65135,7.60001,8.49485,9.24117,8.07147,9.03971,3,5,9,6,10,14,18,15,8,7,4,3,8,6,6,13,3,4,7,5,6,8,5,3,10,2,0,3,2,0,12,12,19,12,21,6,1,2,10,5,6,6,3,8,11,8,6,9,6,7,2,2,1,3,4,1,2,3,1,4,11,5,7,3,5,5,4,6,8,6,6,8,9,6,6,7,5,6,5,5,6,11,7,5,3,5,1,1,1,4,0,14,20,15,22,13,15,22,17,4,5,16,15,9,1,3,1,8,8,5,4,4,7,6,10,8,2,3,8,2,4,0,2,0,3,2,3,1,16,8,17,25,12,16,25,12,19,9,10,22,12,16,11,17,14,17,14,7,8,7,17,5,7,3,8,5,14,7,8,4,7,3,4,8,21,20,23,17,26,29,22,33,22,23,23,14,16,21,18,7,3,9,7,7,6,13,7,2,5,8
217.211,0.987021,0.0128217,9,1023,0,-156.024,8.4922,0.51002,0.24613,0.213434,0.89625,-1.14243,0.282193,-0.546163,0.246025,-0.0129839,-0.528941,-0.222063,-0.317709,0.572407,0.932886,0.161178,0.228412,0.187493,0.722193,0.0972846,0.349681,0.505595,0.0374567,-0.901786,0.373905,0.0494218,0.216183,-0.455158,-0.579712,-0.773205,1.02718,0.807688,0.18764,-0.124083,0.304596,-0.291376,0.213778,0.337537,0.191051,0.150765,1.15189,-0.297662,0.380032,0.477202,-0.509576,0.122707,-0.410364,-0.399584,-0.57744,0.0185991,0.177985,-0.476901,0.0405711,0.231678,-0.0750084,-0.104379,-0.515763,0.0215748,0.243178,0.000785887,0.220051,-0.040936,0.30041,0.503293,0.448284,0.294208,-0.148332,-0.0703802,0.360756,0.404676,0.828517,0.0213469,-1.14025,1.06558,0.0699531,0.281029,0.947011,0.208336,-1.1974,-0.380782,1.16986,-0.855013,0.527632,-0.199359,0.810147,0.0560371,-0.398499,-0.203675,-0.307521,1.10716,-0.573647,0.429181,0.796482,0.746769,-1.14086,-0.389489,-0.0605332,0.446176,0.785965,-0.59006,0.428768,-0.614529,0.476227,-0.418552,-0.210937,-0.0358787,-0.77031,1.23809,-0.919074,1.32042,-0.67502,0.610433,0.94431,1.73334,0.648285,-0.0352717,-0.498459,0.534847,-0.0175051,-0.0280399,-0.00307606,-0.00563908,0.00243375,-0.00609247,0.0397253,-0.0218829,-0.000381313,0.0109047,-0.00575074,0.0136666,0.00220783,-0.0111431,-0.00310844,0.152113,-0.450938,0.233002,0.171524,-0.0715093,18.9633,0.523902,0.599114,0.374693,0.531584,0.439095,0.527544,0.498545,0.440997,0.475134,0.464454,0.5638,0.603052,0.518056,0.525576,0.521,0.580237,0.510901,0.539109,0.556421,0.504198,0.40029,0.541806,0.505539,0.524209,0.449166,0.435394,0.414203,0.613125,0.589542,0.521017,0.486097,0.534083,0.467392,0.52394,0.537756,0.521398,0.51689,0.626299,0.46669,0.542488,0.553277,0.443138,0.513748,0.454139,0.455338,0.435645,0.515693,0.565542,0.416754,0.520744,0.459915,0.518088,0.499045,0.461174,0.483673,0.476649,0.542002,0.568188,0.511853,0.516794,0.513787,0.55292,0.507155,0.525697,0.537119,0.502755,0.434058,0.527474,0.503635,0.515895,0.466572,0.457464,0.443373,0.574981,0.559129,0.513798,0.490874,0.522389,0.478582,0.515719,0.524806,0.514048,0.511087,0.583922,0.47812,0.527923,0.535042,0.46259,0.509024,0.469854,0.470644,0.45763,0.475957,0.400315,0.626017,0.46823,0.561262,0.472293,0.501464,0.559349,0.525013,0.535756,0.435826,0.396356,0.481838,0.474273,0.478876,0.419296,0.489034,0.46066,0.443248,0.495777,0.600284,0.457948,0.494429,0.475648,0.551133,0.564984,0.586294,0.386228,0.409939,0.478859,0.513985,0.465715,0.532801,0.475919,0.462021,0.478475,0.48301,0.372986,0.533506,0.457262,0.44641,0.557195,0.48617,0.546131,0.544925,0.564732,0.51243,0.552018,0.433843,0.516432,0.468229,0.514327,0.499244,0.469228,0.487068,0.481502,0.533294,0.554128,0.509388,0.513302,0.51092,0.541969,0.505667,0.520358,0.529417,0.502182,0.447663,0.521766,0.502879,0.51259,0.473512,0.466283,0.455082,0.55955,0.54691,0.510928,0.492773,0.517735,0.483034,0.51245,0.519652,0.511127,0.508781,0.566698,0.482668,0.522123,0.527769,0.470352,0.507147,0.476114,0.476741,0.466414,8.31386,9.02713,6.94038,8.56898,7.57822,8.42717,8.24356,7.59666,7.84708,7.82296,9.36946,9.08423,8.33624,8.32991,8.45844,9.52983,8.18937,8.53825,8.70528,8.29763,7.11921,8.48582,8.12014,8.15471,7.67569,8.05924,7.8521,9.63402,8.95032,8.95722,8.12448,9.2611,8.4438,8.2963,8.62829,8.27194,8.65424,9.30036,8.3614,8.47446,8.59649,7.52109,8.38901,7.81769,8.07849,7.46634,1,6,1,0,3,21,27,25,14,3,3,1,4,6,5,5,3,18,16,6,12,5,5,6,6,0,4,2,1,3,13,31,15,17,20,2,1,2,8,13,5,4,6,7,15,14,7,4,5,10,5,4,4,2,8,4,2,2,5,14,9,14,26,0,1,6,13,8,5,16,9,7,13,4,8,9,19,10,1,1,0,5,3,4,2,5,2,4,5,2,8,4,5,4,9,9,10,5,16,2,1,11,7,12,5,2,2,12,6,6,5,15,9,6,9,4,2,5,2,3,2,1,1,2,0,2,2,3,20,17,7,18,24,22,22,23,20,27,24,14,31,18,34,33,13,14,25,2,0,3,0,1,7,0,1,1,7,8,12,11,18,9,7,24,34,37,25,19,26,33,19,33,38,34,54,33,26,30,41,16,7,8,9,3,5,2,2,1,7,2
219.099,0.999215,0.0128217,8,255,0,-153.037,8.6131,0.707037,0.243525,0.239881,0.699945,-0.606562,0.87044,0.576237,-0.565395,-0.0772531,-0.328793,1.42781,-0.0245971,0.946994,0.604003,0.589432,-0.303198,-0.308555,0.209221,-0.751905,-0.622746,0.648374,-0.0228405,-0.980908,0.357454,-0.0211227,-0.237241,-0.110705,-0.229169,-0.432902,0.762204,0.612892,0.368156,-0.160457,0.402126,-0.124133,-0.536644,0.945049,-0.742553,-0.00871079,-1.38444,0.0428141,-0.0410063,0.337697,-0.601402,0.0999266,0.563191,0.14804,0.533703,0.0520075,0.208248,-0.148099,-0.140122,-0.0271133,-0.301201,-0.124232,0.53465,0.120841,-0.286763,0.159733,-0.460362,-0.125494,-0.565596,0.0530003,0.881775,-0.220678,-0.0878546,-0.0628607,0.350855,1.52381,0.641163,0.00805206,-0.183816,1.12258,0.577249,0.300245,0.108531,0.864787,-0.815976,-0.521199,0.716704,-0.112128,1.08282,-0.141345,1.28412,0.628229,-0.526921,-0.227211,-1.23258,1.00357,0.102859,0.212984,0.38718,-0.0154227,0.095172,-0.360351,-0.199275,0.679023,0.765924,-0.414285,0.257742,-0.403193,-0.152247,0.442204,-0.0399437,-0.35506,-1.28162,1.04739,-0.228147,1.67726,0.0733112,0.977692,0.374683,1.51088,0.389836,0.607612,-0.426518,-0.176284,0.00369083,0.0145701,-0.000508269,-0.0010429,0.00491674,-0.00624657,-0.00606917,-0.00213855,0.00070805,0.00137483,-0.00907305,-0.00591545,0.00143033,-0.00458455,-0.0130287,0.0287384,-0.685193,-0.551031,0.152018,-0.00361905,19.9071,0.552684,0.64958,0.369386,0.682987,0.624364,0.377881,0.482977,0.428023,0.778856,0.494578,0.697419,0.630088,0.627088,0.433557,0.432397,0.545991,0.340064,0.366068,0.63916,0.494965,0.296308,0.578153,0.495344,0.447892,0.475615,0.449652,0.405712,0.661972,0.631913,0.580452,0.464687,0.587729,0.472663,0.383859,0.697057,0.341917,0.49808,0.227802,0.509437,0.490961,0.573898,0.370447,0.522014,0.621662,0.532588,0.615527,0.486769,0.461461,0.533414,0.452125,0.468252,0.531152,0.504262,0.518131,0.421873,0.501357,0.447944,0.466727,0.467527,0.516721,0.517016,0.488459,0.541387,0.534303,0.46429,0.50126,0.553906,0.48029,0.501165,0.513086,0.506107,0.51264,0.523865,0.458048,0.466238,0.4797,0.508851,0.477829,0.506848,0.529572,0.44805,0.540875,0.500481,0.575791,0.497638,0.502262,0.481378,0.53313,0.494487,0.468969,0.491833,0.47059,0.459001,0.382347,0.602433,0.355163,0.402554,0.595658,0.51323,0.556085,0.273224,0.504213,0.343243,0.397987,0.400382,0.551751,0.552659,0.464222,0.626025,0.605086,0.390726,0.503912,0.661976,0.439073,0.503618,0.54055,0.518954,0.539176,0.573616,0.372325,0.396529,0.437268,0.527458,0.431549,0.521251,0.590904,0.343544,0.624523,0.501492,0.720836,0.492667,0.507024,0.44241,0.601586,0.482889,0.404706,0.474663,0.409583,0.467003,0.404755,0.582789,0.382337,0.421279,0.577264,0.510641,0.54517,0.312863,0.503388,0.372426,0.417554,0.419508,0.541671,0.542404,0.47121,0.602124,0.584956,0.41162,0.503146,0.631931,0.450917,0.50291,0.532635,0.515246,0.531528,0.559354,0.396517,0.416363,0.449457,0.52209,0.44483,0.517094,0.573393,0.372677,0.600889,0.5012,0.681977,0.494102,0.505649,0.453613,0.582098,0.486238,0.423033,0.479618,0.427004,8.52465,9.07079,7.07527,9.64719,8.49728,7.12442,8.21766,7.40811,9.92633,7.7747,9.6329,8.96145,8.51304,7.86992,7.93894,8.75266,7.33333,7.05596,8.58334,8.2833,7.06298,8.66611,8.20496,8.0978,7.67082,8.06681,7.82186,9.78749,8.97205,8.94392,8.11731,9.28591,8.35059,7.58487,9.7351,7.33948,8.73476,6.58926,8.39483,8.18097,8.64236,7.5075,8.43142,8.98818,8.09913,8.87745,10,5,6,4,3,28,8,19,13,3,5,8,3,5,8,8,3,2,6,7,3,8,6,6,9,0,4,2,1,2,6,9,16,17,8,2,3,1,24,13,9,5,7,5,7,9,20,9,9,11,1,4,3,2,7,0,3,0,2,5,16,8,16,9,4,6,11,6,7,5,6,7,5,7,8,5,6,6,7,3,7,3,6,3,6,5,6,6,5,4,5,10,9,10,6,10,7,6,16,4,1,5,5,6,2,2,1,5,9,8,6,8,0,5,9,3,1,6,6,0,1,0,3,2,0,1,1,0,4,12,9,9,23,12,14,11,10,13,15,19,23,14,15,15,14,8,13,3,4,4,7,6,4,6,5,3,10,19,9,9,4,3,0,15,20,10,20,13,9,15,19,20,14,25,11,14,19,13,20,6,9,12,16,4,9,7,7,1,5,5
237.465,0.872688,0.0128217,8,255,0,-155.858,8.85352,0.51564,0.240077,-0.0595836,0.551657,-0.940287,-0.47226,-0.454171,-0.0858634,-0.181299,0.10174,-0.044021,-0.0886266,0.776338,0.801809,-0.217079,0.0333073,-0.319984,-0.761773,-0.36334,0.0977007,0.634448,-0.127445,-1.11717,0.258731,-0.132609,-0.178203,-0.204798,-0.537933,-0.810293,0.811926,0.596894,0.36069,-0.300173,0.340613,-0.114058,0.270053,-0.709944,0.667573,0.252037,0.905464,0.296165,-0.0729845,0.353605,-0.893642,-0.041439,-0.314378,-0.464355,-0.356717,-0.036249,-0.147458,-0.167677,0.167186,0.150219,0.202701,0.263691,-0.387792,-0.227295,0.0592028,0.146554,0.00823793,0.114942,0.271531,0.256449,0.594093,0.050511,-0.196374,-0.100654,0.361195,-1.4142,0.648162,0.00791403,-0.889941,0.870293,0.0795272,0.422518,1.07162,0.202448,-0.581462,-0.514783,0.850418,-0.946372,0.375354,-0.5963,0.872501,-0.137263,-0.125672,0.101287,-0.841092,1.17145,-0.450139,0.441004,0.614719,0.63029,-0.64125,-0.333494,-0.0402498,0.836566,1.05567,-0.350709,0.281754,-0.446014,0.483595,-0.0994271,-0.251303,-0.343354,-0.432462,0.91251,-0.774542,1.19844,-0.641848,0.331763,0.539996,1.29327,0.789883,-0.220119,-0.370138,-0.190595,0.00318483,0.0147023,0.00511878,-0.00459729,-0.00556644,-0.00657453,0.00701873,0.00246779,0.00495835,-0.00038495,0.0118164,-0.00521259,0.00425402,-0.0137626,-0.00440768,0.278092,0.0580937,0.104512,0.185342,0.031444,19.5998,0.491151,0.581208,0.363867,0.430315,0.432951,0.48725,0.473099,0.515106,0.493462,0.48684,0.613303,0.616885,0.467803,0.504947,0.452617,0.388751,0.446244,0.514507,0.59313,0.481081,0.339909,0.538352,0.480315,0.473557,0.46962,0.420778,0.381924,0.618305,0.587735,0.553367,0.455535,0.550417,0.483066,0.540023,0.396093,0.597871,0.537364,0.631331,0.543874,0.489162,0.552326,0.370305,0.493846,0.453443,0.431467,0.447217,0.499248,0.506966,0.488129,0.494037,0.494265,0.498916,0.497711,0.501285,0.499444,0.498881,0.509802,0.510124,0.497259,0.500421,0.495959,0.490382,0.495412,0.501234,0.508011,0.498391,0.485896,0.503267,0.498325,0.49775,0.497414,0.493208,0.489769,0.510251,0.507537,0.504555,0.49621,0.504301,0.49856,0.50341,0.491036,0.508429,0.503183,0.511432,0.50374,0.499078,0.504465,0.488717,0.499477,0.49603,0.494137,0.495496,0.499135,0.508011,0.486347,0.493142,0.493404,0.498753,0.497367,0.501478,0.499361,0.498713,0.511273,0.511643,0.496847,0.500484,0.495353,0.488938,0.494723,0.501419,0.509213,0.498149,0.483781,0.503758,0.498074,0.497412,0.497026,0.492188,0.488234,0.51179,0.508668,0.505238,0.495641,0.504947,0.498343,0.503922,0.489691,0.509694,0.50366,0.513147,0.504301,0.49894,0.505135,0.487024,0.499398,0.495434,0.493256,0.494819,0.498443,0.51441,0.475452,0.487663,0.488136,0.497757,0.495263,0.502658,0.49885,0.497684,0.520273,0.520937,0.494328,0.50087,0.49164,0.480107,0.490508,0.502553,0.516571,0.49667,0.470844,0.50676,0.496535,0.495344,0.494649,0.485949,0.478841,0.521201,0.515591,0.509423,0.492158,0.508899,0.49702,0.507055,0.481459,0.517435,0.506585,0.52364,0.507738,0.498093,0.509238,0.476668,0.498917,0.491787,0.48787,0.490681,8.19806,9.0605,6.89697,7.45741,7.42444,7.82524,8.25092,8.02951,8.21501,7.82223,9.42045,9.1347,7.68239,8.29921,8.09998,7.74795,7.86744,8.02512,8.60891,8.30955,7.04995,8.54462,8.31585,8.15201,7.69576,8.06381,7.76819,9.75578,8.91234,8.96893,8.12153,9.47732,8.45211,8.75424,7.19924,9.18638,8.6728,9.4443,8.97157,8.38077,8.64786,7.48898,8.40319,8.10608,8.04791,7.87464,5,1,3,5,2,14,13,8,25,7,7,3,5,2,7,3,2,12,12,16,8,2,4,6,2,1,0,6,4,4,8,13,7,11,14,3,1,2,6,9,11,3,5,1,6,7,10,2,2,6,4,4,1,2,2,1,2,2,1,23,11,13,16,1,3,3,9,3,6,6,14,5,7,6,4,5,3,7,1,0,4,7,4,4,2,3,4,5,2,5,6,11,12,12,8,24,6,14,8,3,10,11,7,6,4,1,1,6,14,9,5,4,10,7,3,5,6,4,4,3,1,2,4,0,1,2,1,2,6,4,10,21,28,20,36,23,19,21,16,24,20,7,23,22,21,8,29,4,0,7,0,4,3,5,4,5,2,6,7,12,9,7,8,13,16,12,24,19,11,15,12,14,17,23,18,5,18,5,19,10,9,9,19,0,3,3,3,4,1,4
232.708,0.966768,0.0128217,8,511,0,-159.937,9.2049,0.407575,0.216126,-0.327346,0.352889,-0.785975,0.266799,-0.125816,0.229795,-0.352326,-0.241983,0.440672,-0.122453,0.85331,0.4514,-0.332527,-0.18323,-0.222801,-0.362349,-0.00516833,-0.268588,0.547478,-0.120905,-1.08633,0.207655,-0.316258,-0.241966,-0.22364,-0.350354,-0.670811,0.899626,0.48843,0.611864,-0.157831,0.078985,-0.183341,0.127316,-0.31648,0.164812,-0.108835,-0.103654,0.473002,-0.248289,0.249053,-0.97949,-0.0866711,1.09353,-0.0814038,-0.135247,-0.0698125,0.0574671,-0.103564,0.0778048,-0.0409901,-0.25686,0.308265,-0.300729,-0.0563423,-0.319251,-0.201223,0.0303911,0.113525,-0.203379,0.0897563,0.700855,-0.310333,-0.21094,-0.117152,0.365454,1.16692,0.789985,0.00710552,-0.956226,0.877016,-0.0686511,0.442665,0.203325,0.756015,-1.73241,-0.118958,0.992398,-0.758003,0.501082,-0.89357,1.51255,0.125964,-0.920012,-0.00863341,-0.62505,1.00619,-0.178549,0.149922,0.592382,-0.142552,-0.966595,-0.631213,0.191879,0.481453,0.680927,-0.71286,0.387638,-0.895166,-0.240906,0.0600075,-0.842366,-0.474859,-0.48537,0.487759,-0.763809,1.11083,-0.858234,0.107605,0.562609,1.30194,0.590825,0.00798394,-0.328327,0.381843,0.00782583,0.0135449,0.000977532,-0.00275847,-0.00555056,-0.0117045,-0.010422,-0.0113942,-0.00506589,0.0102371,0.0047745,-0.00573342,-0.00431249,-0.013965,-0.000532622,0.0972844,-0.332942,-0.262814,-0.0120274,-0.0171417,15.9635,0.442895,0.561518,0.365666,0.546611,0.47797,0.540177,0.438579,0.457703,0.576604,0.478558,0.645209,0.578438,0.441999,0.46794,0.461041,0.43685,0.499094,0.453078,0.594766,0.478829,0.318351,0.53632,0.444813,0.457706,0.460895,0.43892,0.384583,0.652605,0.584754,0.605594,0.472374,0.513836,0.46792,0.522293,0.444775,0.528845,0.48094,0.481846,0.582126,0.456606,0.543527,0.334816,0.484819,0.682742,0.485741,0.476321,0.525375,0.472649,0.560678,0.479313,0.50976,0.482179,0.527307,0.518765,0.465864,0.509499,0.434182,0.465036,0.525776,0.514212,0.517279,0.528083,0.500401,0.520826,0.457627,0.509379,0.583492,0.483895,0.524517,0.518764,0.517344,0.527155,0.551857,0.430654,0.462178,0.452672,0.512243,0.493872,0.51422,0.490124,0.524534,0.487216,0.508443,0.508041,0.463369,0.519253,0.480687,0.575412,0.506724,0.415966,0.506315,0.510491,0.52722,0.470661,0.56505,0.477807,0.510471,0.480882,0.529292,0.520131,0.463386,0.510191,0.429448,0.462498,0.52765,0.515247,0.518536,0.530124,0.50043,0.522341,0.454556,0.510062,0.589448,0.482723,0.5263,0.520129,0.518606,0.529129,0.555604,0.425674,0.459435,0.449247,0.513134,0.493426,0.515256,0.489404,0.526318,0.486285,0.509058,0.508627,0.460711,0.520655,0.479282,0.580813,0.507214,0.409972,0.506775,0.511255,0.521495,0.476831,0.551459,0.482478,0.508266,0.484906,0.523133,0.515894,0.471079,0.508045,0.444168,0.470376,0.521834,0.512037,0.514635,0.52379,0.50034,0.51764,0.464091,0.507943,0.570895,0.48636,0.520767,0.515893,0.51469,0.523003,0.543961,0.441165,0.467952,0.459885,0.510369,0.494811,0.512044,0.491636,0.520782,0.489173,0.50715,0.50681,0.468962,0.516308,0.483642,0.564003,0.505694,0.428642,0.505348,0.508885,7.97212,8.9846,7.11527,8.59054,7.86994,8.27771,8.06626,7.73677,8.85231,7.8738,9.48854,8.86458,7.63305,8.13725,8.21464,8.09771,8.34143,7.70629,8.64127,8.33146,7.10781,8.58547,8.21756,8.24947,7.7578,8.02385,7.65764,9.72962,8.90693,9.21359,8.28912,9.20546,8.3028,8.72611,7.92186,8.7691,8.59105,8.46123,8.96737,8.29543,8.63291,7.46144,8.37071,9.71779,8.11391,8.19226,2,1,0,0,4,12,10,7,22,5,6,2,11,4,11,9,9,0,5,8,9,14,1,12,17,0,0,0,2,12,17,8,21,15,11,3,0,1,10,18,7,0,1,3,26,21,14,3,7,14,1,2,2,6,3,3,0,2,3,10,10,15,11,5,8,2,3,4,6,7,7,2,4,14,9,7,6,5,4,1,3,5,2,1,1,3,3,4,3,4,4,7,7,5,8,10,9,6,10,2,3,4,7,8,0,2,4,1,2,6,4,7,6,5,2,5,5,3,1,1,6,0,3,7,1,2,1,3,9,7,2,14,12,41,14,16,9,10,6,7,12,11,12,15,14,11,11,2,3,0,1,2,2,0,2,0,7,6,3,4,2,5,11,13,9,18,22,20,9,9,23,18,21,10,20,14,28,11,12,12,10,12,10,6,7,6,1,3,2,3
218.537,0.996792,0.0128217,8,255,0,-143.593,9.25097,0.493312,0.243536,0.104581,0.670339,-0.576018,-0.220679,-0.155095,-0.0753739,-0.144781,0.858216,-0.705844,0.0143684,1.21779,0.68707,0.50868,-0.0391026,-0.0102873,-0.807044,-0.219895,0.0298222,0.680914,0.0796214,-0.993378,0.235812,0.0444346,-0.210968,-0.0529709,-0.332408,-0.527968,0.615978,0.534917,0.634575,-0.236614,0.145849,0.174534,-0.239618,-0.0124769,-0.730345,0.0408473,-0.544887,0.436011,0.0453096,0.247974,-0.575676,0.0923416,-0.451409,-0.0375165,0.349209,0.257034,-0.202038,0.00262228,0.129527,0.00201752,0.769443,0.160049,0.263694,-0.114836,-0.240725,0.135995,0.231029,0.382584,-0.0268696,-0.0217895,0.890881,-0.273327,-0.301361,-0.159451,0.375327,-0.608049,0.59261,0.00709909,-0.336226,0.446106,0.505443,1.0355,0.82724,0.436455,-0.761424,-0.486774,0.744766,0.0581858,0.658221,-0.307106,0.861712,0.384385,0.480199,-0.422218,-1.36695,1.13516,-0.191475,0.722663,0.345466,-0.0855822,-1.40296,-0.475233,0.069293,1.14428,0.955707,-0.221064,0.019061,-0.79215,0.545854,0.236845,-0.359099,-0.483415,-0.5696,0.670603,-0.39775,0.860277,0.117923,0.340292,0.687389,1.13039,0.128791,0.378306,-0.0347259,-0.806947,-0.00168167,0.0117525,0.00566044,-0.0013576,-0.00123748,0.011212,-0.0114037,-0.00569093,-0.000558229,-0.0099792,-0.0036606,-0.005186,0.0043834,0.0135119,-0.00501269,0.132144,0.189801,-0.112741,0.0233221,0.147309,28.3495,0.523276,0.645014,0.374452,0.451008,0.465512,0.483219,0.467799,0.682345,0.347777,0.5032,0.747421,0.648419,0.611393,0.491292,0.497709,0.327618,0.451181,0.506642,0.647168,0.517726,0.292147,0.552328,0.509895,0.453151,0.488204,0.426502,0.384532,0.633849,0.616932,0.637685,0.447496,0.532438,0.538794,0.446834,0.497221,0.342843,0.509097,0.380971,0.595906,0.51009,0.555005,0.374524,0.520555,0.400795,0.491645,0.577155,0.492854,0.454322,0.539279,0.515075,0.510596,0.50515,0.509892,0.441624,0.548083,0.499018,0.417546,0.453189,0.465297,0.502672,0.500703,0.554924,0.515021,0.497962,0.453606,0.49456,0.567465,0.483892,0.496964,0.514412,0.50362,0.522698,0.536014,0.458008,0.463513,0.456747,0.516163,0.490035,0.488076,0.516368,0.500853,0.549741,0.497209,0.537164,0.470242,0.496904,0.483062,0.539256,0.49369,0.530806,0.502564,0.476156,0.504962,0.531765,0.472695,0.48953,0.492641,0.496424,0.493131,0.540633,0.466558,0.500682,0.557528,0.532555,0.524118,0.498145,0.499512,0.46178,0.489567,0.501415,0.532265,0.503778,0.453003,0.511187,0.502108,0.489991,0.497487,0.484232,0.474969,0.529195,0.52536,0.530074,0.488775,0.50692,0.508281,0.488632,0.499408,0.4654,0.501938,0.474168,0.520677,0.50215,0.511764,0.472711,0.504382,0.478594,0.49822,0.516564,0.497052,0.481115,0.51623,0.50622,0.504371,0.502124,0.504081,0.47583,0.519884,0.499595,0.46573,0.480644,0.485667,0.501102,0.50029,0.522731,0.506198,0.499159,0.480818,0.497756,0.527969,0.493354,0.498748,0.505946,0.501493,0.509368,0.514877,0.482645,0.484928,0.482122,0.506669,0.495889,0.495081,0.506753,0.500352,0.520573,0.498849,0.515353,0.487713,0.498723,0.493011,0.51622,0.497397,0.51272,0.501057,0.490159,8.45791,8.98681,7.11882,7.44642,7.62871,7.72569,8.11424,8.85404,7.47604,7.83491,9.65341,9.16272,8.43483,8.28305,8.2779,7.21704,8.06314,7.85372,8.64213,8.38732,7.13365,8.61747,8.22888,8.25736,7.75296,8.0014,7.76481,9.74475,8.9797,8.96172,8.00261,9.39767,8.40502,7.88334,7.69968,7.29085,8.62995,7.51371,8.93507,8.22994,8.63224,7.47661,8.40279,7.74221,8.09906,8.7551,1,3,2,9,2,9,7,5,9,10,9,12,20,16,13,5,6,20,11,11,7,9,11,8,6,4,1,0,2,4,5,7,16,11,11,8,3,3,14,10,18,7,5,4,18,9,15,11,6,7,6,6,0,1,1,2,1,1,2,10,19,13,8,1,4,3,10,9,9,7,12,6,4,8,2,8,3,3,1,1,0,5,2,5,1,3,2,7,4,2,4,17,14,8,14,12,16,7,10,5,7,5,12,8,4,3,0,7,5,11,5,5,10,3,2,6,3,4,3,7,4,5,1,1,3,1,1,1,4,10,11,10,8,7,9,14,8,6,4,4,2,6,10,12,5,8,5,5,3,5,4,7,5,2,2,6,7,5,7,9,8,4,5,8,8,8,9,7,8,8,10,13,5,12,6,11,15,15,9,5,6,5,3,7,9,2,3,4,3,5
226.251,0.764536,0.0128217,8,255,0,-142.764,8.12424,0.398727,0.282718,-0.0954473,0.640264,-0.649566,0.264272,-0.0292204,-0.0531752,-0.112424,-0.631674,0.0163235,-0.0124139,0.958008,0.50535,-0.357131,-0.0331934,0.266534,0.542136,-0.259996,0.199126,0.660306,0.113941,-0.927779,0.197286,0.0240726,0.0559822,-0.127149,-0.295178,-0.444902,0.784802,0.555544,0.525754,0.0471216,0.768657,-0.0448382,0.244989,0.180669,-0.00234843,0.314603,1.00351,-0.544353,0.121363,0.339056,-0.619194,0.218342,0.162211,0.164144,-0.115977,-0.253071,-0.366801,-0.443267,0.112445,-0.0429755,-0.281893,-0.0130202,0.0981732,-0.0682657,0.156962,0.457938,0.0635473,0.149701,0.0365322,0.205162,0.326094,0.888741,-0.256643,-0.0302619,0.350136,0.222513,0.834258,0.01222,-1.3917,0.522432,0.0510981,0.629646,0.523037,0.781811,-0.670798,-1.17453,1.09172,-0.930071,0.537423,-0.169986,1.5063,-0.232556,-0.788001,-0.121913,-0.447442,0.938313,-0.172123,0.155448,0.394883,-0.1211,-0.276064,-0.63781,-0.341369,0.841155,1.40629,0.363333,0.237813,-0.952316,0.0621869,0.120548,-0.494159,-1.37494,-0.369935,0.676075,-0.456408,0.49271,0.234993,-0.0927696,0.0361563,1.10243,0.721424,0.604142,0.0807958,-0.479929,-0.0124397,-0.0125343,-0.00306927,-0.00502592,0.00862047,-0.0167224,0.00698181,-0.0149479,-0.000768175,0.0199773,-0.00636939,0.00348769,0.0071377,-0.000478103,-0.00628669,0.117343,-0.360524,-0.3216,-0.00550062,0.112486,20.9349,0.492219,0.552008,0.447242,0.521531,0.497618,0.495665,0.490836,0.448685,0.501331,0.498988,0.577471,0.541105,0.470918,0.497294,0.521715,0.544082,0.478817,0.516228,0.553623,0.509288,0.424936,0.516078,0.501962,0.504564,0.489636,0.475955,0.463794,0.563633,0.545166,0.542757,0.503841,0.562337,0.496345,0.519962,0.514724,0.499809,0.525625,0.581087,0.455739,0.509893,0.527613,0.449692,0.517792,0.513221,0.513378,0.490546,0.478806,0.638539,0.359555,0.558449,0.493508,0.488187,0.475042,0.363225,0.503627,0.497242,0.700865,0.610431,0.42131,0.492625,0.558944,0.618177,0.442488,0.544128,0.64264,0.525294,0.304798,0.543722,0.505348,0.512436,0.471779,0.434789,0.402417,0.66763,0.620986,0.614735,0.510468,0.664439,0.490039,0.554219,0.540056,0.499478,0.569448,0.709274,0.381358,0.526939,0.574768,0.365794,0.548361,0.535979,0.536406,0.474254,0.508602,0.442547,0.55828,0.476199,0.502634,0.504793,0.510132,0.556689,0.498529,0.501119,0.414502,0.454578,0.532144,0.502992,0.475996,0.451292,0.523417,0.48206,0.440765,0.489732,0.582851,0.482226,0.49783,0.494954,0.511458,0.52658,0.540014,0.429733,0.450095,0.452755,0.495753,0.43116,0.504041,0.477933,0.483722,0.500212,0.471675,0.410527,0.548906,0.489063,0.469478,0.555578,0.480331,0.485384,0.48521,0.510452,0.507673,0.448704,0.552036,0.478765,0.502349,0.504275,0.509038,0.550613,0.498688,0.500998,0.42358,0.459459,0.528682,0.502669,0.478584,0.456522,0.520891,0.483996,0.44711,0.49084,0.574045,0.484144,0.498065,0.495499,0.510221,0.523714,0.535709,0.437235,0.455453,0.45783,0.496211,0.438513,0.503605,0.480313,0.485478,0.500189,0.474727,0.420011,0.543655,0.490244,0.472767,0.549619,0.482452,0.486961,0.486806,0.509323,8.1196,9.07612,6.99086,7.7281,7.74669,7.71737,8.06207,7.01249,8.2564,7.76726,9.62389,8.85332,7.3459,8.19579,8.52567,9.12365,7.9184,8.02609,8.58701,8.33911,7.11068,8.4778,8.32524,8.14748,7.62684,8.05509,7.87263,9.72251,8.91421,9.10377,8.25734,9.43234,8.40722,8.59546,7.62593,8.2929,8.74435,9.51171,7.75184,8.44431,8.65093,7.5409,8.46679,8.39816,8.1272,8.09448,1,0,0,1,2,7,7,7,11,6,2,1,8,10,16,10,8,7,7,6,15,11,13,12,8,5,1,0,1,0,14,12,14,15,12,3,2,2,12,5,10,3,4,4,19,14,17,4,8,7,2,1,6,9,2,0,9,2,5,11,20,14,16,1,0,5,7,6,3,2,3,5,6,10,4,5,4,7,3,4,3,6,4,3,2,8,1,2,3,2,5,12,12,9,8,12,13,17,21,13,12,9,4,4,1,2,2,10,3,2,7,5,5,7,2,7,1,6,2,5,0,2,4,3,3,4,0,1,10,10,10,8,8,5,5,5,6,10,7,8,3,6,11,7,4,10,17,2,1,8,3,4,3,6,7,4,5,3,4,6,3,3,8,15,7,8,6,8,8,6,11,12,11,7,9,13,13,18,7,6,6,7,12,7,3,10,7,1,7,9
229.571,0.996624,0.0128217,8,255,0,-162.82,8.56743,0.554324,0.185323,0.696711,0.458592,-0.876981,-0.339491,0.473647,-0.217319,-0.296283,0.526649,-0.244217,-0.206579,0.800102,0.490816,-0.486127,-0.300391,-0.385991,-0.72358,-0.869459,1.14889,0.54254,-0.0750777,-1.21916,0.0611576,-0.0515829,-0.150439,-0.29884,-0.264067,-0.440293,0.459485,0.255253,0.465212,-0.133768,-0.00445752,-0.0383899,0.521648,-0.788254,-0.254044,-0.0516713,-0.0359065,0.708692,-0.0913297,-0.0395923,-0.721858,-0.0251123,-0.055617,-0.339415,0.0215251,-0.0286157,0.342539,-0.319325,-0.0760165,0.229246,-0.0308112,0.0181813,0.210269,0.0197688,-0.455351,0.122901,-0.092843,0.288138,-0.020809,0.010805,0.794641,0.506589,-0.15337,-0.0861934,0.377176,0.311669,0.735065,0.0119535,-0.421872,0.316705,0.776835,1.01858,0.619754,0.541064,-1.14048,-0.298617,0.439183,-0.227894,0.226518,-0.718096,1.3559,0.290619,0.165473,-0.527911,-0.673319,0.637826,-0.331956,0.456774,0.505896,-0.306533,-1.0504,-1.09042,-0.209117,1.16928,1.02986,-0.303175,0.0345013,-0.625928,0.174044,0.785484,-0.210333,-0.651783,-0.271095,0.362494,-0.641209,0.873294,-0.0973213,0.0614452,0.734954,0.987666,0.448517,-0.142535,0.00479402,-0.632182,-0.00446301,-0.0146066,-0.000460671,-0.00632474,0.00315891,-0.013431,0.0140517,0.00726927,-0.000875206,0.00731882,0.00580383,0.00177233,-0.0012653,0.0209634,0.00685245,0.117217,-0.144406,-0.707679,-0.028274,0.113822,15.9638,0.634979,0.590109,0.332503,0.432963,0.593,0.456934,0.441411,0.603124,0.451635,0.459053,0.653802,0.596288,0.404609,0.440606,0.423915,0.360087,0.333831,0.713605,0.606142,0.485089,0.27512,0.512147,0.489754,0.470149,0.44091,0.447732,0.413413,0.590281,0.550536,0.591381,0.473451,0.499114,0.492374,0.602172,0.348332,0.449702,0.489736,0.492867,0.637182,0.481864,0.492135,0.360402,0.495011,0.488953,0.432978,0.504276,0.587332,0.55782,0.390724,0.45711,0.5597,0.472505,0.462547,0.566306,0.46911,0.473861,0.599966,0.561842,0.438743,0.46203,0.451271,0.409373,0.391632,0.641531,0.568282,0.490493,0.350324,0.507745,0.493468,0.480956,0.462225,0.466606,0.444468,0.557931,0.532282,0.558647,0.483065,0.499435,0.495138,0.565683,0.401476,0.46787,0.493456,0.495453,0.588802,0.488435,0.494986,0.409584,0.49682,0.492957,0.45712,0.502726,0.474869,0.48345,0.531618,0.512254,0.482907,0.507845,0.510695,0.480996,0.508816,0.507457,0.471147,0.482288,0.517543,0.510843,0.513931,0.526099,0.531348,0.458618,0.480424,0.50271,0.5439,0.497792,0.501862,0.505431,0.510787,0.509532,0.51589,0.483418,0.490786,0.483212,0.504829,0.500161,0.501386,0.481177,0.528426,0.50917,0.501865,0.501296,0.474438,0.503297,0.501429,0.526036,0.500907,0.502008,0.512251,0.499223,0.379176,0.419571,0.65036,0.559776,0.416978,0.538372,0.552227,0.407889,0.5431,0.536483,0.362111,0.414028,0.585167,0.552946,0.567868,0.62529,0.649148,0.307241,0.405176,0.51328,0.703241,0.489182,0.509125,0.526591,0.552675,0.546583,0.577272,0.419417,0.454963,0.41843,0.523649,0.500789,0.506792,0.408744,0.63595,0.544825,0.509141,0.506352,0.377182,0.516152,0.507004,0.625004,0.504443,0.509838,0.559762,0.496192,9.49938,8.96674,7.02355,8.28902,8.66679,7.82352,8.04216,8.73118,8.35287,7.83663,9.48508,9.24983,7.49603,8.28435,7.93284,7.63145,7.59477,9.47932,8.75047,8.31223,7.17748,8.7259,8.34422,8.1487,7.72406,7.96065,7.74594,9.5382,8.96293,9.07966,8.24053,9.26326,8.46521,9.04337,7.74483,8.09697,8.71393,8.36338,9.14586,8.29566,8.60279,7.52866,8.37329,8.33601,8.0601,8.67747,6,2,2,3,0,5,7,4,4,2,5,8,11,17,7,15,19,13,12,7,10,2,6,8,9,1,0,0,1,3,9,4,4,6,15,2,4,1,9,0,6,5,0,6,28,18,16,6,4,6,3,1,1,1,2,2,0,0,3,14,17,10,11,5,5,7,4,7,2,1,8,5,2,6,8,5,4,3,0,1,2,2,1,0,2,0,3,2,2,2,2,2,13,15,10,13,15,2,8,8,7,3,6,5,1,2,2,3,3,4,5,5,8,5,11,8,3,5,7,2,4,3,4,2,3,3,6,0,14,5,3,9,14,20,8,11,14,9,6,6,9,7,10,12,6,7,13,3,3,1,2,3,0,4,3,4,2,5,2,8,13,8,5,2,12,5,10,7,15,14,5,13,2,2,2,7,10,6,11,2,4,5,5,4,2,9,7,4,3,5
233.726,0.997445,0.0128217,8,255,0,-147.073,8.8492,0.598324,0.273791,0.261707,0.499396,-0.877185,-0.0910799,0.897449,0.190441,-0.0943685,0.373474,0.693868,-0.118973,0.942188,0.324646,-0.331747,-0.15817,-0.504926,-0.973911,-0.335471,0.41393,0.612654,-0.0471141,-1.31343,-0.158716,-0.173447,-0.413025,-0.31025,-0.186082,-0.59818,0.505147,0.332518,0.437509,-0.13731,-0.031086,-0.149981,0.93514,-0.64352,0.0243967,0.107554,-0.0778914,0.210121,0.00235357,0.111802,-0.787817,0.0847147,0.298121,-0.348848,0.464245,0.00634361,0.698694,0.0620248,-0.0311378,0.318732,-0.135401,0.155486,0.126152,-0.218222,-0.250463,0.213618,0.0479977,0.30475,0.154538,0.114222,0.770491,0.242961,-0.228785,-0.109698,0.369237,-0.370072,0.66223,0.0041491,-0.438846,0.360478,0.45826,1.01932,0.934775,0.887331,-1.06212,-0.193885,0.632301,0.0895536,0.186737,-0.294128,1.58525,0.185474,0.137905,-0.153752,-1.10741,1.01107,-0.118414,0.169349,1.01443,-0.145712,-1.32625,-0.662099,-0.225869,0.914638,1.32425,-0.208999,0.524008,-0.231681,0.51335,0.457681,-0.393827,-0.846808,-0.505868,0.704462,-0.864611,0.813909,-0.166864,-0.204926,0.330494,0.954135,0.5228,-0.0413232,-0.0166951,-1.44063,0.00411956,0.008028,0.000170939,0.00457162,-0.00239939,-0.00196529,0.00674585,4.19215e-05,0.00310906,-0.00543312,0.00460232,-0.000189234,0.000674898,-0.00965998,-0.00503663,0.199304,-0.533402,-0.543729,-0.0955431,0.142217,15.2738,0.550241,0.595025,0.337185,0.482463,0.666295,0.536618,0.48183,0.571447,0.63056,0.477099,0.673915,0.56221,0.436444,0.46957,0.403948,0.320736,0.435738,0.579063,0.615867,0.490926,0.266592,0.469466,0.46664,0.421107,0.440522,0.464218,0.386774,0.596093,0.563702,0.583485,0.473576,0.494012,0.471142,0.672721,0.378522,0.504699,0.520706,0.485001,0.540386,0.500453,0.521522,0.352743,0.516312,0.557174,0.433206,0.588483,0.515891,0.530296,0.44692,0.494468,0.554296,0.511565,0.494268,0.522669,0.542046,0.492774,0.55698,0.519709,0.47986,0.490394,0.469369,0.441119,0.479635,0.525121,0.537144,0.497138,0.420892,0.490361,0.489466,0.474934,0.481164,0.488699,0.46373,0.530644,0.520186,0.526549,0.491661,0.498112,0.490891,0.556558,0.460992,0.501482,0.506532,0.495269,0.51276,0.500143,0.50679,0.452293,0.505145,0.5181,0.478824,0.528169,0.465158,0.433796,0.614885,0.512143,0.382559,0.474626,0.512581,0.450361,0.408514,0.51586,0.376938,0.456816,0.544124,0.52108,0.566928,0.627028,0.544616,0.445025,0.419022,0.506282,0.668317,0.521152,0.523113,0.554855,0.541278,0.524794,0.579098,0.433043,0.455774,0.441921,0.518302,0.504145,0.519989,0.377821,0.584981,0.496747,0.485662,0.510385,0.47201,0.499686,0.485096,0.603537,0.488705,0.460329,0.546385,0.438407,0.464485,0.43253,0.617028,0.512378,0.380372,0.474136,0.512825,0.449407,0.406784,0.516167,0.374656,0.455984,0.544973,0.521487,0.568208,0.629377,0.545475,0.44397,0.417482,0.506404,0.671317,0.521561,0.52356,0.555909,0.542073,0.525273,0.580603,0.431763,0.454923,0.440807,0.518656,0.504225,0.520376,0.375554,0.586594,0.496684,0.485384,0.510586,0.471469,0.49968,0.484807,0.605482,0.488487,0.459564,0.547278,0.437227,8.81968,9.01453,6.96213,8.74873,9.01643,8.19912,8.21189,8.41169,9.32008,7.83928,9.61106,8.89277,7.59205,8.33145,7.73528,7.39469,8.12547,8.45861,8.68861,8.26685,7.00292,8.33082,8.23285,8.21568,7.617,8.2284,7.75056,9.64507,8.90191,9.02931,8.16195,9.38989,8.3466,9.51652,8.10807,8.46293,8.65291,8.34396,8.68913,8.43729,8.64544,7.52169,8.42018,8.66822,8.08777,9.05467,2,3,3,2,4,2,8,1,5,3,3,2,28,24,12,36,12,24,16,21,15,20,16,20,16,1,0,0,5,4,5,18,5,8,5,0,11,8,6,2,15,8,2,1,20,10,16,6,9,6,2,3,0,1,2,0,4,3,0,11,12,10,11,7,6,2,7,5,4,2,4,8,8,9,11,6,3,1,0,1,1,2,5,1,4,3,3,3,6,1,0,11,12,3,13,3,14,8,9,10,5,13,8,11,3,0,2,5,3,6,7,3,5,7,8,4,7,2,4,6,2,1,2,3,3,1,3,2,7,4,10,8,9,3,9,6,4,11,12,10,12,6,6,14,7,7,10,5,1,3,1,0,2,5,3,1,3,2,4,4,8,2,3,7,2,5,5,5,5,3,7,7,3,3,2,4,3,10,8,1,11,3,6,6,5,3,2,4,5,3
213.794,0.53126,0.0128217,8,511,0,-140.677,9.76994,0.713313,0.385747,-0.848798,0.742277,-0.441202,0.209261,0.5018,0.187876,-0.197823,-0.606507,0.064073,0.372757,0.440753,0.356189,0.642056,-0.615764,0.115172,0.0744929,-0.615011,-0.120649,1.10085,-0.156073,-1.53756,0.00394733,0.113722,-0.674194,0.138022,-0.251357,-0.359808,0.878497,0.121812,0.0268929,-0.190257,0.253443,-0.46178,-1.49455,-0.0011334,0.467647,-0.312105,-0.585218,-0.442795,0.332049,-0.134514,-0.561089,0.0205786,-0.846192,0.743732,-0.107225,-0.190877,-0.977209,-0.174776,0.180099,-0.0533731,0.179205,-0.494768,-0.0541501,0.201042,-0.230915,0.131326,-0.148713,0.519521,-0.620626,0.410363,-0.234272,-0.554643,-0.489479,-0.0398343,0.349666,-0.408353,0.776052,0.00608922,-0.927832,-0.214153,0.765771,1.01433,0.271121,0.709806,-0.756504,-0.499723,0.349085,-1.23251,0.435317,-0.999837,0.971541,-0.115096,-0.824905,-0.345431,-0.786738,1.26323,-0.286405,0.535987,0.161068,0.279355,-0.717482,-0.837433,0.366306,1.1959,1.35875,0.114644,-0.524619,-1.4133,0.171408,0.493734,-0.293686,-0.806728,-0.473437,0.113924,-0.155445,0.561584,0.474301,0.0521339,0.398196,0.505419,0.808402,1.08555,0.215704,1.24925,0.00383003,0.00687068,-0.00440746,-0.000524128,-0.00268882,-0.00190267,0.00391189,0.00232343,0.00550817,0.00604215,-0.00660447,-0.00281012,-0.00430211,0.0121885,0.00652918,0.110685,-0.475448,-0.737935,-0.0239339,0.274506,25.3757,0.549549,0.456636,0.525817,0.487746,0.470644,0.488998,0.511584,0.535462,0.496247,0.478182,0.474209,0.479151,0.462467,0.536002,0.493255,0.495637,0.535958,0.507066,0.43588,0.50914,0.589091,0.499769,0.49334,0.539404,0.491917,0.514717,0.521061,0.448729,0.492866,0.498425,0.511141,0.485161,0.527019,0.586649,0.500066,0.472638,0.518271,0.534221,0.52591,0.480562,0.507878,0.532815,0.498795,0.549398,0.456551,0.50628,0.615568,0.398505,0.560874,0.471016,0.430866,0.473973,0.527403,0.583315,0.491117,0.448497,0.439187,0.450771,0.411901,0.584562,0.484036,0.489672,0.58446,0.516723,0.351927,0.521628,0.701154,0.499453,0.484236,0.59241,0.480871,0.534797,0.549726,0.380541,0.483116,0.496271,0.526357,0.464915,0.563683,0.696131,0.500157,0.435517,0.543169,0.580442,0.561092,0.454087,0.518643,0.577179,0.497147,0.615226,0.398311,0.514864,0.599543,0.412676,0.552251,0.475147,0.440636,0.477684,0.523496,0.571595,0.492385,0.455809,0.447802,0.457764,0.424271,0.572673,0.486314,0.491147,0.572585,0.514337,0.372058,0.518543,0.675032,0.499531,0.486486,0.579457,0.4836,0.529841,0.542663,0.397072,0.485525,0.496804,0.522599,0.469912,0.554669,0.67053,0.500135,0.444642,0.537029,0.569115,0.552438,0.460614,0.515983,0.566299,0.497554,0.599245,0.412508,0.512742,0.651663,0.366386,0.580683,0.461471,0.40847,0.465395,0.53643,0.61006,0.488182,0.431663,0.419398,0.434665,0.383718,0.611683,0.478765,0.486261,0.611551,0.522243,0.307388,0.528761,0.756691,0.499272,0.479033,0.621874,0.474559,0.546239,0.565991,0.343379,0.477543,0.495039,0.535042,0.45338,0.584376,0.7508,0.500209,0.414573,0.557325,0.606316,0.580969,0.439047,0.524795,0.602058,0.496204,0.651227,0.366137,0.519771,7.86373,9.03424,6.92735,6.86993,7.95539,7.61325,8.20341,6.74734,8.85812,7.8148,9.47467,9.17661,8.10808,8.11714,8.54475,9.07539,8.11796,7.27678,8.60637,8.24894,7.11823,8.79254,8.34954,8.18237,7.55889,8.02095,7.90273,9.68869,8.92108,9.02348,8.21166,9.25014,8.49072,6.60188,6.64049,8.73533,8.73024,7.58766,7.81231,8.58758,8.64154,7.61393,8.44159,7.49747,8.01721,8.6713,2,0,2,2,2,4,3,2,4,11,13,4,10,19,14,28,18,11,9,7,4,15,14,13,7,0,1,0,1,1,12,4,6,8,6,2,2,1,4,11,4,0,3,2,17,13,16,8,5,5,1,1,3,2,2,2,1,1,1,13,29,26,16,6,8,7,5,2,3,2,5,2,4,3,6,0,6,6,2,1,2,0,2,5,3,5,2,9,4,9,8,22,10,14,14,12,23,12,19,3,6,2,5,5,1,1,1,3,2,6,2,3,0,2,8,9,3,7,2,1,4,4,3,4,1,2,2,2,11,3,10,12,4,4,2,8,3,5,8,5,2,8,1,3,3,11,3,5,2,3,4,6,1,10,1,6,7,2,7,4,5,8,13,2,4,3,6,3,5,2,0,2,3,9,5,5,6,3,2,4,4,4,3,11,17,26,5,10,11,4
225.469,0.878735,0.0128217,9,511,0,-157.923,9.55095,0.601505,0.355232,-0.877241,0.712286,-0.518262,0.286567,0.134801,-0.0802827,-0.1963,-0.831076,0.335716,0.215791,0.519418,0.304523,0.519986,-0.605421,0.129984,0.551061,-0.787183,0.00932254,1.00774,-0.0307349,-1.47482,-0.0559296,-0.0662473,-0.614821,0.176479,-0.0917784,-0.254716,1.08793,0.233752,0.0899418,-0.224753,0.467568,-0.601375,-1.44523,0.0125015,0.751506,-0.297504,-0.255103,-0.186525,0.257574,-0.0754156,-0.660254,-0.00899885,-0.174429,0.657839,0.346782,-0.187917,-0.720646,-0.230654,0.274865,-0.0962256,0.129882,-0.450796,0.0161246,0.17511,-0.367735,0.0245323,0.0206229,0.47446,-0.372218,0.371579,-0.15028,-0.565958,-0.508473,-0.00963685,0.351196,-0.573043,0.70899,0.00578137,-0.555222,-0.0845313,0.785823,1.28821,0.409856,0.426306,-0.760835,-0.840124,0.392145,-1.16173,0.587586,-0.855404,1.04969,-0.0221066,-0.805822,-0.647976,-1.06664,1.10722,-0.352181,0.48221,0.0437019,0.237936,-0.984714,-0.858238,0.260718,1.32973,1.57632,0.675866,-0.359212,-1.36617,0.312625,0.904717,0.0106564,-1.02645,-0.278328,0.0674868,-0.20191,0.751168,0.570124,0.0947231,0.275687,0.696688,0.607909,1.18051,0.0555996,1.00251,-0.00401736,-0.00756752,0.00377469,0.00226276,0.00289028,0.00531936,0.00123653,0.00369941,0.0087109,0.00379783,-0.00865064,0.00295017,-0.00374238,-0.00956428,0.00120866,0.131555,-0.535225,-0.670901,0.0130253,0.257796,26.7215,0.53291,0.473265,0.519461,0.489235,0.494936,0.503016,0.507374,0.531183,0.48739,0.491893,0.480495,0.488561,0.480474,0.52273,0.495117,0.479308,0.52954,0.49965,0.462211,0.501155,0.555183,0.502101,0.502489,0.523082,0.49337,0.503448,0.509569,0.459217,0.491219,0.496621,0.508443,0.482441,0.522578,0.554085,0.49953,0.471796,0.511175,0.509583,0.507007,0.490324,0.502833,0.524785,0.500338,0.506553,0.475305,0.486974,0.621632,0.400562,0.572807,0.459542,0.480936,0.511357,0.527746,0.615468,0.452642,0.469506,0.427033,0.45702,0.426954,0.584832,0.481617,0.422657,0.609572,0.498681,0.361158,0.504349,0.697345,0.507913,0.509372,0.586123,0.475051,0.512983,0.535977,0.350755,0.466975,0.487277,0.531757,0.434227,0.584276,0.693799,0.498231,0.395244,0.541995,0.536032,0.526367,0.46362,0.510669,0.592347,0.501273,0.52466,0.407983,0.451091,0.61527,0.405829,0.568905,0.461731,0.481971,0.510741,0.526242,0.609405,0.4552,0.471158,0.430943,0.459343,0.430868,0.580308,0.482614,0.426795,0.603799,0.498753,0.368334,0.504112,0.687694,0.507483,0.508863,0.581532,0.476404,0.512278,0.53403,0.358406,0.468763,0.487968,0.530037,0.437761,0.57978,0.684283,0.498327,0.400778,0.539724,0.534081,0.524937,0.465589,0.51009,0.587438,0.501204,0.523323,0.412875,0.453731,0.64303,0.382754,0.58606,0.452083,0.477406,0.513462,0.532877,0.63589,0.443929,0.463869,0.413752,0.449101,0.413659,0.600171,0.478212,0.408612,0.629045,0.498436,0.337133,0.505155,0.728981,0.50938,0.51111,0.601683,0.470434,0.515389,0.542619,0.325218,0.460874,0.484919,0.537625,0.422214,0.599519,0.725041,0.497903,0.376557,0.549734,0.542683,0.531244,0.456905,0.512646,0.608965,0.501509,0.529223,0.391421,0.442097,7.78542,9.10257,6.96297,7.09064,7.67171,7.4382,8.23855,6.62425,9.10086,7.75963,9.50747,9.06701,8.08962,8.0796,8.59278,9.54176,7.88281,7.53548,8.61736,8.41829,7.14164,8.67572,8.25807,8.20605,7.71696,7.93485,7.75798,9.64285,8.99021,9.04147,8.20767,9.27208,8.29136,6.76695,6.79313,9.14503,8.64955,8.05306,7.832,8.60961,8.65457,7.61375,8.44189,8.26229,8.02859,9.11287,2,2,1,1,0,1,3,4,7,8,7,12,23,25,33,29,16,3,8,12,13,1,8,10,10,0,3,1,1,1,5,6,8,3,11,4,1,0,12,12,10,0,2,2,21,17,18,4,1,7,0,0,1,2,4,1,2,0,1,17,15,17,19,5,3,4,4,8,3,3,1,3,4,3,4,4,4,6,3,3,1,0,1,0,1,1,3,10,10,7,9,12,19,16,24,25,17,21,28,20,13,2,2,3,1,0,1,4,7,3,4,3,1,9,8,10,2,3,1,2,0,2,1,1,2,2,2,3,3,11,11,2,8,6,9,4,5,4,9,4,6,6,10,4,14,5,15,2,6,4,1,1,2,7,3,3,4,4,7,6,5,3,5,1,8,6,2,6,8,3,5,3,6,5,8,8,4,5,3,4,4,4,2,16,16,17,10,9,2,6
240.059,0.811295,0.0128217,8,511,0,-163.063,9.7786,0.465983,0.341222,0.437739,0.722446,-0.502214,0.558462,-0.155933,0.0821341,-0.335892,-1.24558,0.320396,0.290935,0.798248,0.448987,-0.515085,-0.255872,0.620806,-0.243351,0.0846677,-0.323937,1.09239,-0.220842,-1.48153,-0.0869804,-0.0855938,-0.747649,0.115123,-0.00764851,-0.185817,0.796461,0.338886,0.366243,-0.255375,-0.148783,-0.331876,0.0222411,-0.508187,-0.428698,-0.361511,0.632739,0.122485,-0.136426,0.0718307,-0.71935,-0.0678711,0.2049,-0.00120557,0.561222,0.500823,0.0057409,-0.12823,0.242704,-0.000825409,-0.191015,-0.216879,-0.0121926,0.128302,-0.620534,0.0834463,0.092974,0.414248,0.140357,0.142221,0.308483,0.0258372,-0.523112,-0.130189,0.369398,0.596634,0.663595,0.00511143,-1.33123,0.524833,-0.255392,0.0997773,0.555921,0.262453,-0.633966,-0.261223,0.620211,-0.459238,0.330933,-0.65526,0.959002,0.0927016,-0.309538,-0.263409,-1.10831,0.722093,-0.746554,0.359602,0.795074,0.315285,-0.643129,0.0907618,-0.61678,1.04793,1.31636,-0.175627,-0.00154621,-0.436222,0.0490309,0.967555,-0.419765,-0.505417,-0.401114,0.493003,-0.124264,0.744361,0.0215226,-0.289396,0.33536,1.12687,0.682424,-0.44667,-0.3166,0.544355,0.00473762,-0.00139892,-0.0110503,-0.0050339,1.32325e-05,-0.00910283,0.00384173,0.00599858,-0.00690653,-0.00318233,0.00433954,-0.000216429,-0.00390364,-0.00804398,-0.000852962,0.0453164,-0.880321,-0.633045,0.234752,0.156247,17.3653,0.533708,0.555486,0.461346,0.542963,0.487977,0.506334,0.474119,0.405105,0.524689,0.522422,0.561252,0.534571,0.46036,0.480277,0.547731,0.481241,0.506529,0.475039,0.583458,0.482975,0.387691,0.493292,0.493399,0.442595,0.508877,0.49941,0.485674,0.561117,0.526111,0.528215,0.480315,0.488528,0.474428,0.501715,0.460888,0.466987,0.472149,0.548643,0.509445,0.48948,0.505539,0.44475,0.494766,0.515797,0.499907,0.543174,0.502827,0.504666,0.496756,0.503607,0.498993,0.500531,0.49783,0.491955,0.50207,0.501879,0.505156,0.5029,0.496673,0.498347,0.50401,0.498428,0.500547,0.497908,0.507056,0.498574,0.490432,0.499438,0.499447,0.495171,0.500744,0.499951,0.4988,0.505144,0.502189,0.502366,0.49835,0.499039,0.497856,0.500144,0.496718,0.497231,0.497665,0.504087,0.500791,0.499119,0.500464,0.495354,0.499562,0.501324,0.499992,0.503625,0.404837,0.346155,0.608762,0.379511,0.534264,0.481932,0.573389,0.749605,0.429951,0.436319,0.331211,0.402454,0.611457,0.556075,0.366675,0.553353,0.481375,0.570813,0.276546,0.54845,0.786545,0.519133,0.518829,0.658849,0.474685,0.501683,0.540804,0.331559,0.425966,0.420088,0.555967,0.532698,0.572524,0.495105,0.610013,0.593244,0.578897,0.364239,0.473069,0.529989,0.484197,0.653228,0.514933,0.455027,0.500265,0.378939,0.431163,0.387617,0.578818,0.412526,0.524658,0.487004,0.552959,0.68751,0.449467,0.454086,0.37629,0.429417,0.580803,0.540406,0.402996,0.538437,0.486604,0.551088,0.333692,0.534894,0.71867,0.513762,0.513543,0.616163,0.481789,0.50121,0.529374,0.376555,0.446572,0.442296,0.540328,0.523529,0.552331,0.49648,0.57974,0.567433,0.556965,0.40118,0.480625,0.521578,0.488634,0.611918,0.51074,0.467618,0.500191,0.412103,9.0213,9.02702,7.02673,8.28153,7.38128,7.62505,8.17598,6.26589,8.90116,7.83885,9.50209,9.03282,7.01355,8.31109,9.15555,8.43563,8.65979,7.20926,8.65927,8.29379,7.05667,8.48403,8.19969,8.18153,7.65883,8.15592,7.97349,9.87327,8.92009,9.05982,8.25843,9.33778,8.34499,8.31011,7.18938,7.84838,8.80397,8.93518,8.28918,8.14764,8.64664,7.55082,8.45042,8.72972,8.14801,9.14773,3,0,2,1,2,11,12,12,17,2,4,7,11,16,4,7,8,11,12,6,1,5,6,8,7,3,4,2,5,2,17,17,10,15,11,4,9,3,8,9,2,3,1,2,14,6,13,10,6,5,6,3,2,4,1,3,4,4,4,7,3,7,9,6,3,8,8,9,11,9,12,7,5,5,12,6,14,16,3,4,1,5,3,11,12,9,5,7,1,1,5,15,11,19,21,21,30,36,39,5,5,11,6,9,3,3,4,3,7,1,6,3,6,7,12,6,1,2,5,7,3,2,1,1,1,6,3,4,9,8,9,17,18,7,15,10,10,11,7,18,22,9,15,25,8,13,16,5,6,6,5,8,7,2,5,1,4,7,2,5,6,3,10,14,12,22,12,17,18,7,17,18,22,12,4,18,15,11,11,12,9,8,10,4,5,3,6,8,4,5
244.451,0.966045,0.0128217,8,255,0,-180.38,9.81594,0.594752,0.18724,-0.361371,0.434432,-0.526051,-0.636373,-0.671263,0.606453,-0.143775,0.756607,0.618846,0.18425,0.653913,0.42492,0.53093,-0.479117,-0.564133,0.585337,0.1195,0.580605,0.950352,-0.00983069,-1.27161,0.0484252,-0.3067,-0.593398,0.0637505,-0.434465,-0.528303,0.486278,0.280494,0.381033,-0.265243,-0.170622,-0.265432,0.323468,-0.222325,-0.00995691,-0.277287,0.421674,0.0149024,-0.0173802,0.0351223,-0.837106,0.0574456,1.29501,0.132951,-1.18707,-0.128852,-0.152277,-0.312459,0.0194161,0.179314,0.105883,-0.16739,0.125848,-0.00546062,-0.367587,0.266118,0.0128733,0.294636,-0.141975,-0.046802,0.479603,-0.647147,-0.497791,-0.0807362,0.356194,0.924812,0.611616,0.00490313,-0.523763,0.555908,0.152685,0.693847,0.252278,-0.158697,-1.04183,-1.35729,0.427136,-1.17665,0.79878,-0.536792,0.622934,-0.0729458,-0.610284,-0.197399,-1.15452,0.570442,-0.607211,0.129644,0.137321,-0.202832,-0.489339,-0.619963,-0.687684,0.639741,0.837246,0.111194,-0.315192,-0.538542,0.110318,0.539227,0.186089,-1.30103,-1.20302,0.826121,-0.528673,0.979192,-0.0852136,0.758644,0.505502,1.18578,0.309796,0.300589,-0.292702,-0.990462,-0.00394632,-0.000636093,-0.0110665,-0.00725828,0.00402494,0.00395681,-0.00760403,-0.00596836,0.00309181,-9.51001e-05,-0.00409166,-0.00162653,-0.000154461,0.00126718,-0.00211694,0.026874,-0.877756,-0.26486,0.22109,0.10783,23.3607,0.456779,0.551901,0.437259,0.424285,0.420203,0.572206,0.482768,0.589735,0.57366,0.522077,0.577768,0.550773,0.563317,0.442805,0.43277,0.569725,0.514324,0.569169,0.612015,0.498821,0.35209,0.505806,0.463293,0.429328,0.507643,0.448095,0.436993,0.558042,0.533581,0.545559,0.46824,0.479554,0.468217,0.538706,0.473368,0.498806,0.466802,0.550387,0.501787,0.497916,0.504211,0.400957,0.506887,0.650466,0.515935,0.361393,0.5582,0.430174,0.584295,0.601526,0.606925,0.403124,0.523244,0.379979,0.401196,0.470226,0.395757,0.431684,0.414938,0.5769,0.590269,0.406417,0.480676,0.407156,0.350916,0.50159,0.694855,0.492166,0.549458,0.594841,0.489687,0.569831,0.584649,0.42197,0.454744,0.438664,0.542808,0.527576,0.542838,0.447857,0.535907,0.501611,0.544741,0.432199,0.497589,0.502812,0.494318,0.632215,0.490707,0.301944,0.478504,0.683134,0.578641,0.405807,0.613428,0.636124,0.643183,0.369977,0.531508,0.339816,0.367445,0.459656,0.36032,0.407822,0.385557,0.603614,0.621324,0.374307,0.473801,0.37528,0.302763,0.502157,0.753275,0.489375,0.566898,0.627348,0.486014,0.5942,0.613896,0.394883,0.438758,0.417157,0.557943,0.537371,0.557984,0.429492,0.548633,0.502185,0.560549,0.40851,0.49673,0.503814,0.492293,0.675852,0.487397,0.242927,0.470858,0.739228,0.52391,0.471266,0.534776,0.542038,0.544331,0.45993,0.509519,0.450068,0.459115,0.487802,0.456809,0.471894,0.464902,0.531682,0.537285,0.461319,0.492088,0.461631,0.437403,0.500651,0.583412,0.496794,0.520297,0.539211,0.495779,0.528736,0.534925,0.467846,0.481436,0.474791,0.517556,0.511296,0.517568,0.478595,0.514717,0.500659,0.518352,0.472108,0.499013,0.501151,0.497674,0.555203,0.496196,0.415082,0.491198,0.577961,8.20414,9.06262,7.03052,6.88777,6.86249,8.34499,8.22033,8.51853,9.34201,7.85532,9.38314,9.11738,8.25756,8.06759,7.73261,9.30381,8.76278,8.31508,8.74177,8.37598,7.15526,8.68018,8.2018,8.18209,7.71531,7.87967,7.77092,9.70909,8.94979,9.06705,8.07923,9.32106,8.31607,8.93388,7.36782,8.54653,8.72508,9.04782,8.40154,8.53791,8.66472,7.58794,8.45417,9.88275,8.04074,7.25184,3,5,4,6,2,7,7,6,10,1,8,2,6,5,4,11,5,6,3,6,2,7,4,5,6,0,1,0,2,3,8,14,14,8,15,2,0,3,17,21,13,2,3,1,7,13,10,8,15,2,3,4,5,1,9,1,6,2,1,16,12,15,9,4,3,5,6,4,15,4,7,5,2,3,7,9,4,9,4,3,0,5,2,3,2,2,0,3,2,2,2,11,21,17,11,7,17,20,19,4,7,3,8,5,3,3,2,9,4,5,6,6,5,8,5,10,8,4,5,2,2,2,0,0,0,2,1,1,22,15,14,12,11,15,19,15,13,13,23,13,13,11,12,11,6,22,11,5,2,3,6,3,10,8,5,6,14,17,17,6,6,6,7,16,11,17,9,11,18,9,10,15,17,14,18,10,23,21,13,15,9,9,12,15,14,8,3,1,6,7
235.459,0.8876,0.0128217,8,255,0,-176.859,9.47226,0.554087,0.231844,-0.081475,0.558269,-0.517672,-0.827451,-0.853797,0.298177,0.0202058,1.56263,0.167942,0.19042,0.333766,0.23308,0.592896,-0.318695,0.406347,0.966628,-0.243461,-0.109914,0.919013,0.109737,-1.389,-0.216435,-0.148815,-0.596133,0.0764693,-0.343886,-0.512174,0.829109,0.171442,0.0931741,0.0791688,-0.0287248,-0.595593,0.652792,0.609865,-0.14425,-0.421717,-0.592126,0.56937,-0.213004,-0.0534956,-0.706287,0.272424,-0.0560868,0.128126,0.288322,-0.0305179,-0.335859,-0.344541,-0.225765,0.0465515,0.00193779,-0.398006,0.1968,0.106011,-0.172635,0.00367946,0.00157929,0.418969,-0.0139859,0.31199,0.810088,-0.363594,-0.540729,-0.0647277,0.357069,0.963401,0.6719,0.00436812,-0.900068,0.845838,-0.0987462,-0.090129,0.214815,-0.0795378,-0.50656,-1.4096,0.709879,-0.406682,0.510823,-0.561443,0.489447,0.140393,-0.308294,-0.555383,-0.946488,0.544111,-0.828421,0.298693,0.113559,-0.524337,-1.21371,-0.416355,-1.07396,0.781543,1.08335,-0.171389,0.190218,-0.581286,-0.276344,0.370882,-0.24755,-0.451035,-0.668844,0.50448,-0.281549,1.12267,-0.815475,0.0408863,0.24938,1.05366,-0.0287678,-0.0623309,-0.537324,1.3162,-0.00267971,0.000405849,0.00361666,0.00583136,-0.0016327,0.00127596,-0.00158558,-0.00117671,-0.00357044,0.00122778,-0.00173001,-0.00140207,-0.0029248,0.0101648,-0.0104892,-0.00622001,0.479974,-0.623305,0.271207,0.0688102,19.6943,0.483506,0.611173,0.39667,0.338428,0.333666,0.560095,0.504092,0.780035,0.53396,0.538488,0.567186,0.547064,0.617818,0.435813,0.581559,0.686338,0.450853,0.477755,0.677975,0.522209,0.245046,0.456279,0.469898,0.381563,0.515482,0.430802,0.397736,0.661873,0.534665,0.518861,0.516028,0.494183,0.381666,0.629208,0.621059,0.470819,0.415414,0.382329,0.613308,0.456969,0.489168,0.36074,0.554949,0.488643,0.525925,0.558127,0.507405,0.449428,0.546917,0.574652,0.576992,0.472923,0.498163,0.361661,0.484739,0.482698,0.469698,0.478826,0.446314,0.528937,0.463131,0.413028,0.522116,0.50999,0.417232,0.490026,0.623641,0.519663,0.513524,0.553976,0.493049,0.531218,0.546422,0.425201,0.484421,0.491531,0.492804,0.502611,0.553928,0.440939,0.44479,0.513109,0.538259,0.553617,0.448429,0.519352,0.504863,0.56385,0.475257,0.505098,0.488356,0.473816,0.490225,0.566591,0.4382,0.401996,0.39896,0.535718,0.502425,0.679184,0.520141,0.522833,0.539964,0.527939,0.570667,0.461833,0.548605,0.613952,0.470819,0.486814,0.608522,0.513165,0.33924,0.474053,0.482151,0.428952,0.509175,0.458829,0.43885,0.598195,0.52056,0.511178,0.509499,0.496553,0.429015,0.577696,0.572662,0.482698,0.449569,0.429423,0.567899,0.474463,0.493581,0.416053,0.532643,0.49327,0.515369,0.534542,0.512693,0.413874,0.579974,0.626154,0.62999,0.453669,0.496851,0.274085,0.473854,0.470362,0.448177,0.463744,0.408648,0.549498,0.437017,0.353771,0.537865,0.517121,0.360585,0.482907,0.703865,0.533675,0.523173,0.591839,0.488086,0.553382,0.579139,0.373604,0.47331,0.485485,0.487666,0.504476,0.591758,0.399658,0.406095,0.522463,0.565339,0.591236,0.412197,0.533143,0.508335,0.608314,0.457651,0.508739,0.480045,0.455192,8.65142,9.06508,6.93872,6.34749,6.54062,7.91386,8.13113,9.39694,8.94995,7.78505,9.40036,9.02786,8.26502,8.36774,8.59276,10.1504,8.45763,7.42559,8.65044,8.23829,7.10846,8.48995,8.22025,8.19172,7.6487,8.11314,7.91254,9.79673,8.95414,9.11268,8.20171,9.30334,8.29009,9.1773,8.06098,8.22571,8.65348,7.69142,9.20435,8.14347,8.68491,7.55605,8.43287,8.0398,8.05803,9.09388,4,6,4,3,1,8,22,5,16,5,1,7,4,7,2,4,4,8,8,4,0,3,8,7,9,4,1,2,4,1,21,17,15,20,25,2,6,4,8,5,13,7,3,3,14,19,12,10,14,3,2,2,2,6,3,4,0,3,2,10,11,7,5,3,4,5,7,9,13,11,13,9,3,8,10,6,8,0,1,4,1,8,4,3,8,5,8,5,3,3,3,12,14,25,14,15,21,25,19,3,5,9,4,14,3,2,3,4,4,4,4,11,10,6,15,6,6,1,1,1,6,3,5,1,7,7,4,5,4,11,12,11,11,16,13,16,13,15,17,9,19,13,16,27,11,19,10,3,6,10,4,5,6,0,2,1,4,4,11,5,3,6,5,23,17,11,14,15,15,19,14,24,21,22,8,33,18,13,19,11,8,13,7,5,3,4,8,3,7,2
217.455,0.721493,0.0128217,8,255,0,-152.013,8.99858,0.572096,0.311319,0.0760575,0.648234,-0.738395,1.61971,-0.103372,1.07186,-0.0167139,-0.326397,0.337424,-0.0226409,0.633416,0.391268,-0.181138,-0.378119,0.682227,0.967598,0.31791,-0.203766,0.72837,0.0657338,-1.31527,0.160632,-0.0652879,-0.374414,-0.172703,-0.372325,-0.541825,0.693373,0.2589,0.384574,-0.0258287,0.037558,-0.278942,0.532369,-0.0944752,0.826318,-0.183127,-1.20745,-0.834649,0.216731,-0.00972794,-0.609413,0.160349,0.642214,0.0155597,-0.00297795,0.112549,-0.15481,-0.327918,-0.0391247,0.131447,0.812334,-0.25324,0.261618,0.140854,-0.334678,0.132104,0.191526,0.436285,0.00335748,0.119184,0.812554,0.123544,-0.414843,-0.0765244,0.357545,0.499142,0.799773,0.00550807,-1.23992,0.563187,-0.773051,0.340628,-0.268689,-0.15953,-1.11141,-0.766705,0.520035,-1.19876,0.884502,-0.93516,0.504755,-0.0613882,-0.789073,-0.125566,-1.54188,0.238967,-0.997697,-0.330446,-0.16583,-0.238643,-0.849766,-0.538288,-0.283838,0.878149,0.971459,0.458903,0.279838,-1.27554,0.197248,1.3429,-0.262334,-0.407231,-1.52016,0.788859,-0.223014,0.894744,0.0226822,0.491667,0.520295,0.95351,0.864458,0.857185,-0.766093,-0.452446,-0.00323556,0.00164383,0.00192082,0.00872457,0.0126096,0.00695552,-0.00125472,-0.00287073,-0.00486676,-0.00200574,0.000853878,-0.00360024,0.000159821,-0.0092183,0.00988503,-0.0803745,-0.328969,0.0852354,0.347914,0.210598,29.8445,0.515445,0.628719,0.354347,0.788533,0.479013,0.704942,0.496605,0.434082,0.568118,0.495401,0.625904,0.578819,0.46327,0.423788,0.635143,0.68702,0.564223,0.458702,0.643787,0.51335,0.255645,0.532584,0.486741,0.424523,0.464975,0.424938,0.391679,0.63724,0.5524,0.577492,0.494753,0.507629,0.443577,0.606489,0.480818,0.661823,0.462868,0.27267,0.336664,0.543913,0.498024,0.378674,0.532527,0.627576,0.503161,0.499395,0.502349,0.520011,0.47721,0.54986,0.496807,0.533057,0.499484,0.48992,0.51042,0.499301,0.519554,0.512082,0.494406,0.488324,0.521059,0.52985,0.509818,0.493707,0.522481,0.50203,0.459466,0.504961,0.497984,0.488438,0.494666,0.488502,0.483271,0.521402,0.507996,0.511876,0.499202,0.50116,0.491385,0.516437,0.497082,0.5255,0.494344,0.462776,0.474244,0.506694,0.4997,0.481187,0.504952,0.519825,0.500481,0.499908,0.493745,0.446889,0.56043,0.369856,0.508501,0.41275,0.501375,0.526818,0.472278,0.501862,0.448094,0.467866,0.514893,0.531057,0.444126,0.421088,0.473878,0.516752,0.440382,0.494594,0.606514,0.486792,0.505369,0.530754,0.5142,0.530583,0.544443,0.443221,0.47872,0.468414,0.502124,0.496911,0.522925,0.456328,0.507769,0.432457,0.515056,0.598018,0.568215,0.482183,0.5008,0.549952,0.486816,0.447378,0.49872,0.500245,0.501621,0.51381,0.484271,0.53446,0.497797,0.522824,0.499644,0.493045,0.50719,0.499518,0.513494,0.508337,0.49614,0.491943,0.514533,0.520607,0.506774,0.495658,0.515516,0.501401,0.472002,0.503423,0.498609,0.492022,0.49632,0.492067,0.488456,0.514771,0.505517,0.508194,0.49945,0.5008,0.494056,0.511342,0.497987,0.517601,0.496098,0.474293,0.482222,0.504618,0.499793,0.487017,0.503417,0.513681,0.500332,0.499937,8.75896,9.05157,6.98685,9.50551,7.7256,9.08888,8.22322,7.46521,9.06412,7.81995,9.38108,9.12687,7.63474,8.22857,9.03739,9.76619,9.04137,7.60832,8.6944,8.31959,7.15123,8.85778,8.21996,8.18422,7.64459,7.85347,7.65629,9.67962,8.97253,9.09195,8.21256,9.30647,8.31709,8.9172,7.53477,9.25723,8.78936,6.8995,7.31765,8.54951,8.65869,7.58595,8.43014,8.99108,8.03835,8.66658,2,5,2,4,4,12,8,5,1,6,2,4,5,4,5,3,10,10,3,4,7,4,4,4,6,0,2,1,3,3,8,8,13,12,13,2,3,0,6,7,8,4,6,3,7,10,12,12,10,4,0,5,3,4,5,3,1,2,1,6,2,2,11,2,4,2,3,6,2,6,3,10,2,5,7,8,10,8,1,1,1,3,6,6,2,4,4,7,2,5,7,19,17,14,10,20,29,24,19,6,3,16,3,17,2,0,1,11,10,6,5,4,8,12,22,5,0,3,3,4,6,5,1,2,0,2,1,1,14,19,9,16,4,13,13,10,6,8,4,12,13,17,9,11,19,6,11,6,4,13,6,8,5,10,6,8,8,9,18,9,5,3,5,24,21,9,17,13,14,18,8,20,14,26,13,17,5,15,11,12,7,12,13,6,11,15,5,3,5,6
225.453,0.842047,0.0128217,8,255,0,-146.996,8.61679,0.467437,0.302921,-0.422231,0.82194,-0.669801,-0.283345,-0.134092,0.428228,0.0804578,0.106484,0.197196,-0.00127718,0.53457,0.763057,-0.575873,-0.0772338,0.264277,-0.322231,-1.40066,-0.819989,0.783701,0.148598,-1.17158,-0.019715,0.0559027,-0.568404,-0.0629702,0.209974,0.01337,0.767579,0.539483,0.202335,-0.037897,-0.103743,-0.50416,-0.524287,0.548903,-0.613518,0.143433,-0.252242,0.512365,-0.0136966,0.27925,-0.580138,0.252951,-0.63815,0.365838,0.10187,0.0318302,0.174876,-0.0952033,-0.11808,0.5544,0.042687,-0.482339,-0.17024,-0.321192,-0.61823,0.387817,-0.014067,0.0531578,-0.293965,0.428423,0.349442,0.510069,-0.351266,-0.0200603,0.355593,0.283695,0.678684,0.00842879,-0.673991,0.858521,0.103861,0.249901,0.469263,0.316919,-0.998471,-1.11602,0.812077,-0.802549,0.671491,0.0981975,0.805952,-0.16641,-1.83123,-0.582706,-1.33196,0.851617,-0.293839,0.677382,0.145952,0.08752,-0.484251,-0.384667,-0.758167,0.95513,1.2047,-0.587765,-0.439412,-0.828256,-0.0754864,0.23507,-0.237388,-0.410818,-0.585524,0.41612,-0.222881,0.974314,0.269607,0.0664326,0.412928,1.01557,0.235185,-0.39365,0.0601647,0.866414,0.000958129,-0.000460262,-0.00467067,0.0013295,0.0091501,-0.00498511,-0.0127222,0.00534925,-0.00255475,0.0002495,0.00689729,-0.00171862,-0.000549566,0.00945838,-0.0116626,0.0231844,0.130929,-0.102328,0.221777,0.116133,13.1584,0.46318,0.571315,0.441752,0.475267,0.488288,0.537341,0.507028,0.509301,0.51722,0.499888,0.546565,0.566269,0.449861,0.493253,0.523071,0.471879,0.380024,0.428851,0.56804,0.512979,0.399056,0.498278,0.504884,0.450507,0.494499,0.518335,0.501168,0.566657,0.54699,0.517669,0.496689,0.490938,0.45607,0.454326,0.547806,0.446607,0.512528,0.477978,0.544641,0.498803,0.524376,0.449492,0.522084,0.444481,0.531916,0.508898,0.446365,0.603303,0.41541,0.463931,0.482908,0.55439,0.510258,0.513575,0.525125,0.499837,0.567748,0.596093,0.42709,0.490153,0.533649,0.459002,0.32862,0.396935,0.598626,0.51894,0.354896,0.497486,0.507128,0.428022,0.491971,0.52675,0.501705,0.596648,0.568363,0.525778,0.495168,0.486774,0.436063,0.43354,0.569541,0.422398,0.518282,0.467879,0.564966,0.498253,0.535549,0.426557,0.532211,0.419336,0.546516,0.512987,0.486183,0.526878,0.47809,0.490727,0.495611,0.514013,0.502634,0.503485,0.506454,0.499958,0.51749,0.524956,0.481159,0.497472,0.508649,0.489454,0.454281,0.473186,0.52563,0.504864,0.461727,0.499355,0.50183,0.481403,0.497939,0.506872,0.500438,0.525103,0.517651,0.506622,0.49876,0.496604,0.483504,0.482846,0.517959,0.479929,0.504695,0.491744,0.516765,0.499552,0.509139,0.48102,0.508279,0.479124,0.511972,0.503334,0.5108,0.478985,0.517128,0.507248,0.50343,0.489047,0.497942,0.497276,0.494955,0.500033,0.486328,0.480489,0.514728,0.501976,0.49324,0.508243,0.535771,0.520965,0.479962,0.496199,0.529936,0.500504,0.49857,0.514537,0.501611,0.494629,0.499658,0.480374,0.486202,0.494824,0.500969,0.502654,0.512895,0.513409,0.485962,0.51569,0.496331,0.506453,0.486896,0.50035,0.492857,0.514837,0.493529,0.516319,0.490642,0.497394,7.90178,9.0657,7.04818,7.68595,7.63458,8.2505,8.24525,7.89814,8.58026,7.78008,9.54643,9.19946,7.1509,8.27962,8.44661,8.60806,6.83424,6.88406,8.63927,8.3199,7.08337,8.34264,8.2274,8.18058,7.7125,8.07338,7.858,9.73239,8.95501,9.18269,8.11559,9.24534,8.4089,7.592,8.59742,7.49439,8.55436,7.88983,8.40445,8.15115,8.67014,7.5309,8.4342,7.45841,8.06993,8.47584,1,5,3,2,3,14,20,10,6,3,7,5,7,6,1,4,10,6,7,8,2,14,5,2,15,5,3,1,1,1,15,21,6,9,11,5,4,2,2,10,15,9,3,5,12,18,9,5,3,2,0,0,4,3,3,3,1,2,2,10,8,19,25,3,7,9,19,11,14,14,13,7,7,9,8,9,9,12,7,0,4,6,3,2,3,4,5,2,4,2,1,17,19,18,17,29,18,51,16,1,5,6,7,7,2,2,2,3,8,3,2,5,2,6,8,5,7,5,3,4,3,3,1,7,5,0,0,0,11,11,8,11,7,5,14,10,12,19,14,15,12,7,5,9,8,6,10,7,10,4,5,13,3,6,0,4,10,9,7,14,8,9,9,17,16,21,20,12,10,11,14,21,12,15,7,24,9,22,23,5,10,10,13,4,3,5,8,4,14,6
214.162,0.662108,0.0128217,8,255,0,-146.335,9.92399,0.622512,0.342701,-0.294547,0.806637,-0.542675,0.336839,-0.143625,1.29757,-0.117564,0.799644,0.409735,0.151854,0.620058,0.782903,-0.308694,-0.230826,0.592699,-0.348498,-0.380165,1.13937,0.900045,0.0824372,-1.15361,0.25022,0.0156644,-0.284565,0.0543379,0.206639,0.104133,0.876797,0.52413,0.19379,0.108589,0.182085,-0.474772,0.356365,0.653187,-0.393486,0.220401,0.598759,-0.260073,0.169509,0.273768,-0.648856,0.187977,0.459189,0.133151,-0.0500712,-0.420209,0.352407,-0.360607,0.107536,0.016661,0.501295,-0.162299,0.34389,-0.423607,-0.641754,-0.0123,0.214925,0.284478,0.0421944,0.487813,-0.422831,-0.369925,-0.462279,-0.101647,0.354105,0.703738,0.716999,0.00883654,-1.15335,0.516043,-0.276497,0.654133,0.382418,0.114186,-1.19591,-1.46925,0.613533,-1.09524,0.123029,-0.226701,1.14891,0.687979,-0.804545,-0.313679,-0.972064,0.881835,-0.292509,0.297713,0.457968,0.03788,-0.944982,-0.412561,-0.626183,0.627207,0.856875,0.154956,-0.0348114,-0.427153,0.194504,1.19799,-0.433438,-0.48026,-0.859253,0.978246,-0.262583,1.0209,-0.318795,0.594868,0.559005,1.13951,0.630502,0.123148,-0.62943,1.6639,-0.0208173,0.00234817,-0.00895059,6.68852e-05,0.00719811,-0.0147818,0.0100091,0.00437851,0.00134628,0.00638949,-0.0175235,0.000236596,-0.00120078,0.00943131,-0.0143041,0.0278532,-0.628437,-0.112925,0.217452,0.0891149,17.5212,0.531096,0.415549,0.557115,0.464454,0.515178,0.366177,0.512425,0.416268,0.456796,0.483953,0.434828,0.417989,0.532585,0.524381,0.437673,0.536772,0.5401,0.381837,0.40599,0.491287,0.619584,0.473574,0.498344,0.530045,0.494256,0.478171,0.488994,0.408363,0.444821,0.479526,0.488523,0.480762,0.550019,0.462401,0.431389,0.541499,0.476719,0.437042,0.527464,0.482089,0.471093,0.568162,0.48014,0.451612,0.485929,0.505293,0.527213,0.42595,0.550019,0.468889,0.513279,0.382252,0.510871,0.426583,0.46218,0.48596,0.442906,0.428098,0.528517,0.521334,0.445405,0.532185,0.5351,0.396163,0.417523,0.492377,0.605097,0.476876,0.498551,0.526293,0.494975,0.480899,0.490371,0.419616,0.451679,0.482086,0.489959,0.483167,0.543795,0.467091,0.439885,0.536326,0.479628,0.444851,0.524033,0.484329,0.474703,0.559721,0.482623,0.457635,0.487688,0.504631,0.546144,0.375916,0.584442,0.447276,0.522549,0.306733,0.518462,0.376947,0.43598,0.47616,0.403797,0.379421,0.548347,0.536201,0.407943,0.554534,0.559445,0.32827,0.362248,0.487051,0.673701,0.460769,0.497539,0.544589,0.491464,0.467581,0.483646,0.36563,0.418391,0.469591,0.482946,0.471424,0.574043,0.444245,0.398795,0.561507,0.465428,0.407024,0.540769,0.473394,0.457094,0.600552,0.470501,0.428354,0.479093,0.507866,0.508315,0.477243,0.515316,0.490492,0.504055,0.463433,0.503319,0.47744,0.488435,0.495713,0.482502,0.477912,0.508714,0.506516,0.483274,0.509837,0.510731,0.467878,0.474612,0.497673,0.532522,0.492936,0.499558,0.508033,0.498466,0.494167,0.49706,0.475267,0.485207,0.494529,0.496934,0.49486,0.5134,0.489941,0.481568,0.511107,0.493778,0.483103,0.507342,0.495215,0.492272,0.51831,0.494693,0.487039,0.496241,0.501414,8.00762,9.07454,7.0347,8.31808,7.46508,9.01774,8.10325,8.48224,8.76738,7.78386,9.52938,9.16956,7.28701,8.07636,8.86934,8.48469,7.91528,8.84777,8.59034,8.31903,7.08233,8.59533,8.2217,8.17751,7.67866,8.12118,8.0106,9.62408,8.89072,9.06972,8.34724,9.35143,8.34852,8.58924,8.65914,7.78033,8.60146,8.85058,7.61767,8.38768,8.62073,7.50503,8.43289,8.72541,8.04506,8.27136,1,2,5,2,3,14,9,8,8,4,2,3,8,11,8,11,8,6,11,4,8,9,4,9,8,1,0,1,1,1,8,13,13,13,5,2,2,3,5,6,8,2,7,1,19,11,24,12,9,8,2,0,3,1,2,2,3,5,5,8,11,11,10,4,3,13,10,6,6,4,16,10,3,10,9,6,6,3,1,1,1,6,2,7,5,6,1,1,1,4,5,12,7,10,6,13,7,14,21,2,4,3,10,5,4,2,2,10,13,6,6,6,9,8,14,18,5,0,2,4,1,2,2,6,1,0,2,0,15,14,17,14,9,11,4,7,8,21,22,4,21,20,11,19,11,11,8,6,5,5,5,4,5,6,2,3,12,18,7,3,7,8,9,11,11,11,7,15,9,10,18,19,23,24,10,21,31,12,13,9,18,11,10,7,2,7,2,1,1,2
219.248,0.954552,0.0128217,8,255,0,-150.934,9.07133,0.460056,0.33101,0.589681,0.708343,-0.298258,0.418699,-0.16501,-0.10804,-0.124375,0.443928,0.638601,0.502437,0.635398,0.475533,-0.100458,-0.105059,-0.40633,-0.532573,-0.246705,0.0454074,1.24262,0.0149377,-1.23716,0.032907,0.0481048,-0.524087,0.355006,-0.400117,-0.567279,0.872833,0.469329,0.167949,-0.0389552,0.498364,-0.428751,-0.499269,-0.271193,-0.0297005,0.158253,-0.624578,0.776498,0.0451639,0.157211,-0.497069,0.129614,0.327315,0.116993,1.48134,-0.0395361,0.261736,0.18231,0.10575,-0.328994,-0.0753085,0.132413,0.382263,-0.180003,-0.264962,-0.0370221,-0.29252,0.445196,-0.211972,0.5671,0.76116,0.155098,-0.309589,-0.146549,0.351642,1.00031,0.803832,0.0122183,-1.13144,0.955519,0.546241,0.000399535,0.547928,0.192283,-2.01598,-0.613848,0.710248,-1.30072,0.871082,-0.546498,0.781855,-0.529087,-0.232771,-0.554462,-1.82779,0.566722,-0.50548,0.343007,0.322419,0.790377,-0.61444,-0.639134,-0.169095,0.861392,1.10949,-0.367515,0.410763,-0.415766,-0.103892,-0.385826,0.263242,-0.458433,-0.781967,0.580433,-0.861608,1.44571,-0.688163,0.422028,0.334457,1.31428,0.375354,0.248545,-0.11683,-0.305338,0.00456057,0.0038797,-0.00479497,0.00504361,0.0197115,-0.0145864,-0.0133962,-0.00179545,-0.00727164,-0.00650828,0.0154149,8.74203e-05,-0.000673837,0.0114694,-0.00919228,0.0136891,-0.140927,-0.427847,0.204649,0.0536649,23.7176,0.610364,0.631618,0.443487,0.579007,0.468641,0.479453,0.47635,0.58368,0.619182,0.59446,0.618607,0.589514,0.480893,0.480019,0.42329,0.400022,0.453192,0.50864,0.720277,0.502842,0.280562,0.506262,0.509153,0.401573,0.567146,0.424445,0.393699,0.660241,0.588371,0.531915,0.492588,0.593713,0.419129,0.406121,0.448577,0.494349,0.530078,0.383338,0.643604,0.508593,0.52988,0.406525,0.524644,0.561965,0.522248,0.755385,0.522849,0.527438,0.488437,0.516229,0.493602,0.495811,0.495178,0.517206,0.524741,0.519472,0.524617,0.51843,0.496105,0.495926,0.48425,0.479361,0.490435,0.501761,0.548034,0.500579,0.452176,0.501276,0.501865,0.47969,0.513762,0.484491,0.478018,0.533792,0.51819,0.506512,0.49849,0.519314,0.483381,0.480651,0.489486,0.498848,0.506136,0.475801,0.530072,0.501751,0.506096,0.480736,0.505026,0.512689,0.504536,0.557187,0.479236,0.475065,0.510507,0.485253,0.505813,0.503806,0.504382,0.484365,0.477516,0.482306,0.477629,0.483252,0.503539,0.503701,0.514312,0.518755,0.508691,0.4984,0.456332,0.499474,0.543477,0.498841,0.498305,0.518456,0.487495,0.514093,0.519976,0.469287,0.483471,0.494083,0.501372,0.482449,0.515101,0.517583,0.509553,0.501046,0.494425,0.521991,0.47267,0.498409,0.494461,0.517505,0.495434,0.48847,0.495878,0.447998,0.437259,0.424809,0.531859,0.455335,0.517642,0.511554,0.5133,0.452659,0.432116,0.446464,0.432452,0.449311,0.510744,0.511235,0.543353,0.55672,0.526364,0.495143,0.370132,0.498402,0.629323,0.49648,0.494855,0.555824,0.462101,0.542693,0.560381,0.40771,0.449968,0.482044,0.504167,0.446895,0.545732,0.553201,0.528975,0.503177,0.483079,0.566411,0.4177,0.495169,0.483191,0.552968,0.48614,0.465047,0.487489,0.346652,9.11516,9.03347,6.97584,8.65665,7.12903,7.19457,8.14445,7.82919,9.17109,7.89626,9.55374,8.98446,7.2033,8.31703,7.82042,8.21237,8.15411,7.37116,8.73664,8.30477,7.02633,8.4758,8.27605,8.14436,7.72715,7.91593,7.72436,9.80395,8.97734,9.0175,8.24275,9.43852,8.33136,7.64696,7.86333,8.18651,8.71401,7.50356,9.26643,8.27267,8.61883,7.64948,8.43673,8.66402,8.08171,10.1225,5,0,3,2,2,10,6,12,10,9,2,7,2,4,3,1,2,12,11,8,7,7,9,7,8,0,0,0,4,6,6,20,2,11,19,1,1,1,8,8,11,2,4,3,10,7,12,1,2,8,6,1,2,2,1,0,2,0,1,5,5,7,17,3,5,0,6,4,9,7,8,12,6,7,9,5,14,15,4,2,1,4,5,6,2,5,2,3,3,7,7,16,9,9,7,19,17,26,13,2,2,12,5,10,4,3,6,2,3,6,2,1,7,8,3,3,7,7,4,3,3,1,1,3,0,1,2,4,14,7,9,18,19,11,29,21,25,17,20,20,15,26,8,6,12,8,13,2,0,2,2,4,2,1,0,3,8,5,9,7,7,8,13,38,24,15,23,18,16,22,12,18,17,19,15,24,23,21,26,8,9,13,13,7,7,5,8,9,1,8
215.083,0.940975,0.0128217,8,255,0,-138.177,8.76472,0.5515,0.297774,0.0435071,0.832394,-0.591751,0.130166,0.441952,0.360937,0.0698697,-0.237471,0.479555,0.147284,0.506649,0.677449,-0.645789,-0.212733,0.857016,1.38656,-0.252922,0.46328,0.83101,0.10001,-1.10159,0.291897,0.153334,-0.28767,0.0638326,-0.209702,-0.424172,1.17368,0.570816,0.148525,-0.00970772,0.744709,-0.499536,-0.224715,-0.218665,-0.155387,-0.0185932,-0.341919,0.482477,0.24128,0.240669,-0.46555,0.232279,-0.72261,-0.191713,-0.485574,0.090421,0.0263949,0.0100258,-0.281388,-0.671219,-0.19124,-0.184788,0.609436,-0.108949,-0.424286,-0.535266,-0.485419,0.117078,-0.190299,0.477049,0.826941,0.150232,-0.14156,-0.10836,0.341002,1.57703,0.715075,0.0127379,-0.283956,0.639997,-0.473589,0.451885,0.427253,0.228369,-1.08456,-0.968921,0.833048,-0.384141,0.470501,-0.810846,1.32152,-0.144553,-0.520204,-0.437628,-2.18827,1.03268,-0.054572,0.134485,0.397959,0.747271,-0.88902,-0.126379,0.128794,0.215175,0.54649,-0.338191,-0.0028397,-0.239819,0.0571181,-0.396202,-0.176344,-0.222121,-0.7173,1.15836,-0.521976,1.26906,-0.230679,0.677501,0.186165,1.22091,0.424788,0.543764,-0.387338,0.687352,-0.00502577,0.0106186,0.00827162,0.0165534,0.00864407,0.0154823,0.0127187,0.0221669,0.00140448,0.0015851,0.0136562,0.00205101,-0.00448372,-0.0141126,-0.0233843,0.0473563,-0.280227,-0.578329,0.0346336,-0.0113353,17.4909,0.508993,0.665598,0.380048,0.526884,0.590364,0.574069,0.514441,0.451064,0.597862,0.530411,0.603236,0.636501,0.369578,0.456134,0.670114,0.75889,0.447902,0.594622,0.665343,0.520664,0.286805,0.560054,0.531657,0.440807,0.513193,0.456756,0.413197,0.725231,0.615864,0.530667,0.497993,0.64927,0.398172,0.453677,0.454917,0.46792,0.496156,0.42978,0.598443,0.549716,0.549591,0.404926,0.547873,0.354903,0.460449,0.400942,0.501634,0.531222,0.47779,0.504889,0.516593,0.513553,0.502624,0.491082,0.518003,0.505531,0.51902,0.525422,0.475764,0.492011,0.532143,0.551889,0.490502,0.517393,0.531171,0.503756,0.45872,0.510961,0.505759,0.489197,0.502397,0.492125,0.484074,0.543967,0.521426,0.505578,0.499635,0.527941,0.481247,0.491561,0.491788,0.494164,0.499302,0.487161,0.518113,0.509061,0.509038,0.482522,0.508723,0.472887,0.4928,0.481771,0.496952,0.441948,0.541361,0.490882,0.469078,0.474735,0.495105,0.51663,0.466454,0.489683,0.464565,0.452682,0.545119,0.514899,0.440247,0.404066,0.517711,0.46759,0.442044,0.492994,0.576567,0.479562,0.48926,0.520142,0.495528,0.514687,0.529681,0.418509,0.460096,0.489596,0.50068,0.448017,0.534939,0.515738,0.515314,0.510884,0.501303,0.523935,0.466251,0.483103,0.483146,0.532569,0.483733,0.550451,0.513428,0.533965,0.49371,0.381922,0.584731,0.481189,0.436447,0.448004,0.489899,0.53428,0.431106,0.478718,0.427267,0.403287,0.592299,0.530719,0.378567,0.309622,0.536503,0.433416,0.382111,0.485544,0.654094,0.457897,0.477845,0.541496,0.490772,0.530282,0.561022,0.336536,0.418212,0.478539,0.501404,0.393962,0.571726,0.532444,0.531573,0.522451,0.502688,0.549275,0.430691,0.465172,0.46526,0.566907,0.466467,0.602982,0.52769,0.569748,8.43381,9.0337,6.93493,8.52192,8.14838,8.05343,8.22365,7.34993,8.9458,7.80247,9.48056,9.17677,6.87192,8.13241,9.14396,10.4941,8.08519,8.17335,8.60163,8.2591,7.09853,8.72582,8.24006,8.21597,7.70431,8.05641,7.80471,9.70213,9.05247,9.06041,8.13002,9.26247,8.29913,7.79539,8.11161,7.87689,8.57913,7.65776,8.86967,8.34343,8.66566,7.51288,8.41462,7.29477,8.07754,7.81239,3,1,3,5,5,11,10,7,6,5,2,5,7,6,7,12,9,13,7,5,6,2,6,4,4,2,1,1,1,1,17,9,16,13,13,3,3,3,1,6,4,3,3,3,10,7,10,4,5,2,3,3,5,1,3,0,0,1,1,24,13,14,21,5,5,3,3,5,15,13,5,5,5,4,5,2,10,17,1,3,3,4,2,4,1,2,4,3,3,4,5,9,7,11,6,3,8,10,8,8,4,9,10,4,5,0,3,4,7,10,7,1,5,9,4,1,3,3,3,3,2,3,1,2,3,0,1,2,18,35,10,11,24,19,8,15,24,15,12,14,16,15,18,12,14,11,15,3,2,4,3,4,5,4,2,0,6,6,9,2,0,8,2,22,8,16,29,16,15,39,10,6,22,19,18,12,21,19,15,5,11,12,6,3,10,10,6,3,4,6
218.016,0.955746,0.0128217,8,511,0,-138.062,8.37615,0.459169,0.525124,0.157672,0.297284,-0.917293,-0.0314617,-0.325857,0.295325,-0.355686,0.218292,-0.368006,-0.138343,0.681192,0.27904,0.658008,-0.208545,-0.67379,-1.27002,0.0689883,-0.150658,0.488971,-0.208058,-1.03045,0.0966237,-0.225772,0.114604,-0.237086,-0.225797,-0.46313,0.440708,0.421903,0.254231,-0.274413,-0.304317,-0.2596,0.11725,0.489583,0.672814,-0.170066,0.169602,-0.183221,-0.146824,0.15299,-0.848432,-0.115033,0.768887,0.338114,0.403065,0.290405,0.0364889,-0.741781,0.0530334,0.96323,1.05113,-0.0762425,-0.29281,-0.00164017,-0.317766,0.53441,-0.283886,-0.0763996,-0.736671,0.0838449,1.07101,-0.0259358,-0.174404,-0.00982877,0.379475,0.256554,0.740686,0.0130608,-1.14946,1.00406,0.808525,0.721772,0.520846,0.233727,-0.778114,-0.252197,1.2596,-1.10422,0.964958,0.0603191,1.08049,0.303264,-0.67324,-0.102057,-0.0571874,1.18195,-0.433634,0.547568,0.228287,-0.0614514,-0.236352,-1.10895,-0.450294,0.945284,1.13565,-0.0618781,0.36849,-0.859655,0.186567,0.739133,-0.510544,-1.05742,-0.658661,0.504331,-0.405399,1.16569,-0.21408,0.219732,0.786855,1.18085,0.767358,0.145995,-0.25372,-0.59702,0.00504493,0.0170759,0.00352523,0.0225671,-0.00640715,-0.0139956,0.0118987,0.00902501,-0.00189086,-0.00171571,-0.0194929,-0.00285116,-0.00550339,0.0164895,-0.00898519,0.0942005,-0.400266,-0.123715,0.0767743,0.0802647,18.8858,0.542117,0.578933,0.27241,0.491577,0.413626,0.578421,0.4059,0.558183,0.402722,0.463026,0.674709,0.574162,0.669236,0.444393,0.327033,0.204208,0.518463,0.459748,0.628011,0.444521,0.249063,0.525848,0.439842,0.530647,0.436859,0.439835,0.378477,0.615857,0.611082,0.567653,0.42705,0.419232,0.430936,0.531353,0.628164,0.672737,0.45459,0.545287,0.451099,0.460768,0.540872,0.287271,0.469239,0.694975,0.589554,0.606276,0.498978,0.498072,0.505947,0.500204,0.502113,0.498085,0.502306,0.498585,0.502386,0.500897,0.495583,0.498191,0.495734,0.501352,0.504369,0.508234,0.499553,0.500977,0.49683,0.501349,0.506681,0.499373,0.501464,0.499257,0.501537,0.501464,0.503003,0.497143,0.497264,0.498352,0.501779,0.501973,0.501683,0.49924,0.496826,0.495638,0.501103,0.4989,0.501188,0.500952,0.499008,0.505501,0.500746,0.495015,0.497808,0.497387,0.484228,0.470287,0.590773,0.503148,0.532561,0.470482,0.535532,0.47817,0.536759,0.51384,0.432255,0.472106,0.434533,0.520856,0.567018,0.624419,0.493097,0.515071,0.451226,0.520808,0.601676,0.490332,0.522577,0.488534,0.523707,0.522579,0.546212,0.456014,0.457882,0.474582,0.527432,0.530414,0.525954,0.488269,0.451165,0.433078,0.517011,0.483035,0.518326,0.514688,0.484696,0.584093,0.511509,0.423662,0.466218,0.459754,0.495124,0.490806,0.52834,0.500973,0.510077,0.490867,0.510999,0.493249,0.51138,0.504279,0.478944,0.491371,0.47966,0.50645,0.520827,0.539199,0.497866,0.50466,0.484881,0.506435,0.531827,0.497012,0.506982,0.496456,0.507332,0.506983,0.51432,0.486373,0.486954,0.492138,0.508486,0.509411,0.508028,0.496374,0.484862,0.479203,0.50526,0.494755,0.505667,0.504541,0.495268,0.526217,0.503558,0.476237,0.489544,0.487536,8.66084,9.00779,6.83331,8.28698,7.57609,8.37387,8.11289,8.27515,7.98578,7.81654,9.59662,8.81655,8.83388,8.1899,7.71027,7.14116,8.54681,7.80072,8.62066,8.30191,7.15865,8.58236,8.33568,8.23155,7.68976,8.00059,7.69751,9.729,8.99897,9.05493,8.21683,9.35104,8.39458,8.77677,8.9544,9.48385,8.51594,8.84405,8.05524,8.43705,8.65482,7.54951,8.42142,9.54725,8.05863,8.97499,1,0,3,0,2,17,17,7,8,7,6,11,11,9,8,7,7,6,7,1,7,4,4,4,7,0,0,1,6,0,8,14,7,23,20,3,0,0,7,11,12,5,0,4,15,16,8,3,6,6,1,0,2,4,0,5,9,5,6,7,12,5,24,3,2,2,6,4,9,6,10,3,7,4,2,8,8,2,5,2,2,1,1,1,1,1,0,1,0,3,1,11,14,8,10,17,9,12,10,3,2,9,10,10,1,1,2,8,4,4,3,9,2,2,8,6,1,1,0,0,3,1,0,0,1,4,2,1,18,7,7,7,15,16,12,8,8,12,14,8,6,22,13,15,14,8,11,4,4,2,4,4,0,1,3,3,3,3,8,3,4,6,4,13,17,6,9,6,19,21,12,15,16,7,10,10,19,11,12,20,5,8,8,8,6,6,5,4,4,5
216.845,0.82003,0.0128217,9,511,0,-153.178,8.6471,0.403362,0.480755,-0.819135,0.746403,-0.70606,0.715773,0.802327,-0.0357176,-0.119561,-0.20266,0.221928,-0.0538393,0.418415,0.721663,-0.695991,0.0284173,-0.0106986,-0.333767,0.214372,0.0298598,0.524271,0.0220627,-0.642814,0.409321,0.20138,-0.824755,-0.152069,0.166834,-0.116015,0.581499,0.567153,0.0168473,-0.105001,0.613337,-0.392743,0.240911,0.182043,-0.28064,-0.0933369,0.265403,-0.268572,0.202813,0.396408,-0.298876,0.0805515,0.164843,-0.339865,0.313843,-0.285679,-0.141728,0.493975,0.161712,-0.83586,-0.947314,-0.473494,0.246778,0.0290536,-0.659473,0.136833,0.477196,0.0087648,0.72836,0.5273,1.3135,0.428889,-0.46481,-0.091967,0.385866,-0.00591654,0.772342,0.0141597,-0.503994,-0.0744243,0.874017,0.145267,-0.141554,0.620429,-0.805102,-0.655821,0.413745,-1.68626,0.256621,-1.09057,1.09441,-0.0536958,-1.36185,-0.972325,-1.18585,0.700882,-1.10954,0.321023,0.424413,-0.612467,-0.666903,-0.746792,-0.681279,0.786245,1.27262,-0.713101,-0.341302,-1.12246,0.0340697,0.288026,-0.672988,-1.09871,-1.0688,0.429608,-0.782889,0.607091,0.201781,-0.33112,0.29018,0.930405,0.496178,0.110412,-0.192972,-0.985137,-0.00662339,-0.015543,0.00208774,-0.0368675,-0.00512941,0.00971964,-0.0105983,-0.0204687,0.0129926,0.00700417,0.0178429,0.00304296,-0.00140473,-0.0196872,-0.00157135,0.159063,-0.280347,-1.07357,0.0840824,0.145794,13.1348,0.254276,0.727188,0.28345,0.719134,0.741515,0.488273,0.460819,0.433842,0.572364,0.482328,0.63404,0.720694,0.286144,0.50933,0.496487,0.392121,0.569933,0.509804,0.665662,0.507244,0.300622,0.631264,0.565746,0.252879,0.45023,0.554566,0.461977,0.682178,0.678079,0.505532,0.465575,0.691175,0.373819,0.578456,0.559495,0.408874,0.469389,0.58628,0.412711,0.566208,0.627307,0.403098,0.526426,0.55392,0.390214,0.601623,0.413063,0.579354,0.424868,0.57615,0.585188,0.49617,0.487183,0.478284,0.523778,0.494227,0.544743,0.576767,0.425923,0.503047,0.498853,0.464274,0.522969,0.503202,0.555978,0.502366,0.431509,0.543776,0.521579,0.412478,0.483701,0.517881,0.487563,0.562028,0.560513,0.501806,0.488743,0.565387,0.457988,0.525808,0.519509,0.469945,0.489994,0.528426,0.471235,0.521732,0.542402,0.467998,0.508636,0.517668,0.463623,0.5336,0.55716,0.447877,0.549325,0.450001,0.444003,0.502503,0.508379,0.5142,0.484451,0.503773,0.470708,0.449593,0.548626,0.498008,0.50075,0.523376,0.48498,0.497907,0.463322,0.498454,0.544931,0.471343,0.48589,0.557548,0.510656,0.488309,0.50813,0.459335,0.460334,0.498819,0.507359,0.457119,0.527498,0.483122,0.487244,0.519659,0.506541,0.481407,0.518814,0.485789,0.472246,0.520935,0.494355,0.488449,0.523802,0.478018,0.706698,0.309743,0.680921,0.316817,0.297056,0.509585,0.532046,0.554179,0.440716,0.514446,0.389551,0.31545,0.678568,0.492374,0.502871,0.588635,0.442717,0.491986,0.36289,0.494079,0.665991,0.391875,0.44616,0.707948,0.540724,0.455342,0.531097,0.348808,0.352315,0.495478,0.528152,0.341085,0.603875,0.435699,0.451296,0.574757,0.52503,0.429246,0.571588,0.44578,0.395184,0.579535,0.478394,0.455872,0.590219,0.416555,6.92361,9.0434,6.90342,8.51956,9.08224,7.87338,8.14378,7.62727,8.42997,7.84661,9.56325,9.14726,6.91748,8.14477,8.3045,8.45879,8.41887,7.97025,8.69202,8.35289,7.16872,8.70331,8.26154,8.20544,7.70171,8.14161,7.72414,9.67817,8.92981,8.97447,8.16526,9.19314,8.37308,8.31958,7.75186,7.55132,8.7071,8.35547,7.49987,8.26365,8.68461,7.52467,8.43927,8.56355,8.10246,8.56453,2,5,0,1,1,7,4,9,5,10,18,7,16,3,7,4,8,5,7,14,7,11,10,8,5,1,3,5,2,1,16,8,9,14,9,1,2,2,8,10,11,1,3,2,10,5,6,11,8,5,0,1,0,2,3,1,2,3,1,11,11,19,10,1,3,1,5,6,5,8,7,8,9,8,5,10,11,2,3,2,2,2,6,4,2,3,1,3,1,2,3,12,21,10,11,20,26,19,18,1,4,4,11,1,1,1,3,4,3,1,1,11,6,8,12,4,2,2,4,2,2,4,0,0,0,0,2,1,2,8,4,8,7,6,9,6,11,6,16,7,14,20,7,10,16,7,5,3,1,5,4,5,3,9,4,9,3,3,10,6,5,9,8,4,3,7,5,4,12,14,6,9,6,9,9,8,4,8,13,8,5,6,19,6,4,1,2,3,4,4
220.035,0.815234,0.0128217,9,1023,0,-142.408,7.43271,0.435454,0.722632,-0.0338433,0.57933,-0.937584,-0.237266,-0.375011,1.02725,-0.311399,-0.173949,0.933067,-0.270612,0.881283,0.504706,1.07801,0.0200095,-0.475571,-0.138932,0.37902,0.218903,0.459128,-0.195829,-0.989694,0.280599,-0.0732277,0.731792,-0.386075,-0.0271444,-0.239232,0.413177,0.535389,0.398743,-0.280256,-0.384961,-0.0750227,0.630269,-0.583018,0.419137,0.263999,0.688647,-0.0101629,0.120653,0.255062,-0.632157,-0.134734,0.0671031,0.303937,0.195636,0.552636,-1.06217,-0.82501,0.0956438,1.83169,1.079,-0.0392533,-0.0698347,0.261824,-0.1095,0.984009,-0.67586,-0.207599,-0.884243,0.124936,0.909956,-0.199906,0.217538,0.0517819,0.371318,0.816641,0.569038,0.0128691,-0.92153,0.581832,0.321133,0.354919,0.342741,-0.303393,-0.895397,-0.889466,0.404137,-0.60531,0.481087,-0.891508,0.509909,-0.5486,-0.511443,-0.728232,-1.12913,0.642698,-0.78081,0.324567,0.41146,0.099866,-0.317208,-0.257021,-0.346146,0.759034,1.2857,-0.604599,0.0769295,-0.957506,0.0401531,0.376594,-0.923005,-0.853676,-0.949891,0.618776,-0.620407,0.814317,-0.135246,0.153161,0.514192,1.19685,0.498559,0.311743,-0.598355,0.275341,-0.0031486,0.0117266,0.0260571,0.0336221,-0.00301021,0.00422536,-0.00296987,0.0204345,0.00804178,-0.00741167,0.0138954,0.0027388,0.0181794,0.0166018,-0.007319,0.0848424,-0.92168,-0.130633,0.183725,0.0475019,20.6235,0.492302,0.628822,0.29877,0.446233,0.415507,0.718039,0.42963,0.460511,0.700368,0.438748,0.690387,0.612839,0.727296,0.504552,0.39347,0.468436,0.585378,0.549634,0.602953,0.455569,0.288932,0.563489,0.483348,0.660584,0.413064,0.493825,0.445791,0.592901,0.619442,0.589727,0.436588,0.41331,0.48294,0.639574,0.370395,0.59421,0.55977,0.651727,0.497688,0.52742,0.557765,0.36003,0.469388,0.51526,0.568705,0.544388,0.501691,0.471079,0.54672,0.511855,0.518733,0.448841,0.515558,0.508692,0.453503,0.513521,0.45607,0.474798,0.446332,0.499,0.523749,0.506943,0.481067,0.489062,0.477071,0.509786,0.549301,0.48598,0.50366,0.463493,0.519285,0.501357,0.511954,0.479363,0.473269,0.480083,0.514003,0.51923,0.503749,0.468543,0.529104,0.479065,0.486809,0.465638,0.500508,0.49397,0.487256,0.531551,0.506733,0.496646,0.484815,0.490224,0.507798,0.369595,0.703528,0.554454,0.58556,0.279529,0.571264,0.539996,0.297342,0.562033,0.307409,0.385758,0.270205,0.49539,0.60786,0.531969,0.413544,0.449731,0.395759,0.545001,0.713446,0.435702,0.516867,0.337495,0.588032,0.506254,0.554902,0.40593,0.379079,0.409142,0.56422,0.587784,0.51728,0.358724,0.631197,0.404606,0.439468,0.346443,0.502342,0.472228,0.441498,0.641676,0.531006,0.484543,0.430421,0.455043,0.501105,0.481089,0.530582,0.507748,0.512245,0.466502,0.510168,0.505681,0.469565,0.508837,0.47125,0.483523,0.464852,0.499347,0.515526,0.504537,0.487624,0.492851,0.48501,0.506395,0.532277,0.490837,0.502391,0.476119,0.512606,0.500886,0.507812,0.48651,0.482522,0.486981,0.509152,0.51257,0.50245,0.479428,0.519031,0.486315,0.491379,0.477525,0.500332,0.49606,0.491671,0.520633,0.5044,0.497809,0.490075,0.493611,8.26578,9.03033,7.00563,7.35944,7.68002,9.37155,8.18649,7.92404,9.43166,7.80661,9.5445,8.91939,9.43124,8.33132,7.98777,8.31215,8.76747,8.40192,8.69306,8.32681,7.11536,8.64814,8.23889,8.19468,7.66663,8.12137,7.86346,9.67368,8.95639,8.96556,8.22427,9.33864,8.38989,9.09157,6.94123,8.83705,8.73515,9.16158,8.14204,8.47481,8.61714,7.56217,8.40109,8.64669,8.07083,8.54495,2,4,4,1,2,6,13,4,10,2,2,3,2,4,4,2,4,8,8,11,6,3,1,7,0,3,1,2,4,0,11,20,17,10,14,2,2,5,14,13,6,3,1,4,20,6,9,2,4,2,4,3,2,2,1,1,2,3,4,4,7,3,12,2,3,2,8,6,6,13,5,7,3,6,8,7,4,9,2,0,3,4,7,6,6,4,9,4,5,1,6,12,16,12,8,16,21,36,25,4,4,3,8,9,1,0,1,4,4,9,8,5,9,7,5,7,2,5,0,1,1,3,1,1,1,4,0,1,11,11,11,10,11,6,18,13,10,12,16,17,9,18,18,14,11,18,13,7,4,0,9,7,4,3,2,5,17,10,8,8,6,10,11,21,12,16,16,20,16,17,16,19,17,15,30,14,21,22,19,11,14,15,10,9,10,8,5,5,1,4
212.078,0.940383,0.0128217,10,1023,0,-148.949,10.2484,0.594564,0.767005,0.245367,0.374566,-0.405345,-0.432882,-0.405158,0.932185,0.00365486,-0.615631,1.01806,0.0995122,0.0738397,0.318444,1.15708,-0.21003,0.0649576,-0.857197,0.214323,-0.629138,0.59248,0.0742934,-1.01124,-0.230541,-0.0811153,-1.22577,0.103316,-0.167792,-0.335425,0.197067,0.305879,-0.0864348,0.0424363,0.513072,-0.574401,0.0830427,-0.505242,0.1045,-0.439372,0.54263,0.0822979,-0.0215635,0.0486434,-0.653003,0.160497,-0.184818,-0.431628,0.623799,-0.55507,0.891408,0.507208,-0.380389,-1.63555,-1.09525,-0.172978,-0.123642,-0.094009,-1.14152,-0.150828,0.103393,0.244176,0.399882,0.543889,1.43551,-0.362449,-0.606357,-0.208193,0.366164,1.64164,0.606955,0.0154767,-0.439375,0.484876,0.0245121,0.817007,0.666575,0.354063,-0.533184,-1.12967,0.610751,-0.138559,0.621884,-0.238418,1.04037,0.0852263,-0.808846,0.107872,-1.1566,0.937743,0.0233537,0.110403,0.419202,0.224399,-0.986824,-0.708661,0.139028,0.821767,0.946868,0.0816725,0.312484,-0.761026,0.075559,0.254752,-0.372541,-1.2298,-0.535134,0.617259,-0.399129,0.812508,-0.132131,-0.000172831,0.537554,1.09041,0.603694,0.106136,-0.150355,0.0765391,0.000706223,-0.00339671,-0.0111193,0.0457517,0.00839801,0.004789,-0.00452061,0.00475362,0.00674584,-0.00103536,-0.0177246,0.00428783,0.0141,0.00962931,-0.0105043,-0.052513,-0.816838,0.351993,-0.024306,0.091649,21.1423,0.587157,0.631275,0.358501,0.349462,0.358563,0.792187,0.501312,0.292403,0.811752,0.535652,0.526475,0.612333,0.840371,0.425191,0.523295,0.226092,0.576315,0.288407,0.700674,0.526637,0.189749,0.418011,0.470922,0.14684,0.53701,0.440073,0.381897,0.570255,0.608043,0.46902,0.515225,0.676234,0.304797,0.529767,0.326232,0.537433,0.347347,0.685453,0.5295,0.492262,0.51745,0.281428,0.557345,0.43406,0.349872,0.710017,0.477781,0.466112,0.536663,0.539144,0.536646,0.416327,0.499669,0.555553,0.408784,0.490984,0.49331,0.471177,0.396664,0.519022,0.494114,0.577054,0.480589,0.556762,0.446519,0.493269,0.590619,0.520878,0.50735,0.609278,0.490639,0.515199,0.530356,0.482151,0.472312,0.507831,0.496155,0.453643,0.551861,0.492476,0.545654,0.490532,0.539729,0.450989,0.492543,0.501954,0.495592,0.558895,0.485461,0.51674,0.539031,0.443716,0.450061,0.424101,0.582027,0.587489,0.58199,0.318333,0.499254,0.623134,0.303308,0.47969,0.484926,0.435335,0.279862,0.542785,0.486738,0.66823,0.456345,0.625721,0.381317,0.484833,0.695513,0.54694,0.516558,0.731306,0.478914,0.534211,0.568072,0.459844,0.437859,0.517643,0.491335,0.396733,0.615193,0.483048,0.601735,0.478673,0.588773,0.390969,0.4832,0.504403,0.490068,0.630275,0.467272,0.53767,0.587241,0.375301,0.521578,0.532913,0.464391,0.461981,0.464407,0.581302,0.500322,0.446037,0.588641,0.508756,0.506497,0.527993,0.600436,0.481526,0.505716,0.425135,0.518851,0.444862,0.551949,0.506537,0.41194,0.479724,0.492862,0.393777,0.509091,0.485239,0.470517,0.517335,0.526891,0.492394,0.503734,0.545027,0.449625,0.507307,0.455656,0.509195,0.461413,0.547606,0.507242,0.498102,0.50428,0.442789,0.51412,0.483742,0.46209,0.554674,8.94134,9.03156,7.00875,8.17625,7.00903,9.01245,8.17923,6.69673,10.0615,7.78447,9.45235,9.05295,9.31365,8.2385,8.2741,8.05976,8.89372,6.67705,8.53044,8.28854,7.07335,8.20701,8.33074,8.13974,7.79034,7.87194,7.6153,9.71881,9.03382,9.20434,8.23925,9.35105,8.46467,8.58476,8.06819,8.61793,8.73996,9.28287,8.25862,8.42288,8.6381,7.46815,8.42165,7.88802,8.09365,9.50849,4,2,1,2,3,4,8,5,4,6,2,1,11,6,10,10,15,15,11,9,6,4,10,1,10,1,0,2,3,0,11,9,5,4,10,3,6,3,7,5,4,3,4,1,21,13,14,7,1,5,1,2,1,0,6,2,0,2,1,15,16,10,6,10,6,2,4,3,4,3,7,3,9,12,6,4,7,10,3,1,0,1,1,1,0,0,1,1,7,4,5,8,13,9,3,7,13,15,13,7,12,6,6,5,2,1,3,2,7,7,3,5,5,5,5,12,3,0,2,2,1,1,1,2,3,1,2,2,11,9,2,2,18,16,14,9,15,15,12,11,6,14,5,14,8,6,7,0,1,2,2,2,4,2,1,2,4,4,1,6,7,6,6,18,10,9,10,7,13,7,6,19,8,3,15,13,5,10,9,7,10,11,11,5,6,6,4,5,1,4
207.034,0.970386,0.0128217,10,1023,0,-144.982,8.16104,0.464942,0.876895,-0.392224,0.724211,-0.928194,-1.11026,-0.210892,-1.20971,-0.168941,0.578239,-0.877338,-0.0884856,0.184004,0.659929,-0.117415,-0.419487,-0.549882,0.434197,-0.756435,-0.0255405,0.716472,0.0434099,-1.37625,0.210327,0.0336491,-0.76782,-0.258739,0.401276,0.122587,0.431404,0.31316,-0.149855,-0.108723,0.313537,-0.949981,0.352449,-0.731326,-0.0368423,0.100363,0.923245,-0.113622,0.0420197,-0.0322632,-0.79871,0.134713,-0.371876,0.671715,0.548941,0.510837,-0.897342,-0.336659,0.0631244,0.904688,1.02838,-1.09258,0.0922492,-0.0385976,-0.395792,1.51712,0.081076,-0.0137515,-0.0305072,0.498464,0.112391,-0.129661,-0.453547,0.18196,0.359308,0.736785,0.685559,0.0161614,-0.780747,0.211813,0.429163,0.936062,0.305796,0.541833,-0.666059,-0.380586,1.04686,-0.604432,0.492587,-0.704737,1.11027,0.166795,-0.519913,-0.868515,-1.18757,1.16989,-0.654886,0.0508184,0.564473,-0.250743,-1.10417,-0.945835,-0.321418,0.403959,0.92219,-0.709346,-0.00188171,-0.86813,0.145649,0.0433762,0.075207,-0.425879,-0.394744,0.471409,-0.375314,0.483586,-0.481537,0.343975,0.128986,1.21422,0.195377,-0.000394289,-0.190758,-0.0909986,-0.0096881,0.00367362,-0.0266904,-0.0139766,0.00695297,-0.0151274,0.0285803,-0.0089657,-0.0166699,0.00490458,-0.0197442,-0.0338869,-0.0301244,-0.00490419,-0.00837645,0.0915494,0.214028,-0.885087,0.0640112,0.0579289,17.1588,0.488981,0.520337,0.473944,0.468845,0.494075,0.466062,0.495253,0.516241,0.475369,0.497514,0.50517,0.518534,0.496701,0.488216,0.484554,0.512198,0.478759,0.499282,0.52012,0.50122,0.461407,0.505909,0.500945,0.478439,0.492731,0.511273,0.503444,0.512119,0.508798,0.49579,0.496945,0.508809,0.473333,0.509902,0.479463,0.498965,0.50282,0.525918,0.496808,0.501181,0.499093,0.477573,0.503785,0.489553,0.518865,0.515419,0.512711,0.476542,0.530051,0.535927,0.506836,0.539133,0.505476,0.481265,0.528408,0.502868,0.494036,0.478621,0.503806,0.513594,0.517817,0.485929,0.5245,0.500828,0.476792,0.498593,0.544493,0.493183,0.498909,0.524869,0.508386,0.486995,0.496026,0.48602,0.48985,0.504857,0.503524,0.489838,0.530755,0.488577,0.523688,0.501194,0.496747,0.470108,0.503683,0.498638,0.501046,0.525867,0.495633,0.512052,0.47824,0.482213,0.479026,0.538673,0.450498,0.440871,0.488718,0.435632,0.490961,0.5309,0.453194,0.495266,0.509844,0.535252,0.493718,0.47757,0.470611,0.523216,0.459614,0.498633,0.538261,0.502323,0.426889,0.511252,0.5018,0.459009,0.486159,0.521458,0.506559,0.523067,0.51675,0.491982,0.494183,0.51677,0.449344,0.51885,0.460949,0.498029,0.50537,0.54924,0.493921,0.502248,0.498274,0.457367,0.507208,0.480113,0.53588,0.529338,0.585927,0.345023,0.694562,0.727639,0.546529,0.744729,0.537312,0.374774,0.68493,0.519569,0.459375,0.357991,0.525957,0.591769,0.619327,0.40509,0.661394,0.505651,0.346572,0.490396,0.771729,0.453594,0.492555,0.663647,0.557003,0.412131,0.472901,0.405685,0.431147,0.53311,0.524039,0.431065,0.698637,0.422639,0.656399,0.508151,0.477807,0.306368,0.52512,0.490703,0.507138,0.669722,0.470227,0.581551,0.355597,0.380869,8.22708,9.03411,6.99853,5.41967,7.72111,6.71495,8.12651,8.51604,7.7384,7.84441,9.49423,9.28697,7.81527,8.19961,7.74276,9.74626,7.86019,7.90782,8.65529,8.34042,7.23583,8.83406,8.33847,8.19676,7.67291,8.00715,7.72642,9.74398,8.93765,9.15791,8.18717,9.25633,8.3519,8.65961,5.80139,8.26746,8.64343,9.2346,7.48847,8.3469,8.58969,7.49999,8.4324,7.92208,8.07006,9.17517,2,0,2,1,3,8,8,9,3,5,4,9,9,6,14,5,6,9,11,6,8,7,3,6,9,4,1,4,4,3,10,6,16,10,12,3,2,0,7,8,6,2,3,0,10,18,16,0,5,7,1,11,3,2,0,1,0,3,0,9,12,11,25,2,1,1,4,8,5,1,1,3,6,5,8,4,2,5,1,1,1,1,3,2,2,3,2,4,2,6,1,8,8,12,4,10,14,11,17,3,3,4,9,4,0,2,2,4,7,4,5,1,7,4,4,11,6,4,2,2,3,10,2,1,3,3,6,3,14,6,6,11,9,5,6,8,13,18,8,8,14,11,11,8,14,13,5,3,7,7,6,2,3,0,5,2,8,11,7,12,12,4,4,17,13,12,20,20,15,13,16,16,19,5,14,10,16,10,23,6,3,6,12,8,3,7,8,8,4,2
207.628,0.846655,0.0128217,9,511,0,-142.22,8.8009,0.531742,0.838575,-0.350624,1.19223,-1.15453,1.13426,0.113,0.511518,0.123413,-0.485308,1.10496,-0.297122,0.349398,0.206651,0.789433,-0.506388,0.33633,-0.767596,-0.362125,0.391788,0.545577,0.288327,-1.26229,0.184385,0.488573,-1.03513,-0.29,0.55129,0.151971,-0.084598,0.243934,0.0405725,0.131387,0.200662,-0.628796,-0.150154,0.0338147,0.145417,0.26651,-0.156239,-0.319094,0.694036,-0.0649196,-0.147868,0.369237,-0.0567006,0.499303,-0.413034,0.56327,-0.734845,0.171334,-0.314342,0.435775,-0.267455,-1.30203,-0.732275,-0.586384,-0.921181,1.34066,0.403661,0.268327,-0.249041,0.370766,0.739578,-0.274784,-0.466056,0.0312558,0.369443,-0.467241,0.636291,0.0124045,-0.372103,0.285371,0.385562,0.0155409,0.0153661,-0.384993,-1.28945,-0.764506,-0.142812,-0.644721,0.556666,-0.326545,0.282513,0.305058,-0.60882,0.0756697,-0.964393,0.205397,-0.713265,0.152567,0.971293,0.547681,-0.950897,-0.351196,-0.19546,0.610548,1.14234,-0.0744337,-0.013268,-0.167478,0.387895,-0.0242373,-0.472371,-0.531643,-0.57156,0.918369,-0.453441,1.35263,0.129402,0.115329,0.432737,1.24427,0.40484,-0.082799,0.00840196,0.533782,0.00648271,-0.00600293,-0.0212209,0.011316,0.0130317,-0.00904325,0.0103224,-0.00751086,-0.00900455,-0.00335731,-0.0189667,0.0238512,0.0201761,-0.00710483,-0.0084482,0.187894,-1.38363,0.0989088,0.251953,0.10366,23.3404,0.435532,0.707184,0.298623,0.698228,0.520881,0.593465,0.522803,0.41122,0.693642,0.445284,0.564245,0.538134,0.641952,0.407451,0.561867,0.361768,0.433442,0.571937,0.599527,0.553109,0.282202,0.534039,0.589364,0.317441,0.446585,0.600541,0.528069,0.484363,0.54498,0.507501,0.524274,0.537033,0.38579,0.472266,0.506252,0.526861,0.549117,0.471144,0.441274,0.625578,0.487999,0.472687,0.567849,0.489518,0.591283,0.424221,0.524068,0.418823,0.578653,0.422706,0.492238,0.464919,0.491523,0.533289,0.424672,0.5204,0.476016,0.485808,0.445981,0.534731,0.476912,0.552536,0.524856,0.473112,0.462591,0.480203,0.585855,0.487336,0.466487,0.570634,0.519911,0.462201,0.489562,0.505811,0.483249,0.497213,0.490975,0.486219,0.543089,0.510313,0.497677,0.490012,0.4817,0.510731,0.521906,0.452467,0.50446,0.510157,0.474657,0.503895,0.465754,0.528343,0.618959,0.161163,0.83166,0.172303,0.460992,0.330096,0.457414,0.661835,0.178162,0.601353,0.381441,0.429001,0.251189,0.668332,0.385716,0.743085,0.622705,0.367702,0.31976,0.401568,0.851516,0.436564,0.337154,0.807249,0.598988,0.318043,0.447625,0.52923,0.416414,0.485969,0.454677,0.431032,0.704749,0.551753,0.488305,0.449868,0.408843,0.553835,0.608618,0.276821,0.522441,0.550971,0.374986,0.519603,0.333844,0.639106,0.491331,0.529446,0.471483,0.528018,0.502794,0.512646,0.503052,0.488002,0.527295,0.492654,0.508639,0.50511,0.519511,0.487481,0.508316,0.481029,0.491047,0.509687,0.513487,0.507129,0.468828,0.504559,0.512079,0.474427,0.49283,0.513628,0.503758,0.497908,0.506032,0.501003,0.503249,0.504962,0.484457,0.496287,0.500836,0.503596,0.50659,0.496137,0.49211,0.517155,0.498395,0.496344,0.509129,0.498598,0.512344,0.489788,8.31991,9.06055,6.81829,8.21592,8.27394,8.73365,8.13802,7.58325,9.9937,7.80017,9.49363,8.96358,9.05262,8.14045,8.38385,8.20586,8.30665,8.59574,8.77283,8.32846,7.27787,8.93787,8.25665,8.19301,7.80839,8.13953,7.67909,9.65152,9.00663,9.13701,8.14723,9.43441,8.36502,7.51928,6.95289,7.86081,8.55668,7.51225,7.13495,8.49275,8.64981,7.52192,8.4218,7.92989,8.10972,8.24796,2,4,4,5,5,10,8,16,9,6,4,4,10,3,5,7,3,4,9,5,5,5,2,7,5,1,1,1,1,1,2,19,18,10,11,2,1,1,5,10,11,3,3,7,11,7,5,6,6,7,3,2,3,3,2,1,4,3,4,6,3,6,12,4,4,3,14,7,4,10,5,16,6,6,8,10,20,8,1,4,1,2,4,3,0,1,0,2,5,0,4,16,20,12,17,22,30,23,21,9,9,7,9,3,5,6,7,9,15,11,9,7,13,7,7,6,4,2,2,1,6,1,3,1,1,1,2,2,16,13,21,15,23,10,16,10,11,9,22,12,9,11,9,11,23,17,7,1,12,7,4,8,6,5,3,2,11,12,14,10,7,9,4,7,17,11,22,14,17,9,15,16,24,11,18,24,8,13,14,9,12,12,7,3,3,6,8,11,7,8
196.012,0.942716,0.0128217,9,1023,0,-135.146,10.1903,0.543413,0.869218,-0.133766,1.27814,-0.936426,-0.294005,0.0796943,0.540022,-0.186485,0.0271034,0.464445,-0.120293,0.593646,0.403195,0.842297,-0.24842,-0.186583,0.76695,-0.495565,-0.00613858,0.564966,0.0161644,-1.1992,-0.342728,0.537543,-0.945321,-0.360516,0.675264,0.34038,-0.553695,0.294292,0.293769,-0.0310623,-0.444169,-0.399085,-0.507838,-0.642545,0.254179,0.510323,0.5732,-0.077033,0.334902,0.099392,-0.163033,0.0910879,-0.00456881,-0.137423,-0.0821879,0.136378,-0.654295,-0.175297,0.0603988,0.444571,-0.886881,-1.16184,-0.399732,-0.964005,-1.36789,1.4306,0.722364,0.336422,0.505138,0.0943724,0.184183,-0.586713,-0.693264,-0.0843521,0.354152,-0.412722,0.578198,0.0269076,-1.02558,0.215667,0.118413,0.971597,0.277597,-0.283382,-0.72073,-0.891807,0.190616,-0.646343,-0.056108,-0.646363,0.13791,-0.11007,-0.945329,-0.918557,-0.857123,0.714889,-0.653716,-0.152661,0.741897,0.142057,-1.00082,0.402916,-0.313322,0.557923,0.597722,-0.110414,-0.146261,-1.0214,-0.315063,0.814695,-0.0811774,0.0454006,-0.545972,0.923275,-0.649285,0.97218,0.381972,0.488326,0.276655,1.25593,0.339332,0.567773,-0.904062,-0.555347,0.00122794,-0.0194612,0.0291262,0.0203334,-0.0190638,0.00484691,-0.00233788,-0.026328,-0.0420205,0.027781,-0.0210838,0.0343894,-0.0370331,0.0253824,-0.0103613,0.239281,-0.968139,-1.0123,0.296263,0.0896227,12.1952,0.493841,0.558583,0.456988,0.486466,0.50367,0.524845,0.491414,0.501248,0.521373,0.494461,0.527308,0.518557,0.538707,0.488563,0.49141,0.535256,0.477197,0.499717,0.525991,0.500744,0.445006,0.484224,0.524731,0.456582,0.483406,0.531053,0.515668,0.474527,0.513548,0.513523,0.49857,0.479559,0.481632,0.476633,0.470448,0.511702,0.523481,0.526369,0.496453,0.515416,0.504576,0.492494,0.504194,0.49979,0.493673,0.496216,0.51961,0.320842,0.633999,0.543018,0.488313,0.421447,0.527326,0.496025,0.432295,0.517637,0.413795,0.441134,0.378908,0.536373,0.52734,0.389366,0.572181,0.5009,0.417882,0.497629,0.668982,0.550102,0.421801,0.635209,0.552684,0.402229,0.450239,0.580508,0.456941,0.457017,0.504556,0.564784,0.558271,0.573942,0.593147,0.462786,0.425701,0.416708,0.511297,0.451035,0.485425,0.523895,0.486643,0.50067,0.520146,0.512053,0.532331,0.224885,0.712302,0.570683,0.480721,0.372194,0.545014,0.49344,0.389445,0.529082,0.360146,0.403633,0.306728,0.559838,0.545037,0.322455,0.617695,0.501486,0.366569,0.496088,0.761512,0.582199,0.372755,0.714063,0.586382,0.342145,0.418354,0.630894,0.429249,0.429373,0.507518,0.605878,0.595409,0.620497,0.65069,0.438788,0.378937,0.36472,0.518636,0.419645,0.475962,0.539378,0.477968,0.501106,0.533212,0.519882,0.533801,0.2152,0.720701,0.573861,0.479842,0.366639,0.547055,0.493141,0.384579,0.530405,0.354127,0.399355,0.298876,0.562539,0.547079,0.3151,0.622849,0.501554,0.360796,0.495909,0.770996,0.585876,0.367222,0.72251,0.590238,0.335465,0.414701,0.636569,0.426068,0.426198,0.50786,0.610551,0.599647,0.625763,0.657111,0.436026,0.373648,0.358875,0.519485,0.416048,0.474868,0.541166,0.476964,0.501156,0.534722,0.520788,8.41896,9.05697,6.93626,6.40899,8.04646,8.54992,8.09107,7.98889,9.07347,7.82757,9.43381,9.00652,8.8797,8.2935,8.09096,9.62291,8.02325,7.95251,8.57716,8.31286,7.2569,8.19034,8.2509,8.19851,7.56475,8.07551,7.70962,9.67091,8.88742,9.10603,8.26117,9.42803,8.3479,7.1074,6.02808,7.94109,8.7522,8.28985,7.25285,8.02939,8.67415,7.48449,8.39487,8.29017,8.06132,8.47541,6,0,1,0,4,11,10,16,18,2,5,4,13,7,7,3,6,2,10,4,9,3,6,11,7,6,5,8,3,1,13,17,8,23,7,2,6,2,16,2,6,2,4,1,9,6,14,7,4,7,4,2,6,3,3,4,2,2,7,7,19,6,5,3,4,4,7,5,7,12,2,6,8,8,3,4,4,8,1,2,5,7,4,10,10,5,4,1,4,1,2,17,16,23,5,15,29,21,13,3,5,5,9,8,2,2,2,5,6,9,3,5,7,7,15,12,3,6,5,5,2,5,2,0,3,3,1,2,13,10,23,14,18,9,10,25,29,18,13,14,21,18,27,13,31,29,24,7,9,6,4,3,8,4,1,4,12,6,13,9,5,4,5,23,20,20,33,37,21,25,6,21,9,26,25,17,21,13,23,6,8,4,7,7,7,12,5,4,0,3
201.301,0.996501,0.0128217,9,1023,0,-121.352,8.57742,0.460544,0.406597,-0.124541,0.0680752,-0.579261,0.540828,0.546788,-0.45612,-0.0644165,0.723599,-0.0971304,0.016299,0.257029,0.634202,-0.181771,-0.200653,-0.293669,0.0787342,0.0800349,0.778187,0.772226,0.0174131,-0.902814,0.277171,-0.504769,-0.185925,-2.18725e-05,-0.299445,-0.410041,1.07515,0.410947,-0.183955,0.0639293,0.678437,-0.775599,0.23712,-0.286649,-0.0052861,-0.00332342,-0.00164916,0.886426,-0.506426,0.242096,-1.08919,0.127129,0.460959,0.174259,-0.703637,0.0954751,-0.0241328,-0.406767,0.188424,-0.716846,-0.317812,0.558863,0.083601,0.0506693,-0.0388119,-0.173759,0.363849,0.343117,0.109161,0.924451,1.11368,0.377882,-0.462126,-0.0744129,0.34904,0.826317,0.642833,0.0732577,-0.783115,0.186087,0.330666,0.590677,0.615077,1.06031,-0.848646,-1.02078,0.650882,-0.388745,0.56137,-0.566046,1.35571,-0.252243,-0.972973,-1.22795,-1.04887,0.948424,0.250542,0.123833,0.264869,0.482372,-1.48679,-0.562895,0.16521,0.647154,0.671423,-0.138372,0.214561,-0.491412,0.0364794,0.113741,0.231861,-1.01839,-0.508357,0.00257439,-0.956863,0.605368,-0.340523,0.29266,0.33649,0.747186,0.55396,-0.064554,-0.337837,-0.780945,0.0137027,0.109748,-0.0650684,0.05504,0.0616298,0.0492582,0.0849871,-0.0445814,-0.0592495,0.0802492,-0.0539531,0.0204967,-0.0197928,-0.0422561,-0.026638,0.0983089,-0.570837,0.126269,-0.164981,0.072909,16.4488,0.465381,0.518944,0.344092,0.646184,0.6477,0.375669,0.482073,0.691226,0.472983,0.504538,0.571077,0.669582,0.449563,0.444366,0.418958,0.521907,0.522269,0.704048,0.702663,0.504848,0.267873,0.576563,0.36305,0.448419,0.499994,0.417393,0.38778,0.768058,0.612459,0.448962,0.517792,0.680389,0.296553,0.565638,0.420862,0.498528,0.499075,0.499541,0.728533,0.362624,0.566999,0.229169,0.535336,0.625594,0.548366,0.313539,0.488237,0.506431,0.445494,0.550915,0.551472,0.457017,0.493915,0.567936,0.490825,0.50154,0.524263,0.559628,0.482835,0.481053,0.472285,0.507438,0.50756,0.57299,0.572439,0.501645,0.415528,0.526161,0.452458,0.482443,0.499998,0.471741,0.461341,0.600196,0.538745,0.482629,0.506039,0.563744,0.427249,0.522386,0.472947,0.499501,0.499686,0.499844,0.582967,0.452303,0.522855,0.398532,0.512008,0.543437,0.516456,0.433916,0.517766,0.490286,0.581921,0.423426,0.422596,0.564727,0.509192,0.398179,0.513858,0.497674,0.463385,0.410469,0.525917,0.528604,0.541811,0.488766,0.48858,0.390736,0.391547,0.497515,0.626062,0.460527,0.571541,0.526508,0.500003,0.54263,0.558251,0.351207,0.441622,0.526228,0.490878,0.404373,0.608912,0.466212,0.540816,0.500754,0.500474,0.500235,0.37613,0.571773,0.465505,0.650617,0.481866,0.434594,0.475152,0.599087,0.496069,0.502149,0.481722,0.517066,0.517254,0.485605,0.497967,0.522826,0.496934,0.500515,0.508113,0.520009,0.494262,0.493666,0.490731,0.502485,0.502526,0.524546,0.524358,0.50055,0.471531,0.508749,0.484071,0.494131,0.499999,0.490548,0.487059,0.533888,0.51297,0.494193,0.502018,0.521403,0.475536,0.507485,0.490952,0.499833,0.499895,0.499948,0.527953,0.484019,0.507642,0.465671,0.504013,0.514547,0.505501,0.477803,8.2001,9.04368,6.96388,8.21043,8.4681,7.12654,8.1613,8.6996,8.23696,7.7593,9.61155,9.21324,7.49294,8.09787,7.85358,9.37214,8.47534,8.77038,8.76267,8.27141,7.17439,8.73997,8.27682,8.1603,7.73734,7.97371,7.8262,9.76923,8.91847,9.01884,8.33401,9.14623,8.23653,9.27075,7.10255,8.94496,8.74083,8.94986,9.54812,8.27463,8.69299,7.52292,8.419,8.86522,8.08657,7.43138,2,0,2,3,1,4,5,3,6,9,4,6,12,23,21,19,13,9,15,5,8,4,16,15,17,0,0,2,4,1,11,9,11,4,7,3,5,5,7,9,14,1,0,8,18,15,12,2,7,4,0,2,0,1,3,3,0,1,0,15,17,28,11,8,8,8,3,2,2,3,1,4,4,2,3,4,7,4,0,2,1,1,1,1,2,2,0,11,9,10,5,5,7,11,6,11,4,5,6,11,9,4,2,6,1,0,4,6,6,4,3,6,2,2,6,5,5,4,9,2,3,7,1,1,1,2,1,2,9,7,5,8,6,6,10,7,17,8,9,8,6,6,20,13,13,8,7,1,2,2,4,5,1,5,2,6,0,5,2,5,5,3,2,9,4,11,2,3,4,6,2,7,4,8,5,3,10,2,6,5,5,5,2,7,3,6,4,2,1,2
185.718,0.854865,0.0128217,9,511,0,-126.089,8.89793,0.588659,0.26677,-0.0123664,0.744775,-0.916972,0.136356,-0.0820216,0.845277,-0.117507,0.362754,-0.188448,-0.237599,1.10998,0.411761,0.874196,-0.173992,-0.0922558,-0.293071,-0.0336161,-0.654219,0.66249,-0.0274357,-1.13803,0.0750315,-0.0287519,-0.682322,-0.324708,-0.145466,-0.414651,0.8713,0.394286,0.762217,-0.0472998,-0.180254,0.148476,0.0131143,-0.443019,0.244441,0.0045557,-0.632124,0.28805,0.0533861,0.196132,-0.567197,0.0820067,-0.740337,-0.140479,-0.0396974,0.235262,0.0537837,-0.202951,-0.369446,0.541436,-0.122828,-0.773458,-0.486792,-0.333637,-0.515215,0.0142667,-0.358919,-0.283704,-0.20885,-0.667452,0.457624,0.112675,-0.238401,-0.00439006,0.356587,-0.0895782,0.719943,0.032672,-0.928103,0.166522,0.0379052,0.515265,0.137636,-0.16635,-1.85658,-1.09167,0.743804,-0.858159,0.345166,-0.839721,0.534993,-0.486599,-0.205092,-0.582134,-1.39244,1.10049,-0.460731,0.274111,0.641683,0.0626644,-1.02278,0.353753,-0.068155,1.58394,1.36887,0.382783,0.135014,-0.544411,0.204321,1.56034,-0.271051,-0.381597,-1.17496,0.549596,-0.125619,1.30521,0.719694,0.63475,0.35483,1.24942,0.608293,0.790026,-0.42867,-1.30846,-0.0137025,0.0273381,0.0187472,0.0397148,-0.0138262,-0.0273849,0.014819,-0.0172806,0.0676583,0.0125191,-0.0214433,0.0075692,-0.0952595,0.0496634,0.0450429,0.0745761,-0.0460812,-0.80767,0.275793,0.154598,16.8234,0.498585,0.584391,0.396606,0.515595,0.490617,0.595517,0.48656,0.541406,0.478454,0.472844,0.624326,0.546969,0.5987,0.480105,0.489447,0.466521,0.496154,0.425707,0.575218,0.496861,0.372668,0.508583,0.496711,0.422566,0.46292,0.483364,0.452703,0.598382,0.544987,0.586329,0.494589,0.47939,0.51698,0.5015,0.449489,0.527936,0.500521,0.428181,0.532907,0.506107,0.522424,0.435471,0.509381,0.416102,0.483934,0.495459,0.499652,0.520967,0.474193,0.503841,0.49769,0.523792,0.49669,0.510217,0.494692,0.493308,0.531226,0.511597,0.524605,0.495099,0.497401,0.491745,0.499053,0.48158,0.518653,0.499227,0.467987,0.502114,0.49919,0.480789,0.490854,0.495902,0.488322,0.524524,0.511105,0.521458,0.498668,0.494923,0.504182,0.500369,0.487523,0.506885,0.500128,0.482201,0.508113,0.501504,0.505525,0.484028,0.50231,0.479158,0.496043,0.498882,0.500142,0.491421,0.510562,0.498429,0.500945,0.490263,0.501354,0.495821,0.502171,0.502737,0.487216,0.495257,0.48993,0.502004,0.501063,0.503376,0.500387,0.507536,0.492369,0.500316,0.513107,0.499136,0.500331,0.50786,0.503741,0.501676,0.504777,0.489964,0.495458,0.49122,0.500545,0.502077,0.49829,0.499849,0.505104,0.497184,0.499948,0.507282,0.496682,0.499385,0.497741,0.506534,0.499055,0.508528,0.501618,0.500457,0.502497,0.353993,0.677129,0.472495,0.516556,0.335658,0.523709,0.427273,0.537978,0.547829,0.289772,0.417616,0.33047,0.535074,0.518619,0.558901,0.506787,0.629108,0.369334,0.50554,0.714869,0.484854,0.505805,0.634389,0.565191,0.529338,0.582951,0.330987,0.421053,0.350778,0.509549,0.536332,0.470056,0.497352,0.588511,0.450803,0.49908,0.624935,0.442099,0.489222,0.46048,0.612565,0.483447,0.645187,0.528335,0.508015,8.45078,9.00328,7.06631,8.58772,7.94693,8.92517,8.2139,8.41635,8.26492,7.78272,9.39587,8.89839,8.95564,8.28018,8.24055,7.91616,8.42835,7.34321,8.73251,8.30897,7.26392,8.54303,8.18717,8.21927,7.69079,8.14402,7.85995,9.76358,8.87995,9.02962,8.288,9.37874,8.3822,8.23136,7.97626,8.47552,8.66938,7.55053,8.60158,8.27387,8.67084,7.61899,8.42449,7.55685,8.12044,8.42193,1,4,0,3,3,7,5,6,15,7,3,6,7,8,6,7,9,3,3,5,2,7,12,4,6,0,0,0,0,1,14,12,12,15,20,7,1,2,5,9,3,3,4,4,15,11,8,6,1,5,4,4,2,1,2,4,4,1,1,23,16,9,6,3,0,3,12,4,8,10,3,15,10,2,18,7,8,4,2,3,1,8,8,7,10,12,9,3,5,3,4,40,20,37,33,20,22,40,33,13,5,9,7,9,3,2,1,2,9,11,6,8,9,8,28,22,4,7,3,2,1,4,1,1,1,2,1,2,9,12,14,10,13,21,16,14,11,13,13,13,18,13,15,21,16,12,11,5,13,7,9,7,4,10,7,3,16,12,9,7,2,7,6,10,19,31,31,19,21,15,24,15,14,27,16,15,23,16,9,5,9,16,4,9,12,11,7,10,2,7
193.381,0.995392,0.0128217,10,1023,0,-126.551,8.85789,0.46379,0.789495,0.461948,0.619121,-0.870858,0.194667,-0.0693321,-0.372954,-0.494017,0.125242,0.250643,-0.154765,0.292148,0.486773,0.601016,-0.243421,0.508772,-0.241279,-0.0115178,0.187909,0.656367,-0.324175,-1.34831,-0.00786355,-0.132731,-0.286996,-0.12171,0.451762,0.17259,0.553945,0.377537,-0.21962,-0.557492,-0.313753,-0.714171,0.441513,0.821171,-0.111539,-0.223546,0.613649,-0.38793,-0.254664,0.0463955,-0.724873,-0.227773,-0.252758,-0.603959,0.0890695,0.26515,-0.752763,-0.501857,0.485839,0.778345,-0.351393,-0.195816,-0.998999,0.103553,-0.870819,0.587653,0.155459,0.33968,0.74889,0.683295,0.64127,-0.0112235,-0.376133,-0.0414317,0.357376,1.51414,0.585203,0.0478893,-0.939359,0.698536,0.116351,0.475923,0.369613,0.175964,-1.4726,-0.680422,0.678665,-0.979349,0.545505,-0.247895,0.652225,0.0136336,-0.98449,-0.91054,-1.08158,0.218884,-0.392207,0.550619,0.249015,0.239932,-0.864224,-0.331913,-0.0909671,0.617354,0.914445,0.152881,0.235505,-1.16364,0.161921,0.265331,-0.169147,-1.16841,-0.519471,0.680065,-0.395181,1.10952,0.577109,0.278388,0.39105,1.18146,0.424725,-0.184673,-0.520314,1.14891,0.0188784,0.0122429,-0.0263249,0.0103838,0.0426322,-0.0264616,-0.0720528,0.0424988,0.0468763,-0.0202853,0.0310082,-0.0739076,-0.00852119,0.0266109,0.0104212,-0.0664753,-0.845821,-0.147667,0.233312,0.128386,23.1112,0.573521,0.597972,0.363905,0.531168,0.488887,0.440492,0.421456,0.520068,0.540096,0.475209,0.5467,0.577411,0.595178,0.461054,0.580849,0.461396,0.498154,0.530089,0.603701,0.448216,0.296373,0.498739,0.478734,0.454119,0.480498,0.571923,0.527641,0.587885,0.560232,0.464849,0.411564,0.449869,0.387466,0.570313,0.628688,0.482126,0.464223,0.597128,0.438127,0.459263,0.507437,0.385839,0.463549,0.459567,0.404367,0.514276,0.498704,0.498263,0.502443,0.499454,0.500195,0.501046,0.501386,0.499649,0.499297,0.500434,0.49918,0.498634,0.498314,0.500683,0.498572,0.500677,0.500032,0.499473,0.498158,0.50091,0.503783,0.500022,0.500372,0.500805,0.500342,0.498732,0.499516,0.498446,0.498941,0.500616,0.501564,0.50088,0.502004,0.498761,0.497696,0.500313,0.500627,0.498278,0.501088,0.500715,0.49987,0.502034,0.500639,0.500709,0.501695,0.49975,0.403543,0.371996,0.67625,0.458929,0.514656,0.578215,0.602969,0.473542,0.447198,0.532679,0.438536,0.398499,0.37558,0.551292,0.394048,0.550843,0.502435,0.460349,0.364666,0.568122,0.757758,0.501663,0.528037,0.56039,0.525714,0.405618,0.46357,0.384962,0.420839,0.546307,0.615748,0.565958,0.646585,0.40771,0.333019,0.523568,0.54713,0.373077,0.581302,0.553643,0.490191,0.64865,0.548015,0.553244,0.625004,0.481175,0.482953,0.47716,0.532105,0.492814,0.502559,0.513765,0.518229,0.495377,0.490748,0.505713,0.489217,0.482038,0.477827,0.508985,0.481227,0.508906,0.500425,0.493063,0.475788,0.511965,0.549611,0.50029,0.5049,0.510593,0.504493,0.483329,0.493629,0.479562,0.486066,0.508107,0.520569,0.511581,0.52634,0.483707,0.469722,0.504118,0.508252,0.477362,0.514317,0.5094,0.498287,0.526734,0.508408,0.50933,0.522281,0.496712,9.09661,9.06402,6.90441,7.24,7.78611,7.45144,8.185,8.00068,8.86387,7.6919,9.50114,9.12393,8.52464,8.3191,9.29004,8.913,8.5748,8.06978,8.58546,8.37201,7.10858,8.57883,8.23568,8.06659,7.72835,8.11588,7.8083,9.75775,9.00368,8.93687,8.11518,9.32747,8.39268,8.86867,7.92906,8.25905,8.59681,9.05801,7.19036,8.10126,8.63867,7.58395,8.47825,8.45071,8.0321,8.68573,2,1,1,2,1,14,9,11,13,5,8,3,11,7,12,11,14,13,14,9,11,0,10,4,5,1,2,0,1,3,20,18,21,11,13,1,0,4,18,7,17,6,8,2,21,9,11,7,6,6,1,2,0,1,3,4,6,2,2,5,8,5,7,1,7,6,11,6,12,7,10,5,8,9,3,11,8,10,3,5,3,3,6,5,5,3,9,3,6,6,6,14,14,16,15,20,16,15,15,9,8,16,9,10,2,4,1,4,8,4,11,12,3,8,10,9,7,4,0,2,3,5,3,3,3,2,4,6,9,17,11,7,7,7,8,21,17,12,17,17,15,10,11,14,11,21,15,8,4,2,7,5,3,5,5,7,11,10,19,4,3,5,2,24,26,16,15,23,17,28,27,16,8,25,14,19,22,11,17,8,9,9,10,5,16,5,6,8,6,2
178.422,0.989148,0.0128217,9,1023,0,-114.834,9.50716,0.4586,0.581374,-0.907205,0.605958,-1.12649,0.415947,0.261387,0.659693,-0.241134,-0.153637,-0.404012,-0.189328,1.13079,0.735186,-0.464731,0.0444608,-0.483546,-0.0222212,-0.368146,-0.194839,0.5466,-0.236133,-1.02238,0.384144,0.0420884,-0.520776,-0.445981,0.496879,0.316497,0.285455,0.612118,0.779319,-0.205496,0.227192,0.0700812,-0.959649,-0.758654,0.187758,-0.154356,0.0135584,0.3265,-0.0979855,0.39572,-0.658039,-0.089023,0.604276,0.168251,-0.11493,0.926394,-0.804054,-0.318517,0.212138,0.0107175,-0.00330822,-0.406849,-0.5607,0.27371,-1.05654,0.782628,0.344115,-0.0630091,4.23771e-05,-0.368944,0.0562932,-0.699324,-0.416846,-0.0192555,0.366295,1.07954,0.634925,0.0482937,-0.779294,0.426799,0.375452,1.11218,0.426878,0.533448,-0.311472,-0.47747,0.40154,-0.388756,0.442052,-0.836729,1.23776,-0.0497533,-0.022568,0.230514,-1.14537,0.907472,-0.398658,-0.0418468,0.393236,-0.0389557,-0.569941,-0.947186,-0.516623,0.708434,0.395721,-0.56647,-0.248817,-0.183971,-0.270849,0.147661,-0.472961,-0.559864,-0.65415,0.22243,-0.463484,0.97322,-0.846917,0.0905263,0.446712,0.936533,0.552348,0.590498,-0.168973,-1.24759,-0.00302875,-0.00449024,-0.00664137,-0.0588014,0.0162085,0.0302308,-0.00423998,0.0330293,0.00268111,-0.0333835,0.0369769,0.106962,0.00449604,-0.0109837,-0.0696063,-0.000617015,0.267244,-0.39299,0.00102792,0.0811496,15.3068,0.487235,0.508527,0.484152,0.505853,0.503679,0.509283,0.496607,0.497838,0.494314,0.497336,0.515909,0.510345,0.49346,0.500626,0.493195,0.499687,0.494819,0.497258,0.507692,0.496677,0.485616,0.505406,0.500592,0.492671,0.493724,0.506992,0.504454,0.504017,0.508614,0.510966,0.497108,0.503197,0.500986,0.486498,0.489325,0.502642,0.497828,0.500191,0.504595,0.498621,0.505569,0.49074,0.498747,0.508503,0.502368,0.498383,0.653493,0.395617,0.687355,0.427788,0.454428,0.386668,0.542058,0.526835,0.570168,0.533052,0.312,0.374225,0.580542,0.492227,0.583742,0.503885,0.56401,0.534011,0.405584,0.54119,0.6715,0.433241,0.492642,0.590055,0.577345,0.413994,0.444891,0.450259,0.394588,0.367026,0.535865,0.460363,0.48775,0.661751,0.62961,0.467221,0.52696,0.49763,0.443164,0.517124,0.431254,0.613058,0.515559,0.395898,0.470618,0.520083,0.439684,0.540396,0.425301,0.527761,0.517456,0.543961,0.483895,0.489737,0.473034,0.487353,0.574979,0.548961,0.468991,0.50297,0.467739,0.498515,0.475424,0.486986,0.536454,0.484229,0.432115,0.525643,0.502812,0.465263,0.470239,0.533148,0.521133,0.519062,0.540805,0.55188,0.486274,0.515174,0.504682,0.436234,0.449486,0.512542,0.489689,0.500906,0.5218,0.493454,0.526414,0.456149,0.494053,0.540285,0.511239,0.492322,0.588198,0.440746,0.608902,0.459225,0.474342,0.435548,0.523673,0.51509,0.53961,0.518592,0.390696,0.428268,0.545532,0.495632,0.547365,0.502183,0.536106,0.519133,0.446504,0.523183,0.599117,0.46233,0.495865,0.550987,0.543705,0.451337,0.468945,0.471984,0.440149,0.424027,0.520178,0.477694,0.493115,0.593181,0.573989,0.481562,0.51516,0.498668,0.467966,0.509626,0.4612,0.564293,0.508745,0.440909,0.483476,0.51129,7.26597,9.02436,6.8156,7.4135,8.36747,8.81348,8.23526,7.90148,7.82784,7.86142,9.4989,9.10496,7.55258,8.33117,7.9635,8.21079,7.86804,7.85523,8.68707,8.24087,7.13811,8.71237,8.3922,8.13639,7.57358,8.00553,7.8034,9.65283,8.96756,9.10867,8.27526,9.16862,8.31445,7.2714,6.09683,8.55576,8.91529,8.36015,7.81461,8.23489,8.72535,7.6073,8.40602,9.18355,8.10367,8.15217,1,4,4,0,2,8,6,16,8,11,3,6,14,18,9,8,16,8,3,9,4,12,4,10,7,3,14,2,0,3,7,7,7,9,11,2,2,6,11,3,5,1,1,2,6,15,18,8,1,5,5,2,6,8,7,5,1,3,2,9,10,21,13,5,7,7,1,1,3,4,2,8,9,12,5,5,5,7,4,1,5,1,3,1,0,0,1,3,3,5,2,16,18,9,10,6,8,5,6,3,2,9,6,4,4,0,3,3,3,3,2,4,5,7,3,2,4,1,2,0,9,1,2,1,6,3,2,1,6,8,6,16,18,9,19,15,12,9,15,9,11,9,17,9,5,9,9,3,5,0,2,3,1,1,0,0,5,9,8,14,3,4,11,8,9,15,5,8,10,7,4,14,9,7,6,17,10,5,13,5,6,5,4,14,9,9,3,6,2,3
195.718,0.615407,0.0128217,9,511,0,-101.014,8.85615,0.368314,0.380991,0.469586,0.609936,-0.458769,0.507572,-0.139346,-0.269478,0.11028,-0.326111,-0.314211,0.145909,0.328208,0.637215,0.106925,-0.0620925,-0.0140199,0.0608,0.0492476,-0.22678,0.862606,0.13254,-0.70481,0.385557,0.111282,-0.12472,0.0598704,0.217507,0.0212005,0.388789,0.571739,0.0454516,0.0449029,-0.0106426,-0.533462,0.560751,0.187363,0.0700694,0.018067,0.639545,-0.337975,0.0686794,0.375944,-0.405923,0.231725,-0.256277,0.569216,-0.435629,0.323127,-0.216968,-1.08197,0.048905,0.019697,0.566152,-0.686047,0.278549,-0.283117,-0.62041,0.582728,0.436545,-0.0538211,-0.0692375,0.444603,1.00106,0.67834,-0.737505,-0.0419317,0.357352,0.707571,0.756031,0.110245,-0.706526,1.09312,0.515044,0.611701,0.708284,0.605595,-1.3561,-0.755299,0.724344,-0.823665,0.435192,-0.257825,0.980622,0.381735,-1.04295,-0.794798,-1.06681,0.94548,-0.236223,0.665473,0.675041,0.0699099,-0.960861,-0.84116,0.107017,1.08383,1.00976,0.552402,0.396414,-1.34117,0.00990192,0.687505,-0.48044,-0.986077,-1.05426,0.621725,-0.352635,0.892025,0.246242,0.381488,0.530022,0.927435,0.336394,0.103134,-0.329219,1.36325,0.12844,-0.111822,-0.0380314,0.0316653,0.0943362,-0.0446335,-0.0564543,-0.0686185,0.0294011,-0.126304,-0.0853901,-0.0298945,-0.0949607,0.0806907,0.188424,0.063026,-0.336197,-0.549776,0.0800094,0.111199,23.1641,0.615403,0.648073,0.387163,0.624363,0.465183,0.432966,0.527571,0.419103,0.422006,0.536451,0.581407,0.654276,0.526734,0.484465,0.496491,0.515211,0.512322,0.443488,0.703395,0.533121,0.330582,0.595311,0.527821,0.468828,0.514979,0.55422,0.505306,0.59609,0.639304,0.511373,0.511236,0.497337,0.369579,0.636763,0.546753,0.517529,0.504521,0.654803,0.416215,0.517181,0.59299,0.399787,0.557734,0.436213,0.638721,0.392673,0.578968,0.601985,0.422821,0.585236,0.476387,0.454427,0.518693,0.444921,0.446915,0.524724,0.55543,0.606411,0.518125,0.489472,0.497622,0.510309,0.508351,0.461617,0.642249,0.522462,0.382701,0.565014,0.518863,0.478862,0.510152,0.536819,0.503595,0.565553,0.595761,0.507707,0.507614,0.498195,0.410507,0.593965,0.531731,0.51188,0.503064,0.606788,0.442934,0.511645,0.563411,0.431593,0.539216,0.456648,0.595349,0.426657,0.460613,0.448914,0.538483,0.457442,0.51171,0.522634,0.490732,0.527382,0.526385,0.487739,0.472442,0.446646,0.491014,0.505219,0.501178,0.49489,0.495861,0.519051,0.428003,0.488862,0.558963,0.46764,0.490648,0.510481,0.494968,0.481727,0.498218,0.467369,0.452093,0.49618,0.496226,0.500895,0.544717,0.453008,0.484257,0.494111,0.498481,0.446453,0.528376,0.494228,0.468444,0.534065,0.480534,0.521527,0.452303,0.536549,0.435814,0.416945,0.562723,0.430686,0.519143,0.53697,0.484847,0.544702,0.543079,0.479956,0.455012,0.413303,0.485308,0.508533,0.501927,0.491644,0.493232,0.531129,0.383613,0.481791,0.595678,0.447205,0.48471,0.517135,0.491772,0.470141,0.497086,0.446766,0.422059,0.493753,0.493829,0.501463,0.5728,0.423533,0.474271,0.490371,0.497517,0.412993,0.546319,0.490562,0.448512,0.555561,0.468194,0.535166,0.422397,0.55959,8.73784,9.00299,6.88296,7.59741,7.31682,7.13954,8.27676,7.06258,7.67086,7.70621,9.50989,8.96299,7.65302,8.01437,8.10706,9.14561,8.16641,7.19765,8.66974,8.30714,7.14518,8.62423,8.32757,8.13336,7.58879,8.14458,7.87677,9.67008,8.87531,9.12466,8.18752,9.1932,8.33786,8.93704,7.16322,8.27131,8.74924,9.04259,7.38726,8.26942,8.6112,7.62299,8.44233,7.77666,8.12538,7.50634,3,1,2,4,7,6,9,10,17,4,2,12,13,14,7,3,15,11,5,8,10,5,9,9,5,4,2,3,1,5,15,14,5,7,11,0,0,1,5,7,9,6,4,2,14,8,8,8,5,3,1,2,0,2,3,6,2,1,2,12,7,13,15,12,7,4,7,3,6,12,3,16,4,6,3,6,10,9,3,0,2,1,4,4,3,2,0,4,5,4,6,8,8,8,16,16,9,21,8,11,3,7,9,5,0,2,1,2,8,8,3,6,4,3,11,12,1,5,1,2,4,2,0,0,0,0,0,1,16,7,8,10,11,11,11,7,7,13,13,6,11,8,8,12,5,12,11,3,1,2,2,3,11,10,2,4,3,10,8,4,6,8,6,7,4,15,7,11,10,7,6,6,4,11,9,17,13,9,12,7,5,4,5,9,4,7,4,1,2,3
198.595,0.923872,0.0128217,8,511,0,-132.496,8.81712,0.356184,0.7867,0.397147,0.63749,-0.462514,0.33113,-0.165491,-0.358821,0.074161,0.00140858,-0.257335,0.152286,0.294943,0.818014,0.464045,0.000465043,0.269176,0.06014,-0.0354413,-0.145517,0.776106,0.20963,-0.649387,0.445532,0.0786065,0.0342047,0.117882,0.182577,-0.0780476,0.355811,0.679344,-0.0136199,0.000308274,0.163971,-0.505786,0.47747,0.226156,0.231818,0.0384064,0.49604,-0.421049,0.0218046,0.415402,-0.48321,0.272631,-0.499217,0.425243,-0.296873,0.431992,-0.261955,-1.09604,-0.0367712,0.0641919,0.540774,-0.566685,0.194524,-0.340424,-0.599209,0.674575,0.515224,-0.0112601,-0.0508002,0.552274,1.05045,0.663005,-0.667245,-0.0628153,0.359092,0.954801,0.699233,0.0775715,-0.725333,1.02878,0.50873,0.664985,0.808703,0.611443,-1.20571,-0.705867,0.650921,-0.683234,0.456639,-0.377068,1.01653,0.242511,-1.0079,-0.827435,-0.939127,0.984462,-0.191163,0.666606,0.610254,0.119672,-0.893264,-0.790894,0.102876,0.985991,1.03917,0.756255,0.42123,-1.37767,0.0657579,0.691671,-0.56262,-0.746215,-0.98659,0.667109,-0.321652,0.846163,0.27187,0.285061,0.468298,0.972292,0.339609,0.199239,-0.403299,1.15717,0.152533,-0.0347975,-0.117737,0.0263346,0.016209,-0.145086,-0.0228515,0.0823327,-0.0113017,-0.0241885,-0.120176,0.0337628,-0.143205,0.0752919,0.127834,0.0285662,-0.43051,-0.447841,0.0285151,0.122525,20.7526,0.602809,0.661425,0.380872,0.586092,0.456649,0.406869,0.519466,0.50037,0.432829,0.539907,0.576842,0.70251,0.619507,0.500122,0.570222,0.515788,0.490694,0.46186,0.693229,0.55483,0.335782,0.614912,0.520631,0.508982,0.530918,0.547801,0.479515,0.592367,0.6712,0.496423,0.500081,0.542955,0.370213,0.622825,0.559113,0.560579,0.510085,0.627397,0.391195,0.505726,0.607391,0.375759,0.571111,0.371823,0.609853,0.422663,0.56545,0.604119,0.423933,0.554666,0.472597,0.440804,0.51229,0.500233,0.45745,0.52522,0.548732,0.632358,0.576315,0.500077,0.544498,0.509967,0.494126,0.475899,0.625875,0.534691,0.393996,0.573315,0.513026,0.505669,0.519529,0.530226,0.487066,0.558704,0.610736,0.497742,0.500051,0.527152,0.416942,0.578487,0.537416,0.538349,0.506366,0.581486,0.43066,0.503614,0.568422,0.420585,0.545066,0.418001,0.570021,0.450951,0.45736,0.431816,0.549615,0.464422,0.517804,0.538542,0.492019,0.499848,0.527668,0.483616,0.468299,0.412858,0.450221,0.49995,0.471062,0.493528,0.503814,0.515656,0.417238,0.477453,0.56944,0.452195,0.491541,0.496319,0.487315,0.48036,0.508399,0.46178,0.427401,0.501466,0.499967,0.48236,0.554222,0.448791,0.475679,0.475071,0.495867,0.446814,0.545193,0.497653,0.45541,0.55182,0.470691,0.553524,0.45436,0.531908,0.455652,0.429107,0.551599,0.462994,0.51852,0.540088,0.491698,0.499842,0.528779,0.482957,0.467026,0.409426,0.448232,0.499948,0.469899,0.493267,0.503968,0.516286,0.413971,0.476547,0.572197,0.450283,0.4912,0.496171,0.486805,0.47957,0.508737,0.460247,0.424522,0.501525,0.499965,0.48165,0.556387,0.446745,0.474701,0.474069,0.4957,0.44469,0.547002,0.497559,0.453625,0.55389,0.469514,0.555661,0.452533,0.533189,8.64372,9.01807,7.01832,7.43981,7.42721,7.16051,8.14657,7.65836,7.73907,7.86733,9.50075,9.21367,8.29658,8.09582,8.41625,9.17611,8.04607,7.45484,8.71894,8.33404,7.20301,8.71003,8.2509,8.18341,7.81971,8.1448,7.78383,9.76997,9.02778,9.0739,8.04424,9.48227,8.39559,8.80051,7.29506,8.46286,8.66205,8.82587,7.31066,8.1722,8.66875,7.47561,8.42102,7.35558,8.07253,7.68455,4,2,3,3,3,12,13,10,11,10,11,11,8,10,18,7,6,10,24,8,13,11,7,17,11,2,0,0,3,1,11,8,7,5,7,1,5,4,11,10,5,2,1,4,18,9,17,4,3,1,2,5,4,1,1,2,2,4,0,19,21,14,10,4,4,2,13,12,7,13,5,4,6,4,6,6,3,6,1,2,4,4,3,4,1,3,4,7,6,3,1,22,5,19,16,12,10,9,20,12,16,5,14,11,1,1,1,1,2,6,6,7,6,1,10,11,0,2,2,3,2,1,0,0,8,0,1,2,9,6,11,7,9,8,6,8,13,13,6,8,2,10,9,17,14,7,17,3,3,4,3,4,2,7,4,3,13,5,4,3,3,10,14,13,4,14,10,9,2,9,13,10,9,3,4,5,4,12,12,5,4,4,1,4,7,7,1,1,4,1
184.097,0.924076,0.0128217,9,511,0,-117.838,9.09399,0.567253,0.449077,0.0590225,0.553344,-0.832995,0.31952,0.572559,0.382869,-0.0223744,-0.30378,0.304296,-0.147639,0.581856,0.262636,-0.222213,-0.331538,-0.0667159,-0.642856,0.173835,0.510356,0.698393,-0.0133405,-1.47827,0.10621,-0.216408,-0.420335,-0.235084,-0.209896,-0.56211,0.49478,0.288314,0.136748,-0.197166,0.12371,-0.505487,0.314448,-0.187222,0.203191,-0.305945,0.801354,-0.844486,0.0164755,0.0443183,-0.91264,0.0143844,0.139318,-0.655121,-0.135551,-0.674144,-1.02346,0.0189457,-0.314736,0.487117,-0.589447,0.0310661,0.193883,0.299664,-0.54771,0.393765,-0.630958,0.100079,0.0583848,0.341432,0.12005,-0.354301,-0.0126933,-0.0651607,0.363232,-0.524568,0.539391,0.124237,-0.780385,0.449492,0.236236,0.666043,-0.15556,0.191103,-0.727976,-0.5272,0.390587,-0.66088,0.189209,-0.963624,1.07504,-0.318593,-0.332484,-0.200745,-1.62692,0.7166,-0.385482,0.551477,0.0562849,-0.305305,-1.14709,-0.759804,-0.0957527,0.843545,0.566662,-0.323549,-0.0320463,-0.237438,-0.14665,-0.311441,-0.0644221,-1.04204,-0.109279,0.311222,-0.796463,0.339428,0.133513,-0.138498,-0.000760547,0.925074,0.359521,0.237239,0.036954,-0.889196,-0.0567894,0.00642089,0.00017942,-0.178413,0.0696982,0.125134,-0.101239,-0.0822211,-0.210916,0.0185881,-0.123682,0.263735,-0.128759,-0.100512,-0.153844,0.269811,-0.306765,-0.695029,-0.0691615,0.106932,16.6148,0.501771,0.516601,0.47502,0.509588,0.517177,0.511489,0.499328,0.490884,0.509132,0.495569,0.517456,0.507882,0.493331,0.490051,0.497998,0.480716,0.505217,0.515312,0.520948,0.4996,0.455749,0.503188,0.493505,0.487387,0.492945,0.493701,0.483136,0.514845,0.508652,0.504104,0.494083,0.503713,0.484834,0.509436,0.494381,0.506098,0.490819,0.524032,0.474676,0.500494,0.50133,0.472637,0.500432,0.504181,0.480348,0.495932,0.494772,0.451144,0.573252,0.471729,0.449459,0.466139,0.501982,0.526881,0.473073,0.513074,0.448644,0.476754,0.519672,0.529332,0.505909,0.556696,0.484607,0.454918,0.438453,0.501182,0.628025,0.490594,0.519159,0.537163,0.520811,0.518583,0.549625,0.456287,0.474485,0.48789,0.517457,0.489044,0.544654,0.472176,0.516577,0.48201,0.527073,0.429493,0.574247,0.498541,0.496075,0.58014,0.498726,0.487662,0.557768,0.512004,0.495474,0.457665,0.563538,0.475515,0.456202,0.470671,0.501716,0.52328,0.47668,0.511321,0.455495,0.479869,0.517035,0.525404,0.505116,0.549142,0.486671,0.46094,0.446643,0.501023,0.611467,0.491855,0.516591,0.532191,0.518021,0.516092,0.543002,0.462127,0.477903,0.489514,0.515116,0.490514,0.538689,0.475903,0.514354,0.484422,0.523446,0.438851,0.564405,0.498736,0.496601,0.569538,0.498897,0.489317,0.550074,0.510394,0.489746,0.40502,0.640827,0.444708,0.401806,0.433864,0.503888,0.552589,0.447323,0.525631,0.400254,0.454491,0.538535,0.557354,0.51159,0.609879,0.469831,0.41224,0.380977,0.502318,0.736419,0.481554,0.537532,0.572521,0.540757,0.536406,0.596447,0.414866,0.45007,0.476257,0.534206,0.478518,0.58694,0.445579,0.532485,0.464753,0.552961,0.36425,0.642663,0.497137,0.4923,0.653467,0.497501,0.475811,0.611905,0.523536,8.66719,9.02101,7.03101,7.97174,8.48549,8.28921,8.2772,7.57856,8.92103,7.74016,9.49219,8.87792,7.66298,8.26298,8.23131,8.22479,8.78602,8.42113,8.61567,8.28655,7.07716,8.71603,8.22439,8.13818,7.64966,8.00429,7.63981,9.75773,8.90449,9.03158,8.09629,9.52259,8.36692,8.7738,7.44728,8.65866,8.68386,9.27758,7.3477,8.46541,8.65197,7.50404,8.31524,8.44455,8.11036,8.46581,1,7,2,2,4,12,8,8,10,11,4,8,14,16,25,13,15,11,5,11,13,10,7,15,19,1,2,0,3,4,5,6,7,6,15,3,1,2,5,14,9,5,1,4,19,19,14,7,0,5,3,2,2,3,0,1,1,2,2,17,7,14,19,4,8,8,9,8,4,10,6,3,3,4,1,2,3,6,1,3,0,4,3,3,1,5,1,5,8,4,1,16,15,8,13,6,13,6,4,11,5,8,3,9,2,5,9,4,0,4,6,4,5,1,4,5,4,3,3,1,0,1,1,3,4,3,5,3,3,5,5,12,10,8,4,10,6,8,10,7,9,8,8,13,15,2,5,7,2,0,1,3,2,3,1,1,4,4,2,4,3,5,5,8,10,2,6,7,6,7,4,5,3,7,6,10,7,3,7,6,7,1,6,14,5,7,6,4,2,1
184.696,0.793787,0.0128217,8,511,0,-109.094,9.09824,0.549267,0.456531,-0.0232635,0.567719,-0.785452,0.21236,0.563001,0.374582,-0.104578,-0.0886141,0.125303,-0.123287,0.601275,0.180629,-0.102349,-0.294811,-0.115142,-0.643825,0.15698,0.401695,0.731824,-0.00885256,-1.48898,0.113331,-0.250096,-0.420783,-0.265896,-0.256374,-0.544211,0.381519,0.323107,0.0908481,-0.221874,-0.0752775,-0.569094,0.188362,-0.0769772,0.227844,-0.336472,0.71226,-0.834794,0.0073355,0.0103198,-1.00628,0.0295596,0.117106,-0.736717,-0.111413,-0.637994,-1.08348,0.0791816,-0.228116,0.419565,-0.510398,0.035804,0.204127,0.351368,-0.436413,0.390369,-0.60166,0.0926023,0.0673936,0.357147,0.0387735,-0.416493,0.000358724,-0.0579272,0.361241,-0.327268,0.534652,0.114588,-0.655125,0.430362,0.318508,0.730716,-0.159162,0.245492,-0.717998,-0.573047,0.323506,-0.632219,0.31521,-0.973926,1.03043,-0.268519,-0.261392,-0.0790091,-1.67417,0.71011,-0.442448,0.533271,0.192596,-0.272758,-1.03582,-0.617738,-0.0647156,0.766099,0.582319,-0.119254,-0.133374,-0.403239,-0.179635,-0.0503755,-0.0740102,-0.897513,-0.208078,0.302143,-0.702893,0.3374,0.0895655,-0.0941974,-0.0964175,0.997066,0.338401,0.227942,0.0846156,-1.16486,0.00957282,-0.00651877,-0.0189742,-0.136865,0.0280394,0.118251,0.00366357,-0.0444972,-0.260967,-0.00331758,-0.183639,0.269441,-0.0504709,-0.165418,-0.147338,0.219365,-0.21071,-0.541255,-0.0828228,0.109412,16.0817,0.499774,0.505503,0.492387,0.502058,0.505457,0.503631,0.498986,0.499141,0.501215,0.498805,0.505828,0.501751,0.499008,0.497142,0.498884,0.493759,0.501522,0.503894,0.507093,0.499914,0.485571,0.501099,0.497576,0.495921,0.497423,0.497515,0.494725,0.503698,0.503132,0.500881,0.497849,0.49927,0.494484,0.501826,0.499254,0.502209,0.496739,0.506904,0.491909,0.500071,0.5001,0.490247,0.500287,0.501135,0.492859,0.49892,0.502422,0.441161,0.581062,0.477903,0.441646,0.461076,0.510887,0.509226,0.486956,0.512834,0.437718,0.481201,0.510655,0.530658,0.511987,0.566638,0.483661,0.458271,0.424385,0.500922,0.650252,0.488202,0.526017,0.543701,0.527658,0.526669,0.556424,0.460358,0.466408,0.490542,0.523086,0.507837,0.55898,0.480397,0.508014,0.476294,0.534977,0.426376,0.586056,0.499236,0.498925,0.60327,0.496922,0.487809,0.576113,0.511599,0.501225,0.47013,0.541281,0.488815,0.470377,0.480278,0.505509,0.504668,0.4934,0.506494,0.468369,0.490486,0.505391,0.515525,0.506065,0.533863,0.491731,0.478852,0.461526,0.500466,0.577798,0.49403,0.513171,0.522151,0.514003,0.513502,0.528636,0.479913,0.482986,0.495214,0.511686,0.503965,0.529943,0.490079,0.504055,0.488,0.517717,0.46255,0.543862,0.499614,0.499456,0.552811,0.498443,0.493831,0.538731,0.505869,0.503148,0.423779,0.60471,0.471296,0.424402,0.449487,0.514147,0.511988,0.483051,0.516676,0.41935,0.475578,0.513846,0.539808,0.515575,0.586247,0.478771,0.445858,0.402249,0.501198,0.691239,0.48467,0.53379,0.556693,0.535917,0.534635,0.573111,0.448558,0.45639,0.487709,0.529987,0.510185,0.576403,0.474534,0.510415,0.469209,0.545404,0.404798,0.611076,0.499007,0.498604,0.632895,0.496,0.484159,0.598388,0.515071,8.57891,9.04773,7.1228,7.8077,8.52982,8.33324,8.27261,7.84982,8.73398,7.81363,9.52606,8.79172,7.83548,8.2955,8.26159,8.22679,8.76704,8.36153,8.7059,8.37253,7.05108,8.72148,8.19427,8.17432,7.66479,8.03827,7.73793,9.60372,8.94041,8.99344,8.15019,9.19603,8.30474,8.65189,7.50571,8.6931,8.67234,9.19848,7.4349,8.46295,8.61396,7.40562,8.41262,8.50399,8.02231,8.48691,3,1,4,1,1,5,16,7,7,8,6,7,27,7,7,11,5,4,10,9,6,5,8,11,7,2,1,2,1,3,9,16,9,8,6,5,1,2,9,5,10,2,1,3,28,11,11,1,5,5,1,6,7,2,4,1,3,0,1,26,21,21,19,9,5,4,5,6,6,7,4,3,5,6,6,2,2,0,2,0,0,1,4,0,3,5,1,3,9,5,3,11,6,5,15,15,10,10,7,1,4,3,4,12,6,2,4,1,0,4,4,4,4,4,7,1,4,4,2,5,0,1,1,3,2,5,1,1,11,7,10,7,9,11,6,7,18,12,10,17,5,10,9,13,6,7,3,2,1,3,3,1,2,6,7,2,8,8,4,4,5,4,7,11,12,9,8,5,3,1,5,3,7,11,5,5,12,6,11,3,4,7,2,11,4,10,4,1,4,5
180.59,0.983028,0.0128217,9,511,0,-113.766,9.04696,0.518698,0.481057,-0.0892168,0.211979,-0.512588,-0.019757,0.743793,-0.0977062,-0.34858,-0.435358,-0.603847,0.138696,0.720223,0.823568,0.39273,-0.239859,-0.816742,-0.0666177,-0.0183375,0.916987,0.893857,-0.276595,-1.05806,0.282643,-0.460466,-0.125384,-0.0698719,-0.239808,-0.604387,0.282395,0.538206,0.234991,-0.320115,-0.0427348,-0.371456,-0.529007,-0.828382,-1.01656,-0.383137,0.360332,0.289207,-0.512183,0.228463,-1.13655,-0.231809,0.549569,-0.685914,0.421573,0.0764865,-0.536959,-0.305461,0.0455894,0.0978898,-0.839305,0.455842,0.454481,0.207228,-0.493924,0.232277,-0.636522,0.00534349,0.017295,0.162744,0.311082,0.37634,-0.0939925,-0.120903,0.359098,-0.333754,0.611156,0.135278,-1.2579,-0.0234807,-0.0759953,0.287511,0.691085,0.466267,-0.576101,-0.733245,0.91493,-0.638326,0.296885,-0.780536,0.995408,-0.145835,-0.481287,-0.790982,-0.666363,0.656823,-0.372995,-0.012614,0.651753,0.142176,-0.490726,-0.898693,-0.060434,0.568718,1.00199,-1.205,-0.0782288,-1.01329,0.415907,0.415223,-0.319136,-0.742648,-0.536004,0.541361,-0.536943,0.473677,0.0116843,0.0909188,0.349399,1.07537,0.554551,-0.286949,-0.418377,0.290679,-0.0103482,0.12623,-0.0440442,0.128274,-0.0366216,-0.115804,0.206682,0.0249959,0.207239,0.103706,0.216507,0.108822,0.00021762,0.224918,0.0647353,0.199034,-0.171616,-0.696585,0.106698,0.0872843,19.513,0.493062,0.51648,0.46022,0.498463,0.557588,0.492402,0.472917,0.466194,0.453176,0.510785,0.555779,0.563701,0.530505,0.481355,0.436821,0.494819,0.498574,0.570835,0.569071,0.478502,0.418449,0.521967,0.46425,0.49025,0.494566,0.481359,0.453134,0.521948,0.541759,0.518267,0.475125,0.496677,0.471144,0.458951,0.43593,0.421594,0.470238,0.527994,0.522477,0.460251,0.51776,0.412519,0.48198,0.542636,0.446858,0.532739,0.491607,0.519933,0.451922,0.498141,0.569526,0.490808,0.467251,0.459131,0.44343,0.513046,0.56735,0.576871,0.536883,0.477448,0.423756,0.493733,0.498275,0.585429,0.583314,0.474,0.401747,0.526567,0.456785,0.488205,0.493426,0.477453,0.44338,0.526544,0.550465,0.522095,0.469918,0.495979,0.465108,0.450392,0.422687,0.405507,0.464015,0.53385,0.527183,0.45196,0.521482,0.394669,0.478204,0.551523,0.435822,0.539581,0.503828,0.490906,0.521978,0.500848,0.468132,0.504192,0.514951,0.51867,0.525884,0.49405,0.469139,0.464724,0.483157,0.510289,0.534984,0.502858,0.500787,0.460739,0.461725,0.511865,0.545271,0.487876,0.519746,0.505379,0.502998,0.510287,0.525907,0.487887,0.476925,0.489919,0.513731,0.501833,0.515932,0.522681,0.535481,0.543504,0.516432,0.484545,0.487594,0.52196,0.490199,0.548608,0.509944,0.476439,0.529394,0.481921,0.515532,0.463152,0.588329,0.503441,0.373293,0.517009,0.560407,0.57524,0.603634,0.475865,0.377142,0.360387,0.432031,0.541674,0.638516,0.511599,0.503193,0.345527,0.34918,0.54802,0.676346,0.450937,0.579508,0.521821,0.512166,0.541665,0.603724,0.45098,0.407356,0.459168,0.555517,0.507442,0.564329,0.591096,0.640386,0.669986,0.566329,0.437577,0.449805,0.58826,0.460298,0.688197,0.540281,0.405447,0.617228,0.427108,8.3081,8.98707,7.14526,8.02427,8.47618,7.58478,8.26183,7.22706,7.76293,7.83527,9.44424,9.27494,8.10441,8.14848,7.76607,8.61073,8.3832,8.65948,8.63501,8.33809,7.28223,8.70211,8.27461,8.1645,7.61428,8.15174,7.76556,9.58818,8.97282,8.93031,8.29199,9.26971,8.28776,8.20202,7.1678,7.68595,8.63048,9.14424,8.71226,8.21984,8.6447,7.55906,8.38554,9.21338,8.01889,8.84928,1,3,2,0,2,12,6,6,5,5,11,5,3,8,5,11,12,15,17,14,20,7,4,13,13,2,0,1,2,4,13,5,8,11,9,2,1,1,7,15,8,3,2,1,15,11,14,4,5,5,4,3,3,4,1,5,3,3,1,11,11,21,10,6,3,1,6,4,7,5,6,8,13,6,5,6,5,5,5,1,4,1,1,0,2,2,2,5,4,5,6,13,11,12,7,12,13,17,21,2,1,3,3,10,1,3,2,10,11,8,8,4,12,6,6,8,2,3,5,1,3,5,2,2,1,1,1,3,10,8,10,8,5,20,13,16,11,8,12,11,12,7,14,11,10,11,11,5,3,5,3,10,1,5,6,5,7,4,4,9,7,11,5,13,14,10,12,18,16,4,8,20,15,17,20,15,5,8,9,7,8,4,8,5,4,2,5,4,9,5
183.566,0.999991,0.0128217,9,511,0,-120.542,9.99715,0.417072,0.553793,-0.951361,0.184093,-0.688077,0.491097,0.192418,0.262452,-0.123033,-0.273962,0.491005,0.0426509,0.770955,0.867232,0.486399,-0.0168839,-0.010025,-0.303786,0.0112047,0.00262478,0.711924,-0.0808528,-0.860062,0.484636,-0.343979,0.0780805,-0.0182616,-0.393376,-0.711768,-0.164257,0.633033,0.422036,-0.0668709,0.14286,-0.0434586,-0.0381395,0.20097,0.77565,-0.392453,0.325955,0.0114304,-0.336315,0.360111,-0.909625,0.0426586,-0.392072,0.026096,-0.219885,-0.172938,-0.546793,-0.91709,0.0693679,-0.614039,0.500305,0.437704,-0.395224,0.110324,-0.272799,0.575952,0.272216,0.0508841,-0.076242,-0.0187175,1.02891,-0.427538,-0.525086,-0.188155,0.365956,-0.136182,0.683345,0.407666,-0.633689,0.475872,0.163409,0.816153,0.385209,0.167937,-0.964583,-0.54408,0.167647,-0.707605,0.66024,-0.508098,0.762039,-0.0967713,-0.89501,-0.0181513,-0.928769,0.811524,-0.994186,0.33902,0.319009,-0.412627,-0.878238,-0.438241,-0.632529,0.595572,1.10507,-0.129749,-0.190759,-0.816952,0.364311,0.51794,-0.207096,-0.831202,-0.632449,-0.262271,0.233984,0.709439,-0.0616138,0.179342,0.266518,1.35001,0.167451,0.52375,-0.0563327,-0.375141,-0.0555213,-0.344479,-0.442068,-0.266596,0.151827,-0.00751557,-0.113852,-0.0344912,-0.364268,0.41576,-0.732908,-0.168943,-0.130869,-0.313442,-0.31237,0.143853,-1.06977,-0.623699,0.24766,0.173499,18.6063,0.273118,0.547213,0.330048,0.623702,0.549334,0.567102,0.468395,0.429993,0.62368,0.510969,0.688527,0.709365,0.622567,0.495657,0.497421,0.422488,0.502882,0.500675,0.675354,0.479214,0.292159,0.622141,0.412432,0.520074,0.495303,0.400172,0.324681,0.457849,0.657311,0.606885,0.482806,0.536681,0.488823,0.490191,0.551512,0.689562,0.4004,0.583067,0.50294,0.414344,0.591585,0.281725,0.510971,0.400494,0.506712,0.44368,0.600307,0.480333,0.573019,0.447701,0.479445,0.471977,0.513147,0.529249,0.447711,0.495441,0.418335,0.408354,0.448198,0.501805,0.501072,0.532424,0.498802,0.499719,0.424488,0.508641,0.590905,0.448384,0.5367,0.491655,0.501952,0.541947,0.575495,0.517549,0.432749,0.455013,0.507147,0.484735,0.504645,0.504076,0.478533,0.417846,0.541849,0.465217,0.498778,0.535885,0.461586,0.596018,0.495441,0.541809,0.497211,0.523485,0.734531,0.450924,0.676138,0.3716,0.44872,0.430267,0.532857,0.572749,0.371623,0.488595,0.304758,0.283384,0.372774,0.504515,0.502681,0.580537,0.497003,0.499298,0.318301,0.52161,0.715055,0.373215,0.59097,0.47913,0.504884,0.60368,0.681663,0.543817,0.336887,0.389009,0.517876,0.461867,0.511621,0.510199,0.446458,0.303695,0.603443,0.413699,0.496943,0.588987,0.404865,0.725734,0.488593,0.603346,0.493021,0.558537,0.644136,0.471327,0.605671,0.424019,0.470033,0.459168,0.519175,0.542614,0.424033,0.49335,0.382053,0.36798,0.424735,0.502633,0.501563,0.547227,0.498253,0.499591,0.390782,0.512604,0.630979,0.425003,0.55343,0.487828,0.502847,0.561031,0.609195,0.525589,0.402557,0.434571,0.510425,0.477739,0.506776,0.505947,0.468705,0.381362,0.560889,0.44935,0.498218,0.552248,0.444085,0.638147,0.493349,0.560831,0.495931,0.534232,6.9311,9.04334,6.80499,7.90241,7.95112,8.04262,8.23336,7.34065,8.79941,7.75504,9.50508,9.28062,8.33381,8.13667,8.38139,8.10783,8.17347,7.70259,8.62378,8.2886,7.04601,8.79116,8.35249,8.23706,7.67522,8.17881,7.76841,9.58963,8.98243,9.05647,8.30691,9.36026,8.44829,8.75229,7.52482,9.80808,8.75637,9.22856,8.70782,8.36247,8.62956,7.627,8.45042,7.8822,8.12626,7.87092,4,1,1,2,2,6,10,12,7,5,3,2,12,22,12,7,7,9,11,5,9,3,11,5,14,1,1,1,3,5,13,15,5,12,13,1,4,1,16,10,14,7,2,8,16,15,14,5,6,10,3,1,5,2,2,6,5,7,6,13,10,10,9,2,1,5,5,8,4,7,4,5,8,8,4,1,12,5,2,0,0,4,3,4,7,3,4,0,2,3,2,29,17,14,11,32,19,31,18,2,4,10,4,10,3,1,2,10,5,2,9,7,10,18,10,12,3,5,7,0,3,3,3,5,1,3,1,2,6,3,6,5,13,11,13,5,15,15,9,10,11,16,5,15,9,11,11,9,8,15,9,8,14,3,4,5,4,10,10,8,12,8,7,14,10,10,11,13,13,8,9,8,9,2,10,8,10,12,6,3,11,4,3,12,6,4,13,8,9,2
180.289,0.967223,0.0128217,9,511,0,-120.733,9.52504,0.500994,0.616881,0.733488,0.774363,-0.591599,0.135718,0.136401,0.576351,-0.0905567,-0.298837,-0.433776,0.17193,0.622552,0.506933,0.441063,-0.531203,-0.0979775,0.309446,-0.221758,0.604624,0.945441,-0.01468,-1.57722,-0.179008,0.0216661,0.80772,-0.0063913,0.395522,0.20079,1.21191,0.194465,0.211657,-0.180504,0.259211,-0.408899,-0.180522,-0.380565,-1.06621,0.304971,0.0162195,0.0432113,0.0941572,-0.0936145,-0.689075,0.0518601,0.26124,-0.0512329,0.483296,-0.0183386,-0.312419,-1.15929,0.278105,-0.215245,0.0475153,0.324052,0.0709734,-0.32887,-0.988066,-0.196087,0.35612,0.95832,0.0882046,0.786731,0.256836,-0.11762,-0.360692,-0.16865,0.354326,0.186195,0.654728,0.133844,-0.920348,0.698161,-0.0487876,-0.24126,0.195292,0.328692,-0.163518,-1.20014,0.839097,-1.32313,0.736896,-0.397589,0.889541,-0.0780658,0.0287761,-0.568332,-1.00497,0.462324,-0.313685,0.208172,0.182946,0.271621,-0.659519,-0.402933,-0.469074,0.397907,0.887236,-0.531173,0.189113,-0.670961,-0.261126,0.365498,-0.00928239,-0.480258,-0.78746,0.724636,-0.425888,1.16286,-0.0426654,-0.0471585,0.398242,1.16159,0.500735,-0.180917,-0.713696,0.0965285,-0.106437,0.0372506,0.0195806,0.247641,-0.0480873,-0.0516928,0.223568,0.0759807,0.191668,0.0377568,0.305947,0.107903,0.028255,0.0971282,0.116482,0.0520637,0.125264,-0.284483,0.275862,0.071936,21.2927,0.546958,0.549558,0.462087,0.508713,0.508757,0.536939,0.494186,0.480821,0.472176,0.511038,0.539888,0.532504,0.52829,0.465945,0.493709,0.519859,0.485765,0.538744,0.560409,0.499057,0.400091,0.488508,0.501391,0.551678,0.49959,0.525374,0.51289,0.577193,0.512484,0.513587,0.488412,0.516638,0.473769,0.488411,0.475584,0.431964,0.519572,0.501041,0.502775,0.506045,0.493989,0.45587,0.50333,0.516768,0.49671,0.530992,0.478445,0.477245,0.517389,0.496009,0.495989,0.483059,0.502663,0.508786,0.512752,0.494945,0.481702,0.485098,0.487033,0.515615,0.502881,0.490902,0.50652,0.482228,0.472228,0.500432,0.546246,0.505264,0.499363,0.476267,0.500188,0.488372,0.494096,0.464424,0.494282,0.493777,0.505308,0.492378,0.512021,0.505308,0.511189,0.531311,0.491033,0.499523,0.498729,0.497231,0.502753,0.520251,0.498475,0.492319,0.501507,0.485792,0.522954,0.524231,0.481482,0.50425,0.504271,0.518041,0.497164,0.490643,0.486419,0.505384,0.519486,0.51587,0.513809,0.483371,0.496932,0.509689,0.493056,0.518925,0.529573,0.49954,0.450768,0.494394,0.500678,0.525273,0.4998,0.512384,0.506288,0.53788,0.50609,0.506628,0.494348,0.508117,0.487198,0.494347,0.488084,0.46666,0.509549,0.500508,0.501353,0.502949,0.497068,0.478434,0.501624,0.50818,0.498396,0.51513,0.448022,0.445148,0.541976,0.490349,0.4903,0.459101,0.50644,0.521241,0.530811,0.487775,0.455839,0.464009,0.468672,0.537708,0.506968,0.478006,0.515766,0.457104,0.433162,0.501044,0.610328,0.512728,0.498459,0.442806,0.500455,0.4719,0.485724,0.414652,0.486173,0.484951,0.512835,0.481573,0.529048,0.512836,0.52704,0.575254,0.478324,0.498846,0.496927,0.493304,0.506658,0.548851,0.496312,0.481429,0.503644,0.465682,9.52508,9.04708,7.12597,7.54672,7.86848,8.31719,8.22114,7.42456,8.33457,7.90472,9.54729,9.29403,8.17921,8.23521,8.21357,9.22796,8.55081,8.34602,8.69358,8.29853,7.16867,8.59442,8.27941,8.1481,7.72284,7.98084,7.78223,9.83572,8.97534,9.12822,8.1294,9.25588,8.49529,8.07319,7.02015,7.16994,8.63291,8.27386,7.6215,8.35335,8.68151,7.55452,8.3664,8.57996,8.04072,9.26992,3,2,0,3,11,9,10,6,18,6,3,4,4,2,5,4,7,3,4,6,10,12,6,4,8,2,5,7,1,1,15,17,16,6,22,1,2,2,2,7,8,5,6,3,23,10,13,6,13,10,5,7,3,4,3,3,2,2,3,14,15,5,15,6,4,3,11,9,14,6,6,9,11,7,4,10,9,8,1,1,3,6,8,6,7,5,6,1,3,2,1,12,5,10,18,13,14,27,4,2,2,8,6,20,3,4,4,5,2,2,2,0,9,9,9,12,2,15,5,4,1,3,1,1,3,6,2,2,13,5,8,14,16,9,12,21,8,18,14,10,24,13,13,15,37,8,9,2,9,5,5,1,9,7,5,3,10,8,6,2,4,8,7,16,18,33,16,36,29,31,10,17,31,16,15,9,18,14,9,6,15,8,6,4,3,8,2,4,2,5
166.253,0.997052,0.0128217,9,511,0,-103.254,8.86818,0.593422,0.749568,-1.29071,0.93794,-0.653685,-0.246809,-0.370606,0.282742,-0.0567271,0.14166,0.225025,0.148797,0.732332,0.178857,0.305496,-0.482753,0.00173456,-0.0196559,0.0923145,-0.852882,0.856499,0.106455,-1.43457,-0.105313,0.320072,0.794138,0.0732719,0.0503318,-0.229194,0.560055,0.245236,0.302329,-0.129045,0.466372,-0.363912,0.00187806,-0.301528,1.28201,0.312207,0.0986942,-0.929414,-0.0960437,-0.0433598,-0.428276,0.167194,-0.365586,-0.016771,0.112869,-0.0959421,-0.0955051,-1.3427,0.176795,-0.153528,-1.11644,-0.219952,-0.933104,-0.221304,-0.467477,0.425036,0.0568417,0.65277,0.0542134,0.519425,0.45506,0.16401,-0.300719,-0.088972,0.361718,0.892582,0.715009,0.180295,-0.594122,0.721155,0.0277559,0.623412,0.571833,0.0122031,-2.211,-0.367707,0.540819,-0.423333,0.501871,-0.683707,0.862428,-0.129031,-1.19409,-0.116996,-1.35319,0.77212,-0.764596,0.45206,0.474777,-0.171739,-0.655556,-0.805653,-0.453355,0.795379,0.624888,0.336476,-0.000840008,-0.728187,0.642997,0.390827,-0.395031,-0.756079,-0.890193,0.505728,-0.325611,1.06955,-0.167928,0.551914,0.313677,0.971143,0.678942,0.688837,-0.170367,-0.41607,-0.00353921,-0.314544,-0.257104,-0.199192,0.207396,-0.0497478,-0.286107,0.130021,-0.118648,-0.0353519,-0.259122,0.10267,-0.0495356,-0.243077,-0.187671,0.0265366,0.36047,-0.372228,0.0143126,0.0883002,22.1503,0.357243,0.605114,0.426177,0.471951,0.457938,0.532122,0.493547,0.51611,0.525578,0.516921,0.582551,0.520336,0.534699,0.4453,0.500197,0.497764,0.510501,0.404172,0.596224,0.512109,0.342355,0.488021,0.536349,0.589374,0.508335,0.505726,0.473949,0.563372,0.52787,0.53434,0.485323,0.552858,0.458694,0.500214,0.46575,0.641847,0.535459,0.511226,0.395814,0.489075,0.495067,0.451431,0.519012,0.458505,0.498092,0.512838,0.447274,0.538382,0.473223,0.489882,0.484809,0.511591,0.497674,0.505808,0.509226,0.506101,0.529991,0.507333,0.512523,0.480216,0.500071,0.499194,0.503785,0.465087,0.535061,0.504365,0.441449,0.495682,0.513121,0.532516,0.503004,0.502064,0.490604,0.522948,0.510054,0.512394,0.494709,0.519113,0.485083,0.500077,0.487639,0.552373,0.512798,0.504047,0.461965,0.496062,0.498222,0.482447,0.506855,0.485015,0.499312,0.504628,0.385738,0.583729,0.441363,0.477773,0.466651,0.525458,0.494888,0.512763,0.520268,0.513406,0.565615,0.516113,0.527503,0.456605,0.500156,0.498229,0.508318,0.42374,0.576578,0.509592,0.373526,0.490511,0.528812,0.571081,0.506603,0.504536,0.479357,0.5503,0.522086,0.527218,0.488373,0.54193,0.467252,0.500169,0.472854,0.613518,0.528106,0.508893,0.417018,0.491346,0.496093,0.461481,0.515063,0.467102,0.498489,0.51017,0.617852,0.413594,0.560532,0.522951,0.534433,0.473713,0.505279,0.486821,0.479072,0.486157,0.43227,0.483362,0.471602,0.544803,0.499839,0.501829,0.49141,0.578707,0.420965,0.490095,0.630413,0.509799,0.47025,0.426633,0.493182,0.495316,0.521315,0.448071,0.477195,0.471896,0.512006,0.45671,0.533813,0.499825,0.52803,0.382914,0.47098,0.490817,0.585636,0.508937,0.504035,0.53977,0.484446,0.533968,0.501561,0.489498,7.3415,9.00158,7.01758,7.47347,7.31702,8.00851,8.26205,7.8592,8.944,7.86675,9.57548,8.89514,8.03259,8.19494,8.32393,8.77986,8.80354,6.80704,8.61529,8.43478,7.18992,8.59435,8.34828,8.08322,7.78681,8.05493,7.75907,9.61389,8.96539,9.12066,8.18551,9.24299,8.41551,8.0115,7.41556,9.36466,8.71158,8.11398,7.01859,7.90785,8.65993,7.55625,8.49907,7.93517,8.05517,8.8253,3,6,5,3,1,11,7,8,8,7,4,7,4,2,13,5,7,5,12,12,7,8,5,4,3,0,0,1,5,4,10,10,6,5,9,3,2,5,6,8,9,2,2,2,12,9,10,5,4,3,1,0,1,4,2,2,0,2,1,29,14,13,16,2,1,5,8,4,8,2,7,14,2,5,11,9,7,1,7,2,1,2,1,1,4,5,1,1,1,4,4,19,14,17,5,10,8,10,2,7,5,4,6,6,4,2,3,7,4,5,9,10,20,8,6,2,2,2,1,0,3,2,1,0,0,0,2,0,13,19,7,9,14,16,6,11,11,5,9,18,5,10,3,12,6,8,10,4,2,2,5,2,4,1,5,3,11,13,14,5,4,4,1,9,12,13,10,4,7,13,14,13,6,7,12,6,7,15,7,11,6,11,10,11,6,6,5,3,3,6
168.853,0.915193,0.0128217,8,255,0,-115.524,8.65302,0.512398,0.719773,-0.319938,0.815251,-0.848521,-0.438966,-0.0486259,0.316434,-0.0397131,0.410361,0.384839,-0.174787,0.448394,0.509057,0.680713,-0.380407,0.0247917,0.679151,0.554608,-0.0550385,0.495571,0.0461563,-1.47467,0.0534724,0.204102,0.566414,-0.214039,-0.127592,-0.262792,0.611697,0.258483,0.0361305,0.0598185,0.457565,-0.595105,0.118287,0.3138,1.04508,0.0984586,1.05913,-1.12519,0.6069,-0.00434703,-0.532376,0.130884,0.25339,-0.203191,-0.836743,0.131317,-0.612164,-1.29808,0.0539214,-0.164729,-1.25964,-0.290936,-0.905647,-0.127278,-0.404574,0.423134,0.228722,0.484308,0.286078,0.547709,0.282674,0.599751,-0.314252,-0.0507273,0.355966,0.256076,0.723304,0.217187,-0.837433,0.398287,0.176793,1.10305,0.386987,0.411492,-1.30445,-0.965005,0.661744,-0.949091,0.844061,-0.130762,0.918538,0.609167,-0.641263,-0.325129,-1.24998,0.998742,-0.0103543,0.730225,0.17308,0.420669,-0.831023,-0.60062,-0.505843,0.596852,1.08638,-0.0361869,-0.010205,-0.256224,0.0100443,0.421413,-0.437681,-1.07834,-0.785835,0.480012,-1.12532,0.894043,-0.358315,0.611647,0.4291,1.1523,0.650206,0.213193,0.126242,-0.133995,-0.158062,0.202167,-0.200362,-0.136327,-0.084873,-0.0129995,-0.247643,-0.137442,0.213253,0.327907,-0.150623,0.124654,-0.0311216,0.0849499,-0.120905,0.0759796,0.434044,-0.582692,-0.0136305,0.125396,23.1238,0.477406,0.557359,0.440322,0.469019,0.496564,0.522347,0.497194,0.528967,0.527169,0.487651,0.531645,0.535912,0.547957,0.473143,0.501752,0.547848,0.539113,0.496111,0.534964,0.503262,0.39727,0.503779,0.51442,0.539942,0.484879,0.490984,0.481437,0.54312,0.518258,0.502553,0.504227,0.53229,0.458044,0.508358,0.522161,0.573322,0.506957,0.574293,0.421148,0.542784,0.499693,0.462449,0.509248,0.517899,0.485645,0.441143,0.452176,0.619858,0.375451,0.43456,0.49271,0.547303,0.494046,0.56122,0.557447,0.473817,0.566829,0.575739,0.60067,0.443209,0.503717,0.600445,0.582398,0.491748,0.573763,0.50692,0.292259,0.508017,0.530564,0.584119,0.467951,0.480879,0.460679,0.590701,0.538679,0.505417,0.508968,0.568179,0.411707,0.517728,0.546912,0.65176,0.514758,0.653671,0.337416,0.590006,0.499348,0.420848,0.519614,0.53792,0.469572,0.377109,0.465339,0.587552,0.408953,0.452511,0.494724,0.534283,0.495691,0.544411,0.541662,0.481043,0.548503,0.555015,0.573332,0.458815,0.50269,0.573166,0.559892,0.494028,0.553569,0.505008,0.34523,0.505802,0.522133,0.561154,0.476791,0.486158,0.471515,0.565989,0.528019,0.50392,0.506491,0.549488,0.435781,0.512833,0.533998,0.611497,0.510682,0.612946,0.380275,0.565477,0.499528,0.442487,0.514198,0.527468,0.477966,0.410189,0.546472,0.383424,0.621149,0.563599,0.507083,0.454034,0.505785,0.440505,0.444173,0.52544,0.43505,0.426383,0.402118,0.555189,0.496389,0.402337,0.419904,0.508017,0.428306,0.493277,0.70251,0.492211,0.470303,0.41823,0.531139,0.518578,0.538207,0.411824,0.462417,0.494737,0.491287,0.433737,0.585832,0.482776,0.454415,0.352297,0.485661,0.35043,0.65828,0.412501,0.500633,0.576937,0.480943,0.463155,0.529565,0.619532,8.33955,9.07318,7.05626,6.76272,7.94238,8.34747,8.24413,8.45161,9.12153,7.80237,9.47115,9.25919,8.75099,8.2725,8.31572,9.72665,9.30964,7.93526,8.54604,8.33943,7.06625,8.7539,8.39634,8.07931,7.75881,7.92985,7.77984,9.65704,8.9814,9.01384,8.3546,9.18975,8.31382,8.30111,7.59789,9.32665,8.64828,9.34213,6.82647,8.8428,8.68973,7.57936,8.43347,8.5694,8.07989,7.76747,3,2,0,0,0,2,7,7,7,6,3,9,19,23,19,15,22,11,7,8,7,15,15,7,22,1,1,1,2,3,6,14,12,7,12,1,1,2,9,14,12,3,4,4,20,24,15,4,5,7,2,1,3,4,2,1,0,2,2,11,10,17,15,4,9,7,8,8,5,5,4,3,2,4,3,4,9,10,3,1,0,4,2,2,4,3,7,4,0,2,1,22,13,18,17,6,18,17,19,2,3,9,10,2,0,2,6,1,3,1,0,3,0,10,8,5,2,6,1,0,5,4,1,1,4,0,1,2,13,12,17,8,9,10,8,17,19,12,4,10,12,8,11,16,5,8,14,7,5,2,0,3,3,2,1,2,8,15,9,10,3,6,8,7,9,9,7,8,12,6,10,9,11,10,4,8,8,16,3,9,7,7,5,7,6,11,7,2,3,7
172.47,0.994388,0.0128217,8,255,0,-104.188,9.36037,0.50957,0.505905,0.0583652,0.790218,-0.682714,0.587274,0.902991,-0.00190132,-0.137008,-0.305929,0.89349,-0.0476442,0.840111,0.386098,-0.63906,-0.255002,0.404858,0.073404,0.334488,-0.364929,0.850531,-0.0377068,-1.3433,0.0199083,0.24418,0.780388,-0.259526,0.124565,-0.164095,0.754806,0.480039,0.36879,0.0360832,0.461544,-0.33507,0.460147,0.607812,-0.148689,-0.485823,-0.611663,-0.0413416,-0.272671,0.188444,-0.593668,0.108079,0.444199,-0.0931106,-0.350798,0.500257,-0.736555,-1.28937,0.112731,-0.449961,-0.904164,0.067179,-0.434918,0.399947,-0.773465,0.0737001,0.296855,0.475571,0.080992,0.374248,0.438949,0.0335366,-0.333678,-0.15196,0.359229,0.0496768,0.693141,0.312408,-0.310426,0.810388,0.293835,0.475288,0.322331,0.34041,-1.09625,-0.0971007,0.772503,-0.513923,0.63316,-0.690615,1.06111,0.149949,-1.0925,-0.869404,-1.08239,0.890987,-0.409633,-0.122817,0.816229,0.127768,-0.76282,-0.62963,0.0765886,0.501484,0.445083,0.393081,0.519148,-0.942539,0.162127,0.407283,-0.0915881,-1.26215,-0.626151,0.545984,-0.413865,1.11374,-0.0653318,0.298203,0.255208,0.95787,0.462127,0.0390477,0.48271,0.0501882,0.174349,0.259205,0.114246,0.430951,0.172104,0.164062,0.290397,0.151846,0.150565,0.272414,-0.225129,0.261893,-0.0343727,-0.495613,0.0227469,0.140378,-0.464636,0.110972,0.0445774,0.0395632,17.6278,0.506404,0.585857,0.425637,0.564091,0.597815,0.499791,0.48497,0.466479,0.596811,0.494772,0.591161,0.542268,0.430328,0.472046,0.544312,0.508054,0.53664,0.460039,0.592266,0.495862,0.356718,0.502185,0.52677,0.58481,0.471551,0.513666,0.482,0.582081,0.552484,0.540382,0.50396,0.550476,0.463296,0.550324,0.566307,0.483689,0.446888,0.433278,0.495463,0.470114,0.520668,0.435219,0.511858,0.548591,0.489784,0.46158,0.500489,0.506625,0.494276,0.504924,0.50757,0.499984,0.498851,0.497435,0.507491,0.499601,0.507043,0.503237,0.494642,0.497862,0.503394,0.500615,0.502804,0.49694,0.50713,0.499684,0.48874,0.500167,0.502047,0.506543,0.497824,0.501044,0.498624,0.506328,0.504025,0.503092,0.500303,0.50387,0.497191,0.503858,0.505096,0.498753,0.495927,0.494872,0.499653,0.497714,0.50158,0.495023,0.500906,0.503724,0.499219,0.497059,0.493221,0.409227,0.578645,0.432203,0.396622,0.500221,0.515909,0.535477,0.397679,0.505534,0.403634,0.455271,0.573692,0.529586,0.45311,0.491474,0.461224,0.542289,0.402469,0.50438,0.65116,0.497687,0.471667,0.410331,0.53011,0.485535,0.519052,0.41321,0.444469,0.457266,0.495809,0.446592,0.538843,0.446753,0.429863,0.517265,0.556194,0.570576,0.504802,0.531631,0.478125,0.568526,0.487448,0.448585,0.510814,0.540658,0.501619,0.521909,0.481069,0.516287,0.525031,0.499947,0.496199,0.491513,0.524768,0.498678,0.52329,0.51071,0.482278,0.492926,0.51123,0.502036,0.509279,0.489877,0.523579,0.498954,0.462802,0.500552,0.506774,0.521637,0.492801,0.503456,0.495448,0.520928,0.513315,0.51023,0.501001,0.512802,0.490705,0.512763,0.516856,0.495875,0.486525,0.483037,0.498853,0.492436,0.505228,0.483536,0.502998,0.512321,0.497417,0.490269,8.51839,8.9893,7.14856,7.75893,8.81029,7.86211,8.14426,7.54338,9.39344,7.81416,9.51801,8.86196,7.19429,8.18986,8.71233,8.71461,8.80787,7.48154,8.75538,8.24837,7.05063,8.47807,8.41717,8.12352,7.59202,8.01342,7.71078,9.72905,8.96041,9.02427,8.32574,9.27545,8.28637,8.64354,7.78044,8.00528,8.6307,7.52005,7.83947,7.87531,8.65477,7.5389,8.40122,8.75356,8.12226,8.08944,6,4,2,2,4,17,21,14,10,6,6,2,4,11,18,5,7,15,12,8,11,5,8,4,8,1,2,3,6,6,7,12,17,12,9,4,1,3,8,12,3,3,3,4,9,13,13,3,5,2,2,3,0,0,2,0,0,2,0,6,10,15,9,2,8,3,7,9,12,8,7,8,4,15,5,6,3,6,1,2,4,3,4,4,5,2,2,3,5,6,1,9,9,8,7,5,9,5,15,3,10,5,7,11,7,0,1,4,2,7,10,1,5,6,8,12,2,1,7,1,1,1,0,1,4,2,5,0,15,4,7,4,16,8,20,13,11,9,8,15,11,8,17,11,11,19,6,3,5,5,3,4,8,5,6,2,8,4,5,7,6,10,10,16,20,12,6,6,12,14,15,7,11,18,18,5,12,17,11,5,6,7,11,3,2,4,5,2,7,8
187.795,0.999571,0.0128217,9,511,0,-117.586,9.09734,0.528192,0.419449,-0.766451,0.488922,-0.655228,0.0338306,-0.566491,0.060863,-0.0495228,1.06598,-0.403493,0.135882,0.278116,0.530205,0.576066,-0.0758105,-0.51446,-1.25336,-0.513117,-0.362417,0.860096,0.0224785,-1.09004,0.221373,-0.29595,-1.47897,0.0400815,-0.702749,-0.964528,0.321958,0.428749,-0.0283697,-0.0580833,-0.318858,-0.646106,-0.346602,-0.132441,0.555309,-0.100225,0.198076,-0.0286551,-0.326672,0.259871,-0.870666,0.163685,-0.12337,0.0300667,0.464619,-0.258295,0.511024,0.657981,-0.236999,0.377488,0.466191,-0.298985,0.347297,-0.371055,0.12351,0.437507,-0.218849,-0.0923646,-0.140667,0.360058,0.654428,0.394421,-0.434581,-0.0596744,0.36365,1.14022,0.600854,0.267469,-0.610915,0.20027,0.118115,0.503825,0.41042,0.0696838,-0.889141,-0.798881,0.760751,-0.504369,0.680064,-0.621286,0.821164,-0.172444,-0.398153,-0.59465,-1.56389,0.546534,-0.754815,0.0638827,0.627624,0.050662,-1.37463,-0.419856,-0.0791865,0.585367,0.712515,-0.376923,0.131935,-0.396457,0.380237,0.610186,-0.253576,-0.827052,-0.450314,-0.0705955,-0.331362,0.556452,-0.101255,-0.223368,-0.122977,0.740573,0.584885,0.53551,-0.949223,0.745348,-0.0344012,-0.17458,-0.52111,-0.323885,-0.221829,0.184352,0.065119,-0.0730484,-0.0293211,0.0448418,0.315044,-0.070622,-0.213428,0.236408,-0.226153,0.0422943,-0.474397,-0.78461,0.10261,0.127228,22.4886,0.377168,0.579316,0.394413,0.505535,0.408365,0.509956,0.491898,0.667657,0.434367,0.522217,0.545376,0.585885,0.593148,0.487599,0.416617,0.305714,0.416831,0.440982,0.637117,0.503678,0.328858,0.536155,0.451731,0.275303,0.506557,0.38701,0.347235,0.55248,0.56969,0.495359,0.490498,0.448021,0.39584,0.443535,0.478345,0.589865,0.483608,0.532361,0.495312,0.446757,0.542414,0.361286,0.526754,0.479827,0.504919,0.575435,0.424994,0.548061,0.435748,0.503336,0.444372,0.506001,0.495117,0.603589,0.460297,0.513395,0.527396,0.552091,0.55656,0.492525,0.449445,0.378869,0.449576,0.464325,0.584006,0.502216,0.394142,0.521815,0.470851,0.358165,0.503952,0.431146,0.406023,0.531704,0.542176,0.497203,0.494273,0.4686,0.436633,0.465876,0.486944,0.554538,0.490119,0.519521,0.497174,0.467833,0.525602,0.414982,0.516135,0.487837,0.502965,0.545686,0.589912,0.442273,0.57709,0.495988,0.566784,0.492782,0.505873,0.376203,0.547708,0.48389,0.467063,0.437448,0.432101,0.50899,0.560713,0.644418,0.560556,0.542877,0.399385,0.497334,0.626472,0.473769,0.535042,0.668547,0.495247,0.582582,0.612437,0.46189,0.449325,0.503365,0.506888,0.537744,0.576033,0.541014,0.515702,0.434519,0.511884,0.476526,0.503398,0.538666,0.469219,0.601817,0.480597,0.514627,0.496434,0.445119,0.645969,0.405256,0.625767,0.493364,0.609325,0.488064,0.509713,0.302298,0.578492,0.473372,0.445662,0.397473,0.388888,0.514866,0.599564,0.727782,0.599311,0.570614,0.337414,0.495591,0.701669,0.456686,0.557792,0.761409,0.492139,0.634457,0.680654,0.437181,0.416684,0.505565,0.511391,0.562221,0.624089,0.567571,0.525955,0.392766,0.519649,0.461225,0.505621,0.563729,0.449202,0.664438,0.467937,0.524181,0.494103,0.40986,7.50276,9.09519,6.88498,8.51089,6.98625,7.70439,8.19309,8.8512,7.91707,7.79035,9.44299,8.98613,8.29398,8.2923,7.66087,7.69609,7.79174,7.21954,8.61761,8.2756,7.13538,8.63281,8.19637,8.18854,7.68058,8.11684,7.81913,9.70037,8.87017,9.09187,8.18328,9.30183,8.38511,8.13839,8.32036,9.17103,8.587,8.76236,8.88786,8.1612,8.6769,7.54043,8.43739,8.10847,8.06283,8.91118,1,1,5,9,2,9,11,9,9,5,7,8,9,7,9,1,10,12,10,5,7,7,12,1,10,6,1,1,3,4,14,9,10,12,13,0,0,2,11,10,11,4,3,4,13,16,6,5,5,5,2,4,1,2,0,0,3,0,0,12,18,14,6,4,3,5,3,3,4,4,7,8,10,9,13,7,8,7,3,1,0,1,1,4,0,1,2,6,5,8,7,10,9,16,8,14,16,11,11,1,4,11,9,12,3,5,1,5,5,2,3,4,15,6,4,7,3,6,5,3,1,3,3,5,0,5,3,4,13,5,6,14,13,8,8,10,8,10,11,7,10,11,10,12,14,16,6,3,7,8,6,8,6,5,8,7,2,2,2,12,1,4,10,3,5,3,5,16,10,10,5,5,6,6,15,7,4,4,4,7,9,9,5,4,7,16,5,2,5,2
189.547,0.979697,0.0128217,8,255,0,-132.908,9.23164,0.577767,0.213873,-1.027,0.692308,-0.829976,1.28336,0.691799,-0.338777,0.0239814,-1.08619,0.298021,-0.0965333,0.665286,0.853697,-0.722473,-0.120703,-0.270381,0.0590262,-0.163857,0.60729,0.722996,0.121164,-0.893023,0.290413,-0.00338664,-1.14171,-0.215043,-0.7706,-0.989939,0.519176,0.67783,0.366735,0.108518,0.0852135,-0.321806,-0.530332,-0.837605,-0.557228,-0.321862,1.15243,-0.699456,0.262644,0.328903,-0.59548,0.222257,0.600174,-0.0918381,0.369257,0.16442,-0.227515,0.35085,-0.323446,-0.129029,0.407759,-0.390618,0.395117,0.0902354,0.000707082,0.151832,-0.0212168,-0.155918,-0.0907966,0.0596876,0.486617,0.476551,-0.388383,-0.0938817,0.354762,1.44967,0.596046,0.219139,-0.312747,0.0219568,0.106111,0.0733742,0.204042,0.473792,-0.669435,-0.878532,0.546416,-1.03953,0.21307,-0.896277,1.04803,0.175922,-0.155859,0.00607792,-0.883115,0.75071,-0.654048,0.373254,0.103275,0.0168697,-0.885023,-0.651373,-0.760736,0.356166,0.804604,-0.423536,-0.320678,-0.964081,-0.00292454,-0.0923423,-0.415975,-0.860009,-0.65412,0.48118,-0.864998,0.374361,-0.692764,0.0606409,0.617206,0.808224,0.350729,-0.122096,-0.0274292,-0.776178,-0.075951,0.164243,0.228331,-0.0546849,0.319066,-0.316994,0.111282,-0.29521,-0.221532,0.399213,-0.0545384,0.0789267,-0.085212,-0.0483685,-0.277073,0.0177573,-0.589592,-0.756223,0.0797958,0.108325,17.5702,0.377599,0.583435,0.40038,0.651242,0.583374,0.458879,0.502917,0.370853,0.536192,0.488258,0.580235,0.602388,0.413002,0.48532,0.467154,0.50718,0.480077,0.573346,0.587059,0.514736,0.393038,0.535271,0.499588,0.364572,0.473863,0.407337,0.381846,0.562826,0.581721,0.544497,0.513199,0.510365,0.460931,0.435838,0.399489,0.432623,0.460924,0.636635,0.41572,0.531908,0.539927,0.42806,0.527012,0.572499,0.488829,0.544801,0.380031,0.58174,0.402388,0.648302,0.581681,0.459726,0.502857,0.373407,0.535446,0.488501,0.578603,0.600328,0.414767,0.485624,0.467832,0.507032,0.480488,0.57185,0.585294,0.514431,0.395185,0.534544,0.499597,0.367238,0.474403,0.409211,0.384201,0.56154,0.58006,0.543581,0.512926,0.510151,0.461736,0.437152,0.401514,0.434001,0.461729,0.633948,0.417432,0.53125,0.539105,0.429528,0.526454,0.57102,0.48906,0.543879,0.646916,0.399349,0.619953,0.319372,0.399421,0.54977,0.496465,0.654846,0.456185,0.514225,0.403176,0.376758,0.60491,0.517784,0.539769,0.491301,0.524133,0.411431,0.395017,0.482148,0.628671,0.457298,0.500499,0.662207,0.531655,0.611671,0.641909,0.424066,0.401398,0.446154,0.48401,0.487442,0.547292,0.577539,0.621012,0.581403,0.5473,0.336381,0.601662,0.461364,0.451672,0.586882,0.467287,0.412447,0.513533,0.445786,0.684955,0.372025,0.651956,0.27478,0.372115,0.5637,0.495466,0.694534,0.443895,0.518242,0.376811,0.343985,0.633288,0.522804,0.55094,0.488843,0.530939,0.387165,0.36662,0.477109,0.662694,0.445315,0.50064,0.703368,0.540566,0.641699,0.678877,0.403088,0.374586,0.431108,0.479496,0.483895,0.560541,0.59894,0.653264,0.603815,0.560551,0.294944,0.629237,0.450508,0.438138,0.610714,0.45808,0.388442,0.517356,0.43064,7.10603,9.04769,6.93014,9.26049,8.6264,7.47713,8.19212,6.64574,8.58229,7.74738,9.49058,9.2011,7.04968,8.11507,7.86367,8.81466,8.06691,8.53233,8.66112,8.30057,7.25474,8.5738,8.27205,8.16487,7.61515,8.00068,7.75702,9.72747,9.00551,9.15795,8.28646,9.34423,8.38974,7.68432,6.89941,7.65436,8.78758,9.55858,8.07983,8.56889,8.61673,7.61176,8.41337,8.83466,8.09088,8.66173,5,4,3,6,2,4,8,9,5,6,7,8,12,7,11,8,8,8,9,13,8,6,7,8,12,4,1,2,0,0,6,4,15,7,16,2,4,0,12,12,3,5,5,2,17,10,7,5,5,12,2,3,2,2,1,2,1,2,3,27,24,10,9,5,4,3,11,11,6,7,9,10,4,5,4,2,15,5,2,2,2,2,6,4,6,3,5,2,4,1,2,6,14,12,11,12,7,18,14,3,4,7,13,2,2,6,2,3,6,8,7,1,8,10,4,6,2,6,0,1,3,1,8,4,0,2,3,1,3,11,5,13,9,7,10,18,5,4,8,9,9,9,11,9,9,7,9,2,5,3,3,8,3,2,2,4,5,8,4,11,6,11,11,10,11,16,12,16,14,9,8,16,8,9,6,11,9,9,7,4,7,12,6,5,6,4,1,4,4,5
182.335,0.97818,0.0128217,8,511,0,-124.809,9.08144,0.571466,0.317369,-0.830427,0.643232,-0.742001,0.514043,0.616649,-0.518689,-0.00670796,-1.01244,0.431768,0.0353675,0.695202,0.484413,-0.687874,-0.131355,-0.434539,0.3459,-0.522555,-0.143578,0.774228,0.110152,-1.17533,0.109274,0.0396443,-1.09056,-0.076706,-0.593774,-0.834932,0.570729,0.477204,0.184063,0.0671941,0.200947,-0.383984,-0.370746,-0.476602,-1.03111,-0.272352,0.688943,-0.695413,0.0299558,0.275138,-0.71348,0.251075,0.284888,-0.156491,0.163248,0.144798,-0.318995,0.335131,-0.441481,-0.205358,0.258376,-0.288395,0.26654,-0.0857648,-0.168407,0.0653807,-0.40107,-0.126657,-0.336688,0.0714365,0.342499,0.522554,-0.228246,-0.089456,0.347088,1.65781,0.549887,0.332659,-0.407084,0.0802326,0.269032,-0.0988145,0.451725,0.103479,-0.584442,-0.500318,0.346892,-0.913927,0.506449,-0.822803,1.10197,-0.186166,-0.227513,0.124797,-0.801984,0.673088,-0.888976,0.365574,-0.129789,0.0766359,-1.2455,-1.06143,-0.623575,0.422097,0.543898,-0.868633,-0.0910783,-0.81447,0.332677,0.261077,-0.0919641,-1.21542,-0.533679,0.625814,-0.484487,0.267446,-0.332692,-0.314688,0.4339,0.928637,0.199612,-0.131975,-0.405847,-1.0506,0.105199,0.135695,0.269135,-0.248261,0.242453,-0.431749,0.218054,-0.327269,-0.303026,0.443857,-0.260845,0.0162515,-0.0467476,-0.139451,-0.157334,0.0578466,-0.622462,-1.06119,0.0672836,0.0526566,15.51,0.42937,0.554855,0.436806,0.543901,0.552605,0.455704,0.499426,0.414168,0.536903,0.503028,0.559247,0.541383,0.441372,0.488755,0.462861,0.529583,0.455375,0.487709,0.565907,0.509431,0.4007,0.509355,0.503394,0.407691,0.493432,0.449333,0.428992,0.548713,0.54077,0.515755,0.505753,0.517199,0.467169,0.468298,0.459281,0.412618,0.476697,0.558718,0.440735,0.502565,0.523541,0.439211,0.521485,0.524374,0.486604,0.513974,0.393185,0.583249,0.404262,0.566753,0.579868,0.432651,0.499124,0.370737,0.556168,0.50462,0.589834,0.562947,0.411092,0.482847,0.443475,0.545065,0.432155,0.481252,0.599787,0.514386,0.351108,0.514271,0.505179,0.361265,0.489981,0.423047,0.392624,0.574011,0.56202,0.524027,0.508777,0.526227,0.450005,0.451717,0.438057,0.368465,0.46448,0.589043,0.410139,0.503913,0.535882,0.407857,0.532753,0.537149,0.479568,0.521314,0.626425,0.401219,0.613457,0.420682,0.405201,0.580022,0.501044,0.652536,0.433212,0.494496,0.393473,0.425184,0.605438,0.52043,0.567212,0.44638,0.580608,0.522328,0.381797,0.482865,0.675156,0.483002,0.493831,0.663479,0.511934,0.591363,0.627081,0.412108,0.426281,0.471388,0.489545,0.46877,0.559471,0.557439,0.573627,0.655166,0.542281,0.394403,0.606558,0.495339,0.457289,0.609239,0.461008,0.455783,0.524333,0.474618,0.707079,0.335683,0.687274,0.36691,0.342003,0.634235,0.50178,0.745431,0.387416,0.490618,0.323498,0.374244,0.674798,0.534792,0.613282,0.40925,0.635186,0.538017,0.305424,0.47081,0.776823,0.471042,0.489484,0.760841,0.520339,0.652514,0.708068,0.353052,0.376037,0.451323,0.482181,0.44689,0.600483,0.597109,0.623813,0.749172,0.571756,0.324954,0.676551,0.492053,0.427521,0.680732,0.433782,0.42499,0.541422,0.456799,7.47208,9.02585,7.00277,8.64495,8.49284,7.24739,8.1679,6.70706,8.85627,7.85526,9.52801,8.914,7.06203,8.23834,7.69847,9.14515,7.80922,7.65886,8.66539,8.29616,7.09537,8.50245,8.36384,8.06316,7.73225,8.09294,7.82892,9.72821,8.90609,8.96759,8.24902,9.29995,8.34422,7.9135,7.55807,7.19056,8.60278,9.07591,7.98162,8.35321,8.68447,7.53788,8.45081,8.48791,8.05513,8.56169,1,4,2,1,4,5,17,9,14,1,6,7,10,7,3,9,6,12,5,17,21,4,10,6,5,4,2,3,4,7,9,17,9,7,11,0,5,2,9,12,8,3,4,4,13,20,12,3,0,1,1,2,12,6,4,1,0,1,5,12,9,6,9,3,2,3,8,8,7,7,5,1,1,3,5,0,8,9,2,0,0,2,2,1,2,2,1,1,2,1,3,13,8,12,17,18,14,8,22,2,2,6,4,2,2,5,1,7,5,6,4,4,27,19,3,9,8,5,7,2,4,4,3,5,0,3,3,1,4,1,5,8,7,12,10,9,11,15,12,9,12,11,14,14,18,17,2,5,6,2,4,10,5,3,5,4,4,4,7,18,9,10,8,2,7,7,7,9,12,5,8,5,15,4,5,13,3,7,2,10,6,7,6,5,4,3,2,4,7,1
181.53,0.945671,0.0128217,8,511,0,-101.831,9.1803,0.626462,0.212712,-1.08448,0.651062,-0.769083,0.430205,0.582401,-0.51063,0.095076,-1.04828,0.39929,0.0126744,0.632985,0.504304,-0.713047,-0.17614,-0.695584,0.0857662,-0.66568,-0.0182206,0.830613,0.139422,-1.17748,0.181044,0.106332,-0.894193,-0.0235758,-0.583782,-0.857358,0.653374,0.505908,0.20829,0.136959,0.211177,-0.376336,-0.518174,-0.753762,-1.22604,-0.226537,0.729598,-0.63707,0.138918,0.169054,-0.709411,0.202854,0.205231,-0.178747,-0.136945,0.0266782,-0.367542,0.332406,-0.462583,-0.272036,0.183576,-0.244749,0.34842,-0.0740685,-0.213834,-0.0873185,-0.434714,-0.0336463,-0.339447,0.167034,0.550272,0.329368,-0.215651,-0.114702,0.343066,1.80355,0.54119,0.446503,-0.559843,0.201915,0.274289,0.0433576,0.398333,0.030103,-0.778719,-0.430109,0.32722,-0.707558,0.358429,-0.685306,1.17271,-0.154375,-0.0655621,-0.128842,-1.02878,0.564263,-0.788059,0.363161,-0.168849,-0.00960175,-1.27333,-0.993207,-0.4959,0.516182,0.50855,-0.731481,-0.163681,-0.740948,0.248351,0.521655,-0.0606929,-1.14779,-0.668278,0.581702,-0.460023,0.218508,-0.46344,-0.0675168,0.301778,0.966973,0.301421,0.0165168,-0.307088,-0.987313,0.116612,0.120728,0.278784,-0.341019,0.342431,-0.337783,0.220555,-0.328457,-0.215884,0.378644,-0.174823,0.0692033,0.0414692,-0.157147,-0.216725,0.0175122,-0.728554,-1.07236,0.105356,0.0780899,16.4972,0.355086,0.58862,0.39575,0.558908,0.579441,0.430212,0.513076,0.35966,0.55471,0.501744,0.586209,0.568934,0.403147,0.475788,0.405461,0.511797,0.409434,0.497493,0.612317,0.519171,0.343456,0.524885,0.514624,0.379411,0.496757,0.420374,0.384195,0.588928,0.569151,0.528623,0.518832,0.529019,0.448412,0.429195,0.397768,0.337455,0.468876,0.599043,0.413246,0.519101,0.52324,0.403628,0.527877,0.528203,0.47543,0.48117,0.411639,0.553405,0.437009,0.535365,0.547809,0.458053,0.507828,0.41453,0.532831,0.501044,0.551933,0.54143,0.441555,0.4855,0.442973,0.507062,0.445405,0.4985,0.567971,0.511478,0.404242,0.514903,0.508755,0.426898,0.498059,0.452078,0.429869,0.553593,0.541561,0.517144,0.511276,0.517382,0.469051,0.457436,0.438251,0.400396,0.481355,0.559789,0.447734,0.511437,0.513917,0.44185,0.516697,0.516893,0.485286,0.488726,0.687853,0.383591,0.636526,0.422278,0.395486,0.591947,0.48269,0.682162,0.427782,0.497692,0.38671,0.409166,0.627029,0.532038,0.624049,0.484384,0.618924,0.503319,0.353167,0.474628,0.702212,0.467073,0.480643,0.657341,0.504294,0.604755,0.651271,0.383193,0.408884,0.462135,0.475075,0.461612,0.568119,0.593274,0.63394,0.709557,0.541168,0.370155,0.613996,0.474719,0.469248,0.62641,0.46312,0.462689,0.532511,0.524922,0.761868,0.332218,0.69524,0.386669,0.348749,0.633574,0.474533,0.754754,0.394561,0.496602,0.336532,0.368003,0.682361,0.547081,0.678288,0.477023,0.671251,0.504885,0.290962,0.462692,0.779486,0.451616,0.471524,0.722901,0.50632,0.651587,0.714919,0.331668,0.367603,0.444391,0.463349,0.443626,0.599544,0.63545,0.691748,0.788307,0.560435,0.313805,0.664445,0.462826,0.454802,0.681515,0.445831,0.445201,0.547774,0.536648,7.23569,8.98212,6.9223,8.54875,8.41135,7.20664,8.25826,6.61584,8.86923,7.78347,9.51818,8.9849,6.9839,8.23478,7.38702,8.91524,7.69552,7.7494,8.6843,8.30717,7.13386,8.62866,8.38196,8.21381,7.74349,8.10745,7.80665,9.75251,8.98667,9.05034,8.30445,9.33597,8.40574,7.69355,7.24412,6.91641,8.67503,9.06849,8.0488,8.4179,8.61544,7.48311,8.37711,8.37973,8.08827,8.278,3,3,3,2,1,12,16,12,3,7,1,4,10,10,15,6,9,12,7,20,18,2,6,6,4,1,0,2,3,1,15,15,3,7,13,1,4,1,6,3,16,3,2,2,9,25,15,4,3,3,1,2,8,2,4,5,0,0,1,11,13,16,9,5,1,4,11,12,3,9,6,3,3,4,5,7,9,8,1,2,1,5,3,0,1,5,1,2,2,6,3,12,14,6,10,12,15,6,6,2,2,7,6,7,3,2,4,5,3,7,8,5,15,18,7,3,5,3,3,0,1,0,2,2,4,0,4,0,10,4,6,13,9,18,11,9,13,8,12,23,7,13,4,8,17,10,7,4,8,6,6,6,0,3,6,0,6,7,6,4,14,11,12,7,10,7,4,7,6,10,12,8,6,10,3,9,7,4,6,6,8,10,3,3,10,7,5,5,3,6
183.867,0.952189,0.0128217,8,255,0,-114.849,9.41061,0.583131,0.365513,-0.303348,0.699095,-0.62158,-0.147201,-0.450765,0.265217,0.211225,-1.33107,-0.420314,0.195663,1.13509,0.833918,-0.563284,-0.0687677,-0.188773,1.02396,-0.656984,0.210997,1.01666,0.200722,-1.13822,0.2424,0.0839459,-0.456077,0.0392292,-0.738373,-1.00682,0.033899,0.536574,0.74031,0.108242,-0.174034,0.148662,-1.05275,0.160323,0.0425495,-0.296945,-0.0945847,-0.0221949,0.0139473,0.312691,-0.705617,0.375753,1.39649,-0.367199,-0.124657,0.172607,-0.16983,0.00310721,-0.416626,0.0988389,-0.0606815,-0.0040081,-0.125554,0.104508,-0.0488212,0.615649,-0.371346,0.111747,-0.00372746,-0.278238,0.495588,0.0856054,-0.243279,-0.150034,0.363413,1.09233,0.644623,0.216494,-0.808685,0.0990982,-0.189133,0.594706,0.112092,0.419804,-1.20982,-0.240184,0.770033,-0.934689,0.549583,-0.814788,0.790951,0.0503956,-0.1978,-0.989984,-0.659721,0.870302,-0.0542166,0.240152,0.581279,-0.349397,-1.08154,-0.870267,-0.491084,0.679275,0.994967,0.774929,0.277296,-0.506905,0.0279273,-0.343291,-0.177801,-0.386551,-0.699927,0.17963,-0.145131,0.60501,0.0271546,-0.320094,0.15962,0.799605,0.621975,0.271505,-0.0991972,-0.0285748,-0.0315614,-0.0947016,0.0670582,0.174909,0.0507182,0.0722266,0.152381,0.24373,-0.116353,0.141177,0.0133902,0.13869,-0.204943,0.0242068,-0.0602916,-0.00886798,-0.741214,-0.109163,0.0952495,0.136445,14.1323,0.462487,0.58576,0.423591,0.48177,0.444383,0.532812,0.526146,0.340816,0.448112,0.524223,0.637039,0.601874,0.430661,0.491481,0.476629,0.624212,0.419313,0.526118,0.623363,0.524848,0.362602,0.529997,0.510399,0.443733,0.50486,0.409525,0.377783,0.5042,0.566091,0.590707,0.513408,0.478451,0.51841,0.372448,0.519853,0.505272,0.463276,0.488283,0.49725,0.501728,0.538664,0.413456,0.546421,0.66643,0.45463,0.48456,0.493508,0.514957,0.4867,0.49685,0.490354,0.505676,0.50452,0.471544,0.491006,0.504187,0.524273,0.517839,0.487947,0.498528,0.49596,0.5219,0.485943,0.504515,0.521744,0.504296,0.47566,0.505187,0.501797,0.490241,0.50084,0.484203,0.478466,0.500725,0.511481,0.515838,0.502317,0.496275,0.503182,0.477485,0.503431,0.500911,0.493645,0.497976,0.499525,0.500298,0.506692,0.484903,0.508041,0.529851,0.492142,0.497332,0.555976,0.373278,0.613186,0.52725,0.58276,0.451012,0.460939,0.728417,0.577262,0.463806,0.301252,0.350211,0.602888,0.51274,0.534923,0.318869,0.619391,0.460981,0.320045,0.462874,0.699236,0.455203,0.48445,0.583717,0.492731,0.633507,0.678365,0.493719,0.401861,0.366159,0.479953,0.532205,0.47248,0.685747,0.470327,0.492116,0.554804,0.51752,0.504113,0.497416,0.442315,0.627852,0.430818,0.262097,0.567626,0.523083,0.508278,0.48093,0.516957,0.504017,0.512299,0.492763,0.494236,0.536262,0.511469,0.49466,0.469062,0.477257,0.515368,0.501877,0.505152,0.472084,0.517922,0.494242,0.472283,0.494522,0.531023,0.493385,0.497709,0.512444,0.498929,0.52014,0.527449,0.499075,0.485361,0.479807,0.497046,0.504749,0.495943,0.528699,0.495625,0.498839,0.508103,0.502581,0.500606,0.499619,0.491467,0.519247,0.489747,0.461962,0.51002,0.503402,8.04244,9.01251,6.94138,7.95999,7.12282,7.88393,8.26945,6.18958,7.91813,7.81,9.40653,9.25087,7.00329,8.29182,7.84418,9.28884,7.66676,7.8263,8.68163,8.25829,7.15654,8.62264,8.35889,8.23518,7.64368,8.06867,7.784,9.75483,8.93524,8.98806,8.15997,9.31921,8.3595,7.15175,8.28695,8.31488,8.70462,8.16907,8.82963,8.28447,8.69736,7.51984,8.44433,9.52641,8.11778,8.2324,1,0,3,1,0,4,8,7,14,7,8,7,11,11,9,5,9,9,3,5,2,9,17,15,18,1,0,0,1,4,11,5,14,12,6,4,1,3,7,8,2,6,0,0,12,14,11,7,5,1,2,3,0,0,2,2,4,2,0,10,20,10,10,3,10,5,7,9,1,12,6,10,4,7,3,13,7,1,1,3,0,2,4,3,8,1,2,6,6,5,4,11,15,15,10,9,24,15,18,8,20,7,4,8,0,6,3,4,6,6,6,2,11,7,2,7,4,3,8,2,1,6,2,4,3,2,2,2,9,3,5,8,9,12,9,8,6,10,6,10,7,13,13,4,8,10,17,8,7,7,9,11,3,2,6,8,4,5,2,11,6,4,5,19,4,24,11,3,3,12,8,21,11,12,17,17,16,14,11,15,12,6,12,11,11,12,2,3,4,4
184.492,0.91714,0.0128217,8,511,0,-108.131,9.27036,0.671468,0.20526,-0.849934,0.617248,-0.767375,1.49822,0.173467,-0.264237,-0.0285757,2.10833,0.204854,-0.00474061,1.08172,0.804662,1.20207,0.109865,-0.462728,-0.282985,-1.38566,-0.333391,0.791103,-0.00103815,-0.854061,0.446518,-0.0351061,-0.158179,-0.148521,-0.127574,-0.375286,1.08383,0.833471,0.667027,-0.0369724,-0.325338,0.11877,-0.69633,0.737607,-0.103712,0.0178902,1.09009,-0.0180199,0.0455613,0.461962,-0.853028,0.150845,-0.990158,-0.10626,-0.164904,-0.0524745,0.0282539,-0.215706,0.117843,0.277021,0.158499,0.376177,-0.244982,-0.030321,-0.428806,-0.309907,0.240482,0.204037,-0.0017215,0.000713945,0.546225,0.0812708,-0.302532,-0.16404,0.359255,-0.0948019,0.593323,0.140794,-0.660144,0.167707,0.584402,0.398743,0.882164,0.15351,-0.719934,-1.80005,0.497138,-1.16586,0.500328,-0.66137,0.965103,-0.100736,-0.315728,-0.127787,-0.955921,0.890278,-0.989939,0.0826223,0.07016,-0.131267,-0.768465,-0.761907,0.238249,0.865642,0.819349,-0.312125,-0.205476,-0.87706,0.0626012,1.32744,0.0759183,-1.41851,-0.665447,0.189744,-0.798959,0.41478,-0.409107,-0.093605,0.135117,0.731892,0.441436,-0.141464,-0.0205907,0.122795,-0.0143704,0.0795449,-0.194263,0.0695787,-0.120377,-0.0611077,0.0315685,-0.138627,0.0687395,0.0940623,-0.123891,0.00601708,-0.0510198,-0.0467108,-0.219145,0.132181,0.0318081,-0.641629,0.0199136,0.154419,19.6377,0.385977,0.5835,0.396718,0.693889,0.52367,0.463979,0.496098,0.759807,0.527945,0.499353,0.643563,0.608146,0.658496,0.514998,0.437146,0.461433,0.319323,0.454599,0.60638,0.499858,0.385443,0.560674,0.495206,0.478413,0.47973,0.482586,0.448931,0.643828,0.61189,0.590092,0.494951,0.45569,0.516213,0.406042,0.599384,0.485841,0.502443,0.644611,0.497539,0.506221,0.562751,0.385577,0.520587,0.36799,0.485494,0.477496,0.482738,0.512538,0.484414,0.530403,0.503524,0.494632,0.499419,0.542732,0.504162,0.499904,0.521964,0.516343,0.524404,0.502232,0.4906,0.494251,0.471876,0.493227,0.516068,0.499979,0.482654,0.509071,0.499287,0.496786,0.496982,0.497408,0.492376,0.522007,0.516928,0.513549,0.499249,0.49339,0.502413,0.485856,0.514982,0.497893,0.500363,0.522134,0.499634,0.500926,0.509385,0.482675,0.503065,0.479893,0.497841,0.49665,0.493242,0.504908,0.493898,0.511912,0.501379,0.497899,0.499773,0.516759,0.501629,0.499962,0.508601,0.506398,0.509558,0.500874,0.49632,0.49775,0.488983,0.497349,0.506291,0.499992,0.493209,0.503551,0.499721,0.498742,0.498819,0.498986,0.497016,0.508618,0.506627,0.505304,0.499706,0.497413,0.500944,0.494463,0.505865,0.499175,0.500142,0.508668,0.499857,0.500362,0.503673,0.493217,0.5012,0.492127,0.499155,0.498689,0.633054,0.402263,0.620665,0.276618,0.472203,0.542284,0.504584,0.205419,0.467187,0.50076,0.33313,0.373719,0.316202,0.482384,0.573684,0.545268,0.7087,0.553275,0.375758,0.500167,0.633669,0.428861,0.505631,0.525351,0.523806,0.520452,0.559909,0.332829,0.369403,0.394608,0.50593,0.551998,0.480958,0.609875,0.383843,0.51663,0.49713,0.331938,0.50289,0.492692,0.426436,0.633515,0.475822,0.653693,0.517038,0.526427,7.22921,9.03958,6.9934,9.55322,8.00514,7.53411,8.24634,10.0722,8.36328,7.81336,9.37099,9.00789,9.10909,8.26106,7.77927,7.90455,6.65619,7.45972,8.66898,8.27598,7.22478,8.62322,8.33792,8.12003,7.65862,8.08943,7.82293,9.73149,9.03879,8.92641,8.2373,9.16442,8.33689,7.6269,8.73974,8.26409,8.68873,9.54658,8.20734,8.42474,8.63983,7.45877,8.43943,7.21319,8.06168,7.96536,2,3,0,0,1,5,11,5,8,3,6,11,21,21,17,13,26,8,8,20,10,9,3,6,4,7,2,3,2,3,13,12,9,11,7,5,1,1,3,4,9,3,2,1,19,31,9,5,5,5,3,6,0,3,2,0,1,1,2,12,8,13,8,3,4,3,4,5,5,11,3,2,6,4,4,6,2,11,3,2,2,2,1,3,1,0,3,9,5,6,3,16,8,21,13,26,11,19,13,5,4,7,5,5,3,1,1,0,3,8,3,1,6,7,30,15,2,13,4,2,2,1,3,0,8,1,1,2,8,2,7,8,6,10,8,11,13,11,11,9,7,12,7,6,5,21,8,2,5,4,5,5,5,3,1,0,7,8,2,5,2,9,7,13,7,4,2,6,5,4,10,6,2,13,12,8,8,7,4,3,1,2,7,3,8,2,4,8,6,4
181.848,0.990034,0.0128217,8,511,0,-111.713,8.53317,0.740785,0.147067,-1.05344,0.839725,-0.825267,-0.0690205,-0.288304,0.828071,-0.235811,-0.161803,0.479851,-0.115338,1.13825,1.15309,1.55906,0.0479695,-0.0417776,-0.501021,-0.851608,0.229062,0.742649,-0.0357719,-1.03952,0.393544,-0.0136213,0.133264,-0.262188,-0.0258587,-0.380786,1.37332,0.800925,0.693387,-0.13957,0.642173,0.0924525,-0.355298,0.722357,-0.407082,-0.00420227,1.25345,-0.313017,-0.150365,0.400518,-0.719678,0.014364,0.324723,-0.209102,-0.942375,0.0270865,-0.131577,-0.397868,0.203189,0.191463,0.125233,-0.0165551,-0.081655,0.352359,-0.111253,-0.0750614,-0.16098,0.0614088,0.186027,0.135987,0.202978,-0.136845,-0.111706,-0.0312446,0.350209,1.18508,0.705725,0.221747,-0.654558,0.411079,0.2224,0.677247,0.191148,0.26887,-0.862096,-1.04373,0.351337,-0.904198,0.728221,-0.96046,0.478289,-0.420579,-0.406059,-0.174794,-0.803789,1.10362,-0.120683,0.290202,0.184431,0.325596,-0.985074,-0.876466,-0.459492,0.751149,0.909557,0.19672,0.023021,0.0607593,0.13777,0.563078,-0.461158,-1.2419,-0.62889,0.34911,-0.19952,0.521637,0.4245,0.127547,0.24454,0.873251,0.19425,0.47347,0.247755,-0.730447,0.183329,-0.119639,0.139119,0.0806076,-0.083137,0.0115351,-0.0742945,0.197945,-0.0858574,0.202856,-0.055381,7.31362e-05,0.131751,-0.00497338,-0.140176,0.0176857,-0.455922,-0.896277,0.0644361,0.139065,15.4842,0.446747,0.542509,0.45822,0.496498,0.485374,0.541921,0.488036,0.49179,0.524331,0.494148,0.557504,0.558247,0.57846,0.502434,0.49788,0.474598,0.456893,0.511622,0.537614,0.498185,0.447445,0.51996,0.499309,0.506762,0.486699,0.498688,0.480687,0.569241,0.540553,0.535128,0.492918,0.532541,0.504691,0.481978,0.53659,0.479355,0.499787,0.563265,0.484121,0.49237,0.520313,0.463545,0.500729,0.516472,0.489391,0.452325,0.535977,0.471303,0.528204,0.502361,0.509862,0.471701,0.508067,0.505535,0.48359,0.503946,0.461137,0.460633,0.446864,0.498359,0.501429,0.517134,0.529102,0.492164,0.474615,0.501224,0.535503,0.48654,0.500466,0.495441,0.508969,0.500885,0.513024,0.453155,0.472627,0.476296,0.504775,0.478045,0.496837,0.512153,0.475307,0.513923,0.500144,0.457223,0.510707,0.505144,0.486301,0.524601,0.499509,0.488893,0.507153,0.532195,0.617815,0.40544,0.59297,0.507866,0.532814,0.406721,0.526852,0.518434,0.445523,0.513143,0.373097,0.371516,0.32942,0.494533,0.504762,0.55686,0.595865,0.473915,0.416152,0.504077,0.616315,0.455264,0.501553,0.484815,0.529849,0.502947,0.543293,0.348389,0.409711,0.421619,0.515903,0.427323,0.489464,0.540409,0.418402,0.546267,0.500479,0.360897,0.535617,0.517132,0.454475,0.581301,0.498363,0.463055,0.523816,0.60579,0.719942,0.320249,0.676923,0.51546,0.564243,0.322527,0.552642,0.536192,0.394107,0.525821,0.26499,0.262409,0.198237,0.489253,0.50936,0.610414,0.682065,0.448854,0.339478,0.508015,0.717419,0.412722,0.503052,0.470175,0.558479,0.505794,0.584504,0.226028,0.327867,0.349448,0.531233,0.359954,0.479296,0.578945,0.343568,0.590216,0.500942,0.245374,0.569681,0.533641,0.411208,0.65589,0.496782,0.427749,0.546717,0.699439,7.15315,9.06499,7.01247,7.87156,7.55746,8.69053,8.15593,7.68585,8.70935,7.73301,9.53593,9.39261,9.43234,8.271,8.35287,7.87217,7.35798,8.08257,8.60384,8.35896,7.16728,8.62175,8.19888,8.09543,7.58396,8.17074,7.8105,9.6719,9.03522,9.08445,8.25361,9.30911,8.47453,7.85209,8.67478,7.79953,8.70803,9.48485,7.87929,8.06009,8.62883,7.48227,8.40985,8.72486,8.11532,7.26586,1,4,0,4,2,7,4,1,7,8,8,5,13,13,11,4,13,4,9,7,4,8,9,9,9,0,1,2,6,0,6,9,12,11,9,1,1,2,10,14,9,3,3,3,16,17,7,5,3,4,2,3,3,3,3,3,3,2,0,10,10,15,14,7,9,6,6,9,2,7,5,8,5,7,5,4,11,9,1,3,2,3,0,2,2,5,2,2,6,5,3,17,20,15,16,11,8,12,15,4,10,6,7,4,2,6,2,4,11,8,3,4,12,2,2,6,3,3,0,1,1,0,3,0,1,3,4,6,4,7,5,11,14,10,8,7,2,23,12,15,10,14,13,4,14,10,9,7,2,5,2,5,3,10,8,6,6,8,11,3,12,3,12,14,2,8,7,12,20,9,8,7,14,6,12,12,14,12,14,5,3,8,9,11,10,12,17,15,8,7
183.784,0.751245,0.0128217,8,511,0,-112.048,8.70281,0.552448,0.095899,-0.098906,0.698329,-0.841526,0.0746636,0.177591,-0.519549,-0.102881,0.978894,1.08297,-0.143729,0.835938,0.948491,0.630689,-0.0677895,-0.00715379,0.294528,0.383329,-0.454108,0.683754,0.0552544,-1.01366,0.170609,-0.114642,-0.614777,-0.313903,-0.145592,-0.367107,1.13162,0.811467,0.407375,-0.1262,0.507107,-0.290203,-0.0416576,0.860651,0.123706,0.139418,1.9704,-0.75864,0.101872,0.404752,-0.746595,0.0934388,-0.665695,-0.0297148,-0.916821,0.156768,-0.0743533,0.020258,0.029599,-0.0211662,0.160994,-0.185064,0.14145,-0.0852301,-0.253272,0.111335,0.0884139,-0.0217705,0.0516725,0.087433,0.370327,0.0702152,-0.273754,-0.0241923,0.357159,0.669131,0.668531,0.150636,-0.37823,0.271094,0.473622,0.694468,0.419082,0.558895,-1.43646,-0.460734,0.253269,-1.0907,0.558298,-0.921689,0.65841,-0.503152,-0.337097,-0.350459,-1.31325,0.798359,-0.464732,0.353461,0.60129,0.203292,-1.24196,-1.27131,-0.447555,1.36611,1.21746,-0.161209,-0.488749,-0.956744,0.376542,0.955776,0.0812963,-1.55775,-0.914392,0.319088,-0.423834,0.129026,0.374662,0.292995,0.288429,0.993644,0.32836,0.424094,-0.246063,1.07187,-0.0655558,0.264212,0.107325,0.077257,0.274575,-0.240661,0.0507583,-0.0739118,-0.0528859,0.00200303,-0.201357,0.156228,-0.0404028,-0.0838171,-0.147145,0.0864399,-0.671947,-0.957019,0.0272281,0.150233,14.9623,0.490844,0.564294,0.422715,0.506912,0.516436,0.452047,0.490476,0.589648,0.598941,0.486696,0.57678,0.586921,0.558126,0.493724,0.499338,0.527241,0.53543,0.458057,0.562967,0.505115,0.407241,0.51579,0.489388,0.443328,0.470971,0.486524,0.466065,0.603261,0.574567,0.537644,0.488318,0.546811,0.473158,0.496143,0.579013,0.511451,0.512905,0.674737,0.430222,0.50943,0.537403,0.431316,0.50865,0.438679,0.497249,0.415925,0.498264,0.512256,0.485232,0.501311,0.503117,0.490881,0.498194,0.517177,0.519001,0.497477,0.51467,0.516643,0.511069,0.49881,0.499874,0.50517,0.506728,0.492029,0.512,0.50097,0.482214,0.502995,0.497988,0.48921,0.49449,0.497444,0.493556,0.519854,0.51424,0.50715,0.497785,0.508901,0.494906,0.499269,0.515103,0.502171,0.502447,0.534533,0.486686,0.501788,0.507104,0.486897,0.50164,0.488317,0.499478,0.483912,0.516609,0.384796,0.637715,0.48746,0.470202,0.586402,0.517276,0.341242,0.3257,0.524126,0.363153,0.345849,0.39561,0.511386,0.501202,0.450684,0.43596,0.575698,0.387117,0.490719,0.663989,0.471371,0.519249,0.60183,0.552537,0.524438,0.561358,0.318561,0.366964,0.431991,0.521187,0.415628,0.548596,0.506997,0.359321,0.479231,0.476597,0.210153,0.624752,0.482894,0.432423,0.622852,0.484309,0.61,0.504992,0.649321,0.523646,0.338875,0.691119,0.482144,0.457612,0.621805,0.524595,0.281543,0.261841,0.534334,0.310024,0.287466,0.353525,0.516213,0.501712,0.429996,0.409302,0.606969,0.342007,0.486783,0.725137,0.459271,0.527401,0.642987,0.574543,0.534777,0.58694,0.252941,0.315055,0.40375,0.530157,0.380999,0.56899,0.509965,0.304987,0.470437,0.466693,0.131734,0.673934,0.475646,0.404354,0.671396,0.477659,0.654094,0.507109,0.706286,8.16671,9.07839,7.11121,7.93569,8.16629,7.44445,8.20065,8.9957,9.39007,7.83356,9.42097,9.25098,8.63539,8.19893,8.29978,8.86055,8.66605,7.5122,8.69031,8.3644,7.21987,8.4458,8.23667,8.13579,7.65736,8.0384,7.80903,9.76917,9.10921,8.97739,8.1765,9.23036,8.25507,8.31225,8.74935,8.48349,8.69141,10.3929,7.40374,8.46088,8.68823,7.58244,8.40394,7.61796,8.07208,7.32004,0,3,5,1,4,4,7,10,9,4,4,7,23,24,18,9,12,7,7,9,11,10,9,13,12,2,1,0,2,5,7,11,8,17,11,1,3,1,8,5,5,2,5,2,9,26,12,3,2,2,4,5,0,5,2,3,2,1,2,15,13,13,15,3,11,3,5,7,5,0,2,6,14,4,7,4,3,12,1,3,0,2,0,0,3,0,1,6,4,2,6,19,20,19,21,14,8,18,10,5,5,3,4,2,4,5,1,4,4,3,10,8,8,7,9,9,8,4,5,0,2,0,3,3,3,1,2,2,9,9,7,8,2,10,8,13,8,11,13,9,6,13,12,14,10,11,8,4,4,0,4,1,3,7,7,6,8,10,4,8,7,4,17,6,6,13,4,9,8,10,7,6,5,10,8,9,6,7,5,2,10,3,8,6,8,7,3,1,13,5
200.955,0.98994,0.0128217,8,255,0,-121.231,8.89255,0.504424,0.113857,0.304564,0.585122,-0.734815,0.12729,-0.423817,0.827602,-0.0871481,-0.831313,-0.506661,-0.111264,1.06109,0.548518,0.150478,-0.163013,0.104204,-0.141713,-0.955739,0.611284,0.594105,0.0435266,-1.12534,0.268697,-0.13622,-0.104383,-0.200848,-0.685091,-0.929397,0.900308,0.483441,0.635789,0.0436728,0.340177,-0.0131178,0.271508,-0.0946975,0.591923,0.0643955,-0.561177,-0.0261419,-0.112052,0.304118,-0.6575,0.192263,0.773753,-0.172416,-0.308219,0.0168726,0.155377,-0.148698,-0.0976854,-0.0419991,-0.0471563,0.158222,-0.105991,0.0190958,0.237596,-0.0745968,-0.163883,0.191456,-0.118817,0.00436021,0.867206,-0.389503,-0.131231,-0.104276,0.36399,0.475827,0.748978,0.174028,-1.19167,0.086928,-0.0968155,0.642331,0.482404,-0.0524565,-0.834804,-0.420262,0.785668,-1.04966,0.390933,-0.458872,0.952834,-0.0363715,-0.0336058,-0.272073,-0.665228,0.823597,-0.535154,0.421159,0.122405,-0.101859,-1.4436,-0.0255813,-0.325484,0.670655,1.27987,0.551717,0.0605852,-0.147373,0.165824,0.40006,-0.246177,-1.08415,-0.608685,-0.0449727,-0.839117,0.802762,-0.10018,-0.276831,0.360246,0.589193,1.03221,0.384718,0.189889,1.09984,0.032067,-0.105207,-0.197235,-0.231533,-0.145098,0.226679,0.206406,0.138505,0.0980909,0.155707,0.108931,-0.179098,-0.160391,-0.0621972,-0.00648068,0.0334357,-0.409454,-0.523342,0.120508,0.188596,21.3972,0.565649,0.624202,0.345872,0.527569,0.409136,0.672101,0.481115,0.327191,0.391889,0.475896,0.71508,0.616727,0.532578,0.464717,0.522576,0.469315,0.303894,0.629509,0.626027,0.509436,0.273706,0.557992,0.470502,0.477385,0.456566,0.355691,0.308748,0.685842,0.603302,0.634451,0.509467,0.573221,0.497156,0.558593,0.479481,0.625584,0.513957,0.380682,0.494333,0.475726,0.565554,0.361193,0.541587,0.661728,0.46269,0.433573,0.470378,0.443269,0.571069,0.487608,0.541176,0.420102,0.508485,0.58025,0.549177,0.510833,0.398121,0.44679,0.485351,0.515868,0.489854,0.513796,0.592006,0.440755,0.442405,0.495762,0.607859,0.473859,0.513261,0.510163,0.519548,0.566318,0.589525,0.413219,0.453063,0.438404,0.495747,0.466923,0.501277,0.473586,0.50922,0.442615,0.49373,0.554429,0.502546,0.510909,0.470421,0.563677,0.481287,0.42522,0.516783,0.529977,0.468864,0.44039,0.574656,0.486973,0.543275,0.416085,0.50892,0.584284,0.551678,0.511387,0.39306,0.444087,0.484601,0.51668,0.489335,0.514502,0.596603,0.437752,0.439484,0.495545,0.613198,0.472523,0.51394,0.510683,0.520548,0.569672,0.594004,0.408871,0.450674,0.435284,0.49553,0.465235,0.501343,0.472236,0.509692,0.439704,0.493409,0.557193,0.502676,0.511468,0.46891,0.5669,0.480329,0.421452,0.517642,0.531509,0.460236,0.424038,0.594972,0.483352,0.555224,0.393382,0.5114,0.607081,0.565904,0.514553,0.364632,0.428723,0.480322,0.521315,0.48637,0.518533,0.622501,0.420698,0.42289,0.494305,0.643121,0.464903,0.517815,0.513654,0.526254,0.588686,0.619256,0.38434,0.437084,0.417575,0.494286,0.45561,0.501716,0.464537,0.512387,0.423169,0.491576,0.572899,0.50342,0.514656,0.460294,0.585185,0.474866,0.400127,0.522543,0.540239,8.75384,9.03698,6.99158,8.58246,7.36908,8.89571,8.1372,6.87531,7.76124,7.75135,9.61572,9.05128,8.07217,8.18102,8.37176,8.15473,7.21917,8.63441,8.61357,8.29739,7.01722,8.70998,8.15509,8.17261,7.64161,8.03429,7.74023,9.79129,8.97212,9.1048,8.29757,9.32441,8.31234,8.65466,8.31035,9.04524,8.71007,7.6362,8.83831,8.1847,8.7533,7.51938,8.47964,9.18716,8.08444,8.00331,0,3,1,1,4,5,4,6,8,2,2,1,15,11,7,15,9,7,10,10,4,3,6,4,2,3,2,1,1,4,8,15,5,13,10,1,3,2,6,6,11,1,2,5,16,15,14,5,5,5,3,2,4,8,5,1,6,4,3,16,11,21,11,2,7,2,2,6,7,10,0,4,5,3,6,7,7,5,2,0,2,5,7,1,4,4,7,4,7,4,5,10,15,13,19,17,13,13,35,8,9,8,10,4,6,2,3,3,3,7,2,5,3,7,5,9,3,2,6,2,1,2,1,3,3,5,2,5,5,4,8,13,12,8,14,6,14,7,10,7,6,9,8,10,13,17,5,8,3,0,4,3,5,7,7,7,1,2,10,3,6,12,10,5,2,6,2,8,2,6,6,10,2,7,2,4,6,5,8,12,11,11,8,14,18,1,6,7,8,9
209.647,0.929384,0.0128217,8,255,0,-145.589,8.53735,0.528731,0.0886326,-0.00649274,0.610265,-0.828104,0.045839,-0.189876,0.404865,-0.130069,-0.722783,-0.706827,-0.102463,1.10387,0.678855,-0.400252,-0.0218229,0.213865,-0.635931,-0.565161,0.384691,0.565167,-0.0110386,-0.959864,0.158438,0.00844261,-0.476064,-0.261173,-0.247317,-0.441851,0.975283,0.525406,0.529542,-0.124905,0.510652,0.00546549,0.21951,-0.191865,0.542103,-0.075643,-0.381659,-0.198456,0.0191949,0.346361,-0.634231,0.117867,0.287342,-0.191323,-0.063162,-0.0127291,-0.0706864,0.0661203,-0.0282703,0.0586636,0.0315467,-0.144403,0.0843691,0.174337,-0.0712519,0.0968983,0.0129714,0.0379957,0.152949,-0.0930284,0.879776,-0.278121,-0.215112,-0.0285282,0.354058,0.7581,0.511544,0.146925,-1.03973,0.463215,-0.223958,0.397474,0.717785,0.151065,-0.368392,-0.696721,0.624868,-0.180988,0.446158,-0.42765,1.19038,0.229258,-0.45479,-0.258867,-0.899114,0.783476,-0.0793476,0.240596,-0.125611,0.0934953,-1.07987,-0.302566,-0.354293,1.31994,0.986822,-0.051186,0.148876,-1.14107,0.279241,0.987397,-0.509912,-1.20224,-0.679303,0.441017,-0.591301,0.681816,0.345247,-0.272482,0.507182,0.763666,0.911323,0.407215,-0.140039,-0.108846,-0.000675231,0.195397,-0.343092,-0.0875743,0.211004,0.0599562,0.0672958,-0.336231,0.217824,0.103179,0.0531028,-0.0115142,-0.00215555,0.078295,0.0705386,-0.0641765,-0.137448,-0.425366,0.12793,0.218712,15.3669,0.498572,0.63109,0.325514,0.510081,0.458335,0.588118,0.471423,0.346177,0.349361,0.477479,0.72535,0.645025,0.412865,0.4952,0.5469,0.363668,0.378195,0.583812,0.621806,0.497572,0.300595,0.534791,0.501857,0.396797,0.442808,0.445818,0.404023,0.702249,0.613545,0.614408,0.472555,0.610463,0.501202,0.54813,0.4579,0.617022,0.483369,0.416836,0.456461,0.504222,0.575596,0.364015,0.525901,0.562865,0.458019,0.486111,0.500451,0.45767,0.557325,0.496813,0.513199,0.471879,0.509043,0.550087,0.548988,0.507124,0.423845,0.452939,0.527801,0.501517,0.485134,0.544102,0.539215,0.473278,0.460785,0.500768,0.566346,0.488986,0.499413,0.533053,0.518151,0.517189,0.530683,0.432601,0.463533,0.463247,0.508684,0.464554,0.49962,0.484742,0.513337,0.462379,0.505259,0.526512,0.513795,0.498665,0.475936,0.543984,0.491805,0.480032,0.5133,0.504392,0.500223,0.479042,0.528425,0.498425,0.506524,0.486092,0.504469,0.524816,0.524269,0.503521,0.462141,0.47669,0.51375,0.50075,0.492652,0.521838,0.51941,0.486784,0.480589,0.500379,0.532935,0.494556,0.49971,0.516353,0.508973,0.508497,0.515178,0.466537,0.481954,0.481812,0.504292,0.48246,0.499812,0.492458,0.506592,0.481381,0.502599,0.513112,0.506819,0.49934,0.488101,0.52178,0.49595,0.490128,0.506574,0.50217,0.50069,0.435466,0.587162,0.495126,0.520181,0.457052,0.513828,0.576262,0.574604,0.510894,0.384723,0.428307,0.542461,0.502321,0.477273,0.567217,0.559812,0.459182,0.440187,0.501174,0.600679,0.483158,0.499102,0.550453,0.527745,0.526276,0.546849,0.397749,0.444359,0.443925,0.51328,0.445909,0.499419,0.476674,0.520392,0.442606,0.508043,0.540497,0.521092,0.497959,0.463234,0.567039,0.487468,0.469482,0.520334,0.506716,8.30591,9.04995,6.98471,8.00528,7.75206,8.47248,8.09564,7.11022,7.46081,7.85801,9.65045,9.13332,7.49762,8.28732,8.51263,7.55901,7.63056,8.44813,8.6655,8.23998,7.16004,8.5059,8.32282,8.13222,7.66573,8.06193,7.82687,9.74848,8.94923,8.96756,8.1019,9.35107,8.33377,8.57868,7.71707,8.9681,8.65324,7.85038,8.12109,8.33586,8.73335,7.54648,8.3963,8.60157,8.04335,8.23719,1,2,3,1,4,13,2,4,5,7,3,7,10,10,5,9,11,14,13,9,6,7,6,6,1,2,4,3,3,4,5,3,10,14,8,2,6,4,7,13,6,3,4,8,22,8,15,9,9,10,1,4,0,4,2,5,0,2,3,17,13,17,16,2,2,6,3,3,3,6,1,2,2,10,9,9,7,14,2,1,1,7,0,3,1,11,4,2,1,1,3,25,30,20,26,17,24,12,13,5,3,5,7,10,1,2,1,6,2,6,9,10,24,3,3,9,1,2,1,2,2,5,3,1,1,2,1,0,4,4,12,5,7,5,6,5,6,10,10,6,9,7,3,5,9,6,11,9,2,0,2,7,4,5,3,2,4,11,2,6,10,7,0,10,7,12,9,6,4,10,7,4,12,7,6,8,3,8,4,6,3,4,3,10,7,8,4,0,1,1
208.692,0.843694,0.0128217,8,511,0,-148.597,9.11139,0.541021,0.0459197,-0.373936,0.49105,-0.881715,0.270069,0.443393,-0.330261,-0.122341,0.177097,0.617046,0.114895,0.911696,0.79624,0.374171,-0.0370554,0.274087,-0.309464,0.519758,-0.0798941,0.910017,0.0750514,-0.967777,0.429361,-0.272382,-0.659414,-0.0462448,-0.478407,-0.727428,1.0276,0.689057,0.593519,-0.0788655,0.334792,-0.122657,-0.365727,-0.385729,-0.501452,-0.173382,0.469004,-0.44241,-0.170259,0.409612,-1.00665,0.168205,-0.187727,0.055722,0.533479,0.00420306,-0.0278505,-0.0792052,-0.0368661,-0.025976,-0.0248678,-0.0230693,0.00286773,0.0713175,0.0416291,0.0826068,0.0826746,-0.0999597,0.00694666,0.0056593,0.442394,0.00782118,-0.392787,-0.0582715,0.365793,-1.81113,0.770582,0.19603,-0.35869,0.351181,0.91797,0.879792,0.560405,0.910705,-1.10686,-0.163241,0.875899,-0.913173,0.371488,-0.564283,1.32731,-0.264566,-0.42098,-0.234758,-1.33526,1.23861,-0.451966,0.688034,0.899267,0.10879,-0.679217,-1.37077,0.154092,0.774132,1.28674,-0.0590249,-0.161938,-0.887376,0.330246,-0.0460662,-0.232037,-0.840204,-0.0519004,0.272563,-0.607127,0.52064,-0.441822,0.282758,0.220694,1.03758,0.550819,0.436058,0.211991,0.344232,0.282621,-0.224633,-0.0386199,-0.105637,-0.209341,-0.000337707,0.276797,0.241561,-0.416792,0.230311,-0.0367488,0.0658145,-0.0306386,0.0742233,-0.0972251,0.424801,-0.540597,-0.090849,-0.0570516,0.0315163,23.428,0.458737,0.554097,0.403702,0.529834,0.548882,0.463539,0.486473,0.519577,0.567824,0.512704,0.599487,0.587163,0.541288,0.495902,0.530277,0.465827,0.557232,0.491165,0.599309,0.5083,0.394571,0.547344,0.469911,0.427583,0.494886,0.447286,0.420235,0.611733,0.575624,0.565268,0.491278,0.53696,0.486438,0.459639,0.457442,0.444767,0.480834,0.551686,0.451226,0.481179,0.545179,0.39047,0.518595,0.47925,0.506162,0.55873,0.499269,0.50096,0.498276,0.500528,0.500867,0.499354,0.499761,0.500346,0.501207,0.500225,0.501783,0.501557,0.500732,0.499928,0.500536,0.499395,0.501016,0.499844,0.501779,0.500147,0.498108,0.50084,0.499467,0.498711,0.49991,0.499065,0.498578,0.502009,0.501347,0.501161,0.499846,0.500655,0.49976,0.499285,0.499246,0.49902,0.499661,0.500917,0.499135,0.499667,0.500801,0.498032,0.500329,0.499633,0.500109,0.501043,0.550366,0.434022,0.616957,0.463565,0.440361,0.544516,0.516528,0.476084,0.417372,0.484477,0.37922,0.39402,0.449603,0.505008,0.463025,0.541727,0.430214,0.510796,0.379434,0.489858,0.62789,0.442231,0.536746,0.588187,0.50625,0.564298,0.597064,0.364585,0.407937,0.420467,0.510657,0.454876,0.516571,0.549267,0.551943,0.567359,0.523415,0.436952,0.559508,0.522994,0.444866,0.632787,0.477283,0.525349,0.49247,0.428396,0.508492,0.488849,0.520015,0.493866,0.489931,0.5075,0.502779,0.495978,0.485989,0.497391,0.479305,0.481923,0.491503,0.500842,0.493775,0.507028,0.488197,0.501815,0.479343,0.498295,0.521966,0.490249,0.506186,0.514972,0.50105,0.510864,0.516516,0.476678,0.484355,0.486523,0.501791,0.492397,0.502786,0.508306,0.50876,0.511387,0.503938,0.489349,0.510047,0.503867,0.490698,0.522847,0.49618,0.504264,0.498734,0.487886,7.77484,9.08008,6.86919,8.07292,8.25855,7.44712,8.12305,7.97928,8.81409,7.91404,9.49532,9.00185,8.18596,8.12817,8.53886,8.21502,8.71212,7.70972,8.74749,8.3301,7.1526,8.61735,8.27939,8.16787,7.74501,8.11856,7.85757,9.83133,8.88956,9.162,8.16865,9.35736,8.41094,8.1815,7.38509,8.03919,8.7121,9.05696,8.1563,8.3865,8.59664,7.50996,8.42781,8.05447,8.0749,8.7265,2,0,1,2,3,17,12,8,5,7,8,8,14,9,8,6,9,11,10,2,11,12,4,4,6,1,1,1,0,4,13,17,16,9,18,1,0,1,11,16,17,1,5,3,25,13,12,3,2,2,3,2,2,2,4,3,0,3,0,11,11,12,18,2,0,3,3,7,4,6,6,8,2,8,5,14,8,3,5,5,2,0,0,1,1,2,0,3,4,11,4,13,11,16,13,6,23,24,14,5,14,0,3,5,1,1,3,6,3,6,1,6,8,8,6,5,3,4,2,1,1,1,3,4,3,4,2,2,2,2,2,11,16,13,12,10,5,16,20,18,13,20,8,22,15,16,12,4,1,3,3,5,6,6,0,8,5,6,6,7,9,4,4,4,7,10,0,3,7,9,6,3,5,6,6,9,1,11,10,3,6,8,3,8,6,11,5,4,9,7
195.425,0.998246,0.0128217,8,255,0,-131.298,8.65669,0.544647,0.087769,0.305011,0.313148,-0.612973,0.289493,0.0431716,-0.10892,-0.0267046,0.713348,-0.3367,0.183776,0.736375,0.607081,-0.095933,0.00298243,-0.432197,-0.883908,0.226156,0.0617545,0.874544,0.0660672,-0.971685,0.334811,-0.231937,-0.721971,0.0722553,-0.418475,-0.517418,0.950603,0.4974,0.268275,0.0083199,0.343584,-0.198832,-1.42874,-0.0668655,-0.865594,0.0761579,0.577688,-0.0638782,0.00328136,0.260942,-0.932695,0.16095,-0.469064,0.12512,1.23616,-0.0239136,0.0915483,0.0285036,-0.0061074,0.0835487,-0.00629834,0.0220024,-0.1537,-0.140622,-0.0386366,0.0972479,0.0217517,0.0190003,0.0508982,0.0825302,0.969363,0.228987,-0.439697,-0.0380228,0.364224,-1.97136,0.847835,0.10427,-0.556441,-0.170543,0.837989,0.932021,0.82237,1.16322,-0.382048,-1.33617,0.805854,-0.0891446,0.387161,-0.205161,1.22671,-0.333656,-0.627751,0.244493,-1.07006,1.32503,-0.00398063,0.782955,0.98781,0.076749,-1.71036,-0.149125,0.0582606,0.468979,1.11129,-0.672511,-0.271364,-0.894722,0.437222,0.322241,-0.0574285,-1.08571,-0.475769,1.03086,-0.345055,0.465751,-0.258448,-0.319873,0.0808007,1.01451,0.727509,0.527151,-0.177393,0.755592,-0.194145,0.107285,0.072346,-0.0889149,0.0755903,0.0189509,0.156556,-0.143034,0.0309471,0.0646081,-0.0989727,-0.0107473,-0.0753043,-0.0909509,-0.068252,0.3727,-0.388225,-0.0260733,-0.0291388,0.100316,21.1992,0.573383,0.575311,0.355673,0.569699,0.510461,0.473629,0.493529,0.666299,0.419121,0.544419,0.671243,0.643017,0.476768,0.500723,0.396767,0.298002,0.554588,0.514961,0.700095,0.516005,0.280514,0.580434,0.444028,0.331845,0.517503,0.399955,0.377173,0.715344,0.618258,0.56465,0.502016,0.582503,0.451964,0.200213,0.483801,0.30173,0.518448,0.63645,0.484525,0.500795,0.562902,0.288205,0.538926,0.388245,0.530285,0.76822,0.517454,0.517919,0.464967,0.516566,0.502471,0.493765,0.498471,0.540746,0.480735,0.510519,0.542055,0.534698,0.494508,0.500171,0.475278,0.449571,0.512944,0.503535,0.549898,0.503782,0.444603,0.519157,0.486725,0.458763,0.504136,0.476062,0.470414,0.554205,0.528444,0.515353,0.500476,0.519659,0.488619,0.418931,0.496172,0.450609,0.50436,0.533023,0.496343,0.500188,0.514934,0.446808,0.509213,0.473173,0.507162,0.570297,0.470431,0.469644,0.559214,0.471932,0.49581,0.51057,0.502592,0.431204,0.532632,0.482171,0.429013,0.44135,0.50931,0.499711,0.541849,0.584957,0.478064,0.494007,0.415926,0.493588,0.593205,0.46755,0.522496,0.569617,0.492988,0.540526,0.55005,0.408771,0.451874,0.473986,0.499193,0.466702,0.519288,0.635219,0.506489,0.583229,0.492609,0.444166,0.506199,0.499682,0.474696,0.589547,0.484384,0.5454,0.487859,0.382274,0.498012,0.497959,0.503995,0.498113,0.499719,0.50071,0.500174,0.49535,0.502195,0.498802,0.4952,0.496043,0.500625,0.499981,0.502817,0.505761,0.498526,0.499597,0.4943,0.499569,0.506333,0.497818,0.501512,0.504706,0.499529,0.502728,0.503373,0.493804,0.496758,0.498251,0.499946,0.49776,0.501296,0.509312,0.500436,0.505642,0.499504,0.496235,0.500416,0.499979,0.498299,0.506079,0.498951,0.503057,0.499184,0.491943,8.64537,9.06062,6.86909,8.12105,7.68386,7.49407,8.18398,8.51387,7.84571,7.85923,9.52499,9.01889,7.51028,8.26895,7.67938,7.52172,8.54726,7.70705,8.70992,8.29975,7.0681,8.68239,8.38113,8.12065,7.72016,7.9267,7.80438,9.82515,8.88377,8.94744,8.22769,9.45246,8.36498,6.93245,7.67676,7.60126,8.74661,9.38788,8.36792,8.67446,8.59056,7.52018,8.4181,7.63377,8.06515,9.77749,0,1,6,4,6,7,3,5,0,8,3,2,11,7,16,14,24,9,5,9,16,11,16,11,13,1,0,2,1,1,2,10,6,5,3,2,2,8,9,13,20,2,6,4,10,15,3,6,3,6,1,1,5,3,5,1,0,2,1,12,18,10,14,9,9,2,9,6,7,8,7,9,10,7,4,12,4,4,0,0,1,1,2,7,0,2,5,5,3,1,3,7,7,2,5,5,17,9,7,2,4,5,8,3,4,0,3,2,3,3,5,1,11,9,6,9,4,4,5,0,0,3,3,0,3,1,0,2,10,9,22,6,10,12,8,24,8,13,8,16,7,11,12,8,11,11,13,4,1,1,2,3,6,2,2,3,7,3,0,5,5,7,3,6,2,2,6,8,1,9,5,2,4,4,5,1,6,5,2,5,7,11,6,5,5,2,0,6,2,2
213.811,0.999348,0.0128217,8,511,0,-133.72,8.95629,0.448395,0.0453762,-0.802026,0.200723,-0.539794,0.273919,-0.41266,0.33068,-0.0552695,-0.247228,0.507747,0.132848,0.848743,0.654415,0.37517,-0.00985399,-0.43184,0.44669,-0.621508,0.408427,0.950904,-0.00428454,-1.05761,0.139561,-0.554522,-0.863979,0.00309893,-0.624002,-0.521625,0.912799,0.550468,0.439581,-0.0417961,0.225248,-0.237583,1.109,0.498767,0.158182,-0.0520792,0.655699,0.47047,-0.56193,0.275272,-1.09328,0.123099,0.321478,0.229341,-0.509546,-0.0145169,0.0162338,0.034624,-0.0320131,0.0112226,-0.0142409,-0.0306301,-0.0384696,-0.0472385,0.019012,0.0094835,0.0451398,0.0444827,-0.0186984,-0.0262916,0.638597,0.135555,-0.483539,-0.0291474,0.353843,-0.613705,0.73033,0.109213,-0.68326,0.657539,0.956831,1.28925,1.29895,0.758947,-0.736491,0.530739,0.521809,-0.530036,0.457212,-1.18189,1.58824,0.0388976,-1.07522,-0.622087,-0.885901,1.16017,-0.451359,0.276797,0.398789,-0.184837,-1.52836,-0.648893,0.516761,1.74794,1.68287,0.535031,-0.121939,-0.410316,0.349385,0.793972,-0.449299,-0.994067,0.189423,0.441774,-0.320947,0.498816,0.0475366,0.282931,0.687074,0.985977,0.528802,0.556791,0.42097,-1.41024,0.0633659,0.00498215,0.08451,0.121374,-0.0760516,-0.0627148,-0.00553195,-0.0332026,0.0195937,-0.0896555,0.0447356,-0.0810476,-0.0140655,0.0285548,-0.0497092,0.135623,-0.221808,-0.637463,-0.0428845,0.221332,15.9886,0.374685,0.532002,0.414666,0.54362,0.434498,0.552598,0.491177,0.460612,0.580359,0.521196,0.632279,0.602982,0.559611,0.498427,0.431491,0.570834,0.402059,0.564838,0.647312,0.499316,0.337292,0.522266,0.412385,0.365462,0.500495,0.401676,0.417485,0.641737,0.586988,0.569721,0.493328,0.535899,0.462143,0.670005,0.578961,0.525232,0.491686,0.603179,0.57455,0.411239,0.543834,0.332219,0.519643,0.551144,0.536549,0.419362,0.472847,0.506802,0.481715,0.509282,0.486019,0.511204,0.498127,0.491623,0.5172,0.504502,0.528731,0.522163,0.512711,0.499666,0.48537,0.515133,0.47895,0.513838,0.53218,0.499855,0.46422,0.504729,0.481217,0.470754,0.500105,0.478866,0.48233,0.530894,0.518646,0.514892,0.498584,0.507633,0.491949,0.537512,0.516896,0.50536,0.498235,0.522206,0.515938,0.480966,0.509328,0.463018,0.504172,0.510893,0.507771,0.482739,0.544357,0.488871,0.529897,0.484815,0.522867,0.481671,0.503065,0.513706,0.471874,0.492634,0.453074,0.463775,0.479208,0.500546,0.523928,0.47525,0.534409,0.477367,0.447465,0.500238,0.558379,0.492262,0.530711,0.547763,0.499828,0.534547,0.528893,0.449556,0.469513,0.475644,0.502318,0.487512,0.513171,0.438812,0.472371,0.491229,0.502888,0.463704,0.473935,0.53112,0.48474,0.560329,0.493174,0.482181,0.487285,0.528225,0.625102,0.468055,0.585186,0.456457,0.565387,0.447495,0.508807,0.539318,0.419782,0.478841,0.367945,0.397195,0.440494,0.50157,0.568389,0.42929,0.597771,0.435276,0.352934,0.500683,0.66244,0.477773,0.587463,0.634311,0.499506,0.598154,0.582372,0.358501,0.413164,0.430401,0.50666,0.464165,0.53779,0.330274,0.421176,0.474812,0.508299,0.396999,0.42558,0.588607,0.456243,0.667506,0.480392,0.448946,0.463516,0.580498,7.47913,8.9739,7.05997,7.96986,7.20035,8.02253,8.18043,7.38322,8.92626,7.80373,9.53697,9.08805,8.0717,8.35396,7.76401,9.09384,7.67796,8.10845,8.70608,8.23685,7.19851,8.51929,8.1388,8.21,7.66017,7.86305,7.97599,9.61156,8.97341,9.08598,8.19534,9.26929,8.33701,9.97447,8.21831,8.92684,8.78052,9.47642,9.07295,8.13063,8.6694,7.54638,8.3778,8.5972,8.08214,7.80149,1,1,1,1,3,7,10,5,3,7,9,6,24,24,28,5,16,4,10,12,11,12,12,10,11,1,1,1,0,2,6,8,10,5,3,2,3,1,6,3,6,0,2,2,32,17,20,7,4,2,1,1,5,3,4,2,0,0,3,8,20,6,10,2,3,6,6,1,3,4,5,10,8,1,4,0,3,7,1,0,0,1,3,3,5,6,1,10,5,12,7,13,18,19,25,19,21,17,9,9,13,2,8,2,2,3,3,6,3,3,2,5,2,2,12,5,1,1,3,2,4,4,4,11,8,4,4,3,13,7,1,11,4,2,3,10,8,7,9,5,9,5,3,7,3,7,8,3,3,2,2,4,2,0,1,3,4,6,1,3,3,10,6,11,6,8,10,8,3,7,6,2,1,4,5,4,6,8,5,6,7,1,8,17,7,7,3,8,6,2
217.005,0.694773,0.0128217,8,255,0,-147.065,8.39973,0.589647,0.068339,0.953863,0.393477,-0.852199,0.263715,0.202588,0.412441,-0.0662054,0.42097,1.30851,-0.0476089,0.836484,0.639393,0.179344,-0.057398,0.501744,0.362342,0.160601,0.737807,0.595535,-0.0280314,-0.986081,0.330951,-0.229685,-0.444112,-0.191265,-0.424065,-0.389818,1.04106,0.475547,0.468045,-0.125049,0.34423,-0.10655,-0.7223,-0.25539,0.597807,0.112593,0.535565,-0.368649,0.0987466,0.235016,-0.784529,0.0703651,-0.842736,-0.010796,-0.401596,-0.0969868,0.00763474,0.0775239,0.0259392,0.073613,-0.0109623,-0.022996,0.0609914,-0.0268081,-0.0354382,-0.0471498,0.037688,0.0837241,0.0443257,0.0283697,0.944152,0.0293995,-0.249202,-0.0271488,0.368161,0.889988,0.761787,0.0690759,-0.883159,0.00628877,0.532904,0.863012,0.55988,0.500955,-0.325686,-0.959427,0.365588,-0.119587,0.469745,0.0788318,1.13445,0.544855,-0.101757,-0.42424,-1.72891,1.0604,0.106565,0.710238,0.719794,0.476725,-0.577849,-0.592966,-0.230245,0.840505,1.51009,-0.0120876,0.146489,-0.299695,0.585243,0.754163,0.357086,-1.26061,-0.447642,-0.109711,-0.475006,0.738987,0.572236,0.0829657,0.263054,1.06059,0.966991,0.596356,0.161623,0.443579,0.0693141,0.0209344,0.0208905,-0.0170425,-0.0547567,-0.0809398,0.0917549,-0.053746,0.00681673,0.041061,0.03503,0.0258186,-0.0982233,-0.015297,-0.116635,0.0671375,-0.71994,-1.01854,-0.0232058,0.148311,20.9707,0.711071,0.591822,0.309041,0.561927,0.547673,0.59614,0.484378,0.598077,0.774769,0.488764,0.687782,0.646499,0.542231,0.486455,0.616264,0.584702,0.537836,0.667434,0.636979,0.493384,0.28272,0.577487,0.445997,0.396682,0.454977,0.401221,0.409013,0.727686,0.610399,0.608713,0.470518,0.580544,0.474871,0.335824,0.440009,0.637475,0.526551,0.623787,0.413853,0.523291,0.555246,0.322848,0.516603,0.310952,0.497452,0.406328,0.50701,0.502892,0.493737,0.501938,0.501489,0.503031,0.499513,0.503094,0.509616,0.49965,0.506148,0.504699,0.501318,0.499578,0.503688,0.502663,0.50118,0.505423,0.504377,0.499794,0.492753,0.502432,0.498312,0.496736,0.498594,0.496883,0.497135,0.507651,0.503495,0.50344,0.499081,0.50253,0.499217,0.494691,0.498123,0.504394,0.500828,0.503936,0.49729,0.500726,0.501727,0.494234,0.500517,0.493806,0.499921,0.497048,0.334762,0.42965,0.648746,0.452677,0.463602,0.426308,0.511914,0.424806,0.280486,0.508568,0.353836,0.386909,0.467766,0.510329,0.410663,0.435151,0.471126,0.370242,0.394425,0.505045,0.670383,0.440714,0.541246,0.579259,0.53437,0.575738,0.569704,0.320931,0.415235,0.416547,0.522492,0.438359,0.519168,0.627151,0.545837,0.394034,0.479746,0.404783,0.565965,0.482235,0.457801,0.637566,0.487338,0.647192,0.501943,0.571782,0.274573,0.401127,0.704329,0.43325,0.448596,0.396496,0.516852,0.394419,0.208701,0.51212,0.299016,0.342709,0.454459,0.514611,0.374949,0.408769,0.459196,0.320498,0.352841,0.507137,0.731915,0.416518,0.55822,0.611197,0.548549,0.606334,0.597977,0.257242,0.381223,0.383027,0.531799,0.413234,0.527105,0.676053,0.564667,0.352313,0.471361,0.366911,0.592783,0.474877,0.440441,0.689776,0.48209,0.702317,0.502749,0.600858,9.51275,8.95208,6.92227,8.29352,8.20259,8.45825,8.21731,8.46861,9.92762,7.89672,9.4821,9.13725,8.17421,8.2892,8.9099,8.91053,8.55576,8.851,8.67994,8.26399,7.16796,8.76358,8.1911,8.23338,7.72114,7.88127,7.92288,9.68987,8.93928,9.03893,8.14536,9.19665,8.33784,7.59436,7.65919,9.19955,8.71163,9.12438,7.94862,8.59258,8.64663,7.51986,8.38433,7.27687,8.10739,7.86928,2,3,6,0,1,8,2,7,2,8,9,7,16,7,21,17,17,4,7,5,7,10,16,2,8,2,0,3,2,0,9,9,5,13,10,3,3,7,5,16,10,6,8,2,19,13,13,9,3,18,4,2,3,4,1,1,2,0,0,25,9,18,20,10,7,7,10,8,8,1,5,7,2,9,6,7,9,3,2,2,0,0,2,2,3,5,2,1,4,7,2,14,7,12,8,9,21,9,27,6,6,13,5,5,2,6,1,6,6,5,2,4,7,8,8,9,4,9,10,0,1,1,4,6,1,3,1,1,4,5,6,8,11,9,13,10,11,13,16,9,8,18,17,2,15,10,6,3,2,2,0,3,1,8,6,4,4,4,7,3,13,3,6,6,7,5,5,9,5,3,4,13,0,3,5,4,10,7,8,5,8,10,11,3,8,4,7,1,3,3
220.711,0.929473,0.0128217,8,255,0,-149.261,8.87708,0.42921,0.0340619,-0.116015,0.495984,-0.974365,0.833441,0.371341,0.632711,-0.0578394,0.0804027,0.042908,-0.100018,0.866099,0.660799,-0.139504,-0.210936,-0.154928,0.46328,0.245575,0.421831,0.610541,-0.0862162,-0.993898,0.123937,-0.0795855,-0.388671,-0.267052,-0.293631,-0.742153,0.694414,0.631165,0.517934,-0.00535808,0.414779,-0.0942986,-0.655292,0.638704,0.0848967,-0.0900413,-0.0246085,-0.348275,-0.318848,0.336997,-0.789598,0.0617111,0.562469,-0.11267,-0.216412,-0.101355,0.0406393,-0.0210666,-0.0386622,0.0158318,0.0406908,-0.0399385,-0.0209406,0.0601774,-0.0274462,0.0462115,-0.0133259,-0.00728426,-0.0172283,-0.0132459,0.709604,-0.161403,-0.262389,-0.0600509,0.37692,0.809685,0.732976,0.0502423,-0.793891,0.401183,0.941908,0.641162,0.631297,0.285125,-0.325409,-0.638457,0.634685,-0.590655,0.68927,-0.371892,1.24973,0.140682,-0.73219,-0.360655,-1.60149,1.06657,-0.732348,0.48353,0.386969,0.254485,-0.834655,-0.427793,0.782197,1.31968,1.43475,-0.184606,-0.242696,-1.37359,0.244707,0.297219,0.0280256,-1.37392,-0.838125,0.59971,-0.650838,0.918836,0.781668,0.205676,0.491206,0.834144,0.991988,0.331213,0.341687,0.280776,-0.0105318,-0.000234412,-0.00324867,-0.0219111,0.0242962,0.0505101,0.0230398,-0.0288214,0.00130238,-0.0175,-0.0326251,0.0399379,0.0269305,0.0670911,0.0241624,0.0572801,-0.970469,-0.411649,-0.0737775,0.166521,16.2904,0.47943,0.587091,0.333719,0.643689,0.565498,0.610395,0.489741,0.51426,0.507611,0.482264,0.648987,0.615125,0.475272,0.462649,0.472543,0.581454,0.543455,0.574279,0.606648,0.48471,0.330644,0.521972,0.485885,0.431483,0.452766,0.448097,0.371302,0.620756,0.610134,0.590862,0.499049,0.573056,0.483278,0.385801,0.611406,0.515056,0.484032,0.495635,0.438528,0.443676,0.5595,0.363478,0.510946,0.598479,0.480023,0.461684,0.504681,0.479997,0.539236,0.466421,0.485021,0.474492,0.502334,0.496756,0.498269,0.504036,0.465109,0.473361,0.505629,0.508511,0.506251,0.481315,0.490092,0.482985,0.475384,0.503479,0.540019,0.494999,0.503211,0.515678,0.510774,0.511846,0.529911,0.472009,0.474554,0.479113,0.500216,0.48327,0.503805,0.526417,0.474251,0.496574,0.503633,0.500993,0.514049,0.512863,0.486405,0.531818,0.49751,0.477319,0.504546,0.508732,0.528118,0.381936,0.720228,0.30814,0.410869,0.351141,0.514029,0.480503,0.489591,0.524247,0.301425,0.344956,0.533794,0.550999,0.537518,0.389456,0.4407,0.399062,0.356059,0.520905,0.724031,0.469967,0.519299,0.593196,0.564431,0.570762,0.672659,0.337622,0.351483,0.376921,0.5013,0.400704,0.522863,0.653835,0.349817,0.479414,0.521832,0.50597,0.583702,0.576747,0.41896,0.682716,0.485032,0.366826,0.527308,0.552313,0.511937,0.449134,0.598951,0.41506,0.461859,0.435252,0.505952,0.491726,0.495584,0.510292,0.4118,0.432412,0.514353,0.521694,0.515939,0.452467,0.474749,0.456697,0.437496,0.508872,0.600881,0.487248,0.50819,0.539914,0.527455,0.530181,0.575788,0.429019,0.435408,0.446899,0.500551,0.457417,0.509703,0.567032,0.434646,0.491264,0.509265,0.502533,0.53578,0.532766,0.465374,0.580551,0.49365,0.442372,0.511593,0.522257,8.15243,8.99361,6.81952,9.03003,8.33845,8.63338,8.2373,8.00926,8.33239,7.80496,9.44495,9.03059,7.76025,8.04498,8.12738,8.9916,8.56181,8.3955,8.60841,8.20517,7.16327,8.42413,8.34248,8.28765,7.61591,8.22398,7.71804,9.50336,8.99722,9.05328,8.29673,9.41315,8.36072,7.69201,8.81112,8.52873,8.67953,8.40473,8.16219,8.07171,8.66521,7.54099,8.37268,8.93881,8.05179,8.03879,5,4,3,2,3,5,12,3,8,12,14,20,10,9,16,15,21,12,9,7,9,11,6,9,5,4,0,3,3,6,9,8,8,9,13,5,4,2,7,5,8,5,1,4,13,20,29,6,6,13,0,0,0,5,4,2,1,0,0,22,11,13,30,2,2,1,3,6,6,6,3,10,2,3,4,8,11,4,2,1,5,2,2,3,1,1,5,6,11,9,13,7,22,11,12,27,11,26,8,5,7,2,4,4,2,3,1,7,4,8,3,4,1,11,2,4,4,6,5,1,4,0,0,4,1,2,3,1,2,13,4,6,14,10,9,19,6,5,6,14,8,8,11,7,4,11,8,2,5,2,3,2,1,8,5,7,3,0,2,9,8,4,4,4,7,7,11,6,5,6,5,4,4,2,5,5,3,5,6,10,7,9,11,3,4,9,7,3,3,7
212.716,0.995663,0.0128217,8,255,0,-141.588,9.22271,0.593015,0.0667615,-0.031084,0.337562,-0.879925,-0.2564,0.762812,-0.386353,-0.204574,-0.664463,-0.142036,-0.131775,0.684442,0.498398,0.253146,-0.110045,-0.158285,0.252278,-0.286436,-0.256466,0.595824,-0.198826,-1.03965,0.237896,-0.194929,-0.514413,-0.208854,-0.37132,-0.803918,0.706317,0.492393,0.354688,-0.153832,0.29067,-0.162126,0.0371569,0.566215,-1.43119,-0.00025628,0.947838,-0.458341,0.0974417,0.254559,-0.891523,-0.0905961,0.72581,-0.0760647,0.320251,-0.0311422,0.0683643,-0.0996653,0.139463,-0.00667807,0.026237,-0.0278993,-0.0367163,-0.0849313,0.0131426,0.12873,0.035926,-0.0234619,-0.0106814,0.0619813,0.481429,-0.697752,-0.272325,-0.0401164,0.35274,1.76167,0.722289,0.0355854,-0.750222,0.0533215,0.436037,1.00125,0.0501302,0.714572,-1.04988,0.165055,0.826084,-0.602426,0.145418,-0.691522,0.956792,-0.321562,0.203682,-0.638845,-1.38984,1.07579,-0.172461,0.0528238,0.781497,-0.610637,-0.568689,-0.705077,-0.761397,1.29124,1.50259,0.0895412,-0.344004,-0.739296,0.591179,1.17445,-0.609728,-0.205376,-0.678143,0.882391,-0.197641,0.425493,-0.0394056,-0.161949,0.104786,1.29724,0.515476,-0.116013,0.375477,0.671929,-0.0702927,0.00173887,-0.00555499,0.0359471,0.0192263,0.103916,-0.0671102,0.000204776,-0.0602428,-0.0269797,0.0298335,-0.0314349,-0.000672396,-0.0321876,-0.0254315,-0.0501745,-0.782766,-1.2418,0.0484761,0.177857,16.4734,0.496259,0.540539,0.39565,0.46918,0.590792,0.453633,0.475398,0.420702,0.482912,0.484145,0.58164,0.5597,0.53043,0.486758,0.480958,0.530326,0.46558,0.469172,0.571224,0.476088,0.377419,0.528601,0.476556,0.438401,0.474884,0.455428,0.404433,0.584201,0.558987,0.542586,0.481494,0.534927,0.480497,0.504472,0.567729,0.334252,0.499969,0.61214,0.445058,0.511726,0.5306,0.394316,0.489098,0.586478,0.490846,0.538468,0.505422,0.441387,0.648846,0.544607,0.369991,0.566989,0.535625,0.613875,0.524756,0.52297,0.382826,0.413926,0.455956,0.519187,0.527583,0.456106,0.5498,0.544618,0.397537,0.534627,0.673799,0.458597,0.533951,0.588782,0.536368,0.564412,0.636669,0.379226,0.414943,0.438443,0.526808,0.449469,0.528251,0.493519,0.402496,0.730786,0.500045,0.340435,0.579278,0.483009,0.455712,0.650687,0.515798,0.37603,0.513265,0.444367,0.506083,0.434324,0.665694,0.550008,0.355007,0.575035,0.539948,0.627176,0.527767,0.525764,0.369175,0.403686,0.450623,0.521522,0.530935,0.450791,0.555819,0.55002,0.385471,0.53883,0.692919,0.45358,0.538072,0.599328,0.54078,0.572157,0.652326,0.365196,0.404818,0.431033,0.530067,0.443362,0.531684,0.492729,0.390975,0.754041,0.50005,0.322581,0.588744,0.480941,0.450349,0.667712,0.517721,0.361666,0.514881,0.437656,0.509649,0.396712,0.748888,0.578934,0.279436,0.617694,0.563171,0.695324,0.543981,0.540818,0.299445,0.350029,0.422052,0.534111,0.548982,0.422315,0.587998,0.578954,0.323027,0.561414,0.784323,0.426678,0.560222,0.654482,0.564478,0.613276,0.730725,0.293778,0.351727,0.391633,0.547612,0.410728,0.550163,0.488467,0.331119,0.855357,0.50008,0.235587,0.638571,0.469786,0.421624,0.751587,0.528096,0.288781,0.523597,0.401868,8.31487,8.96819,6.99116,7.82858,8.92242,7.56976,8.28744,7.24308,8.184,7.86974,9.42742,8.93874,8.32371,8.22173,8.34201,8.91941,8.01378,7.72274,8.72679,8.29421,7.13161,8.63209,8.34031,8.13479,7.77886,8.16537,7.65781,9.61394,8.93168,9.04005,8.34726,9.2399,8.43068,8.61405,8.7978,6.8982,8.67422,9.68338,8.06299,8.68516,8.65173,7.52267,8.42184,9.38265,8.09503,8.72913,2,0,0,4,1,3,4,3,2,5,7,5,19,24,23,14,25,9,5,4,5,10,13,5,2,1,1,0,6,7,7,8,7,16,6,2,0,3,11,7,6,4,6,3,14,14,19,2,2,2,6,3,4,3,2,0,0,1,1,25,21,24,9,7,6,6,4,1,2,0,1,16,9,9,8,7,4,1,4,0,3,1,3,4,0,1,1,0,4,3,2,20,19,18,12,7,12,19,15,3,6,4,6,10,5,0,2,5,5,7,6,8,9,11,14,12,1,0,1,2,5,5,1,5,3,0,2,1,10,4,6,5,1,5,5,11,15,15,4,7,9,8,5,9,8,6,7,6,3,6,1,5,3,7,2,0,5,3,4,2,4,5,3,8,7,9,10,5,11,4,5,9,13,6,10,2,6,8,12,2,11,3,3,2,9,4,7,10,10,5
214.278,0.628854,0.0128217,8,255,0,-137.237,9.80812,0.391862,0.122803,0.119443,0.547071,-0.557796,0.618268,-0.0116045,0.30937,-0.132782,0.199915,0.0883827,0.0459617,0.72753,0.603402,-0.24907,-0.152366,-0.376536,0.402971,-0.218329,-0.158339,0.790124,0.0937624,-0.932096,0.212147,-0.142288,-0.430821,-0.114064,-0.598331,-1.0086,0.397543,0.587211,0.522854,0.0748832,-0.0511337,-0.29075,0.0762262,-0.287797,-0.205607,-0.289636,-0.10098,0.291996,-0.227973,0.320662,-0.685531,0.189641,-0.909137,-0.122245,-0.375576,0.0076562,0.136145,-0.209345,-0.192283,-0.0814278,0.0191662,0.00279468,0.09302,-0.0652422,-0.0342995,0.137946,0.00607526,0.00840641,-0.0906237,0.0500068,0.745457,-0.433418,-0.388631,-0.154124,0.372898,1.57897,0.769641,0.0343406,-1.20466,0.481697,0.310776,0.264663,0.308722,-0.183274,-0.92984,-1.23594,0.640025,-0.802684,0.445988,-0.588715,1.09302,-0.00910487,-0.884307,-1.0427,-0.90259,0.616728,-0.786853,0.449143,0.0904588,0.444153,-1.01308,-0.484352,0.0350645,0.562813,1.11928,-0.366798,0.13181,-1.11815,-0.339735,-0.0596378,-0.273158,-2.43942,-0.889923,0.0506881,-0.689669,1.02032,0.125711,0.0970136,0.364567,0.97634,0.377461,0.465879,-0.57701,0.00170925,-0.0667474,0.0146283,0.0162872,-0.0188238,-0.00445821,0.107708,0.0519971,-0.00181882,0.015344,-0.0493269,-0.0471261,-0.0414316,0.00722581,-0.00468499,0.0417312,-0.00835348,-0.60538,-0.549933,0.134685,0.0757289,22.9217,0.522245,0.600565,0.397519,0.613226,0.497837,0.557401,0.475274,0.537188,0.516465,0.508565,0.632357,0.610594,0.453715,0.471635,0.430284,0.57454,0.459401,0.470525,0.643137,0.517467,0.332958,0.539454,0.473507,0.420393,0.478755,0.390305,0.320414,0.57355,0.607721,0.596226,0.513952,0.490472,0.446026,0.514202,0.44657,0.461757,0.446231,0.48119,0.554204,0.457616,0.559477,0.374951,0.535284,0.33677,0.477234,0.43046,0.487061,0.440999,0.560147,0.433406,0.501257,0.466528,0.514384,0.478352,0.490425,0.49502,0.421816,0.434989,0.526962,0.516504,0.540709,0.456447,0.523639,0.51715,0.415214,0.489842,0.599645,0.477029,0.515413,0.546546,0.512357,0.564471,0.607579,0.457031,0.436714,0.443588,0.491887,0.50554,0.531462,0.491741,0.531144,0.522264,0.531342,0.51094,0.468403,0.524682,0.465311,0.573739,0.479463,0.597254,0.513243,0.540606,0.481931,0.417952,0.583627,0.407506,0.501756,0.453315,0.520085,0.469781,0.486627,0.493044,0.391638,0.40968,0.537624,0.523043,0.556741,0.439313,0.532995,0.523946,0.382648,0.485813,0.63744,0.467937,0.521521,0.564835,0.517256,0.589577,0.648075,0.440123,0.412053,0.421523,0.488669,0.507738,0.54389,0.488466,0.543447,0.531077,0.543723,0.515278,0.455923,0.534448,0.451621,0.602288,0.47133,0.634222,0.518493,0.556598,0.483584,0.425349,0.576092,0.415808,0.501595,0.457569,0.518247,0.472543,0.487851,0.493681,0.40129,0.417795,0.53419,0.520936,0.551583,0.444824,0.529981,0.521755,0.393049,0.487112,0.625414,0.470866,0.519552,0.558955,0.515677,0.581526,0.635217,0.445561,0.419963,0.428607,0.489706,0.50703,0.539888,0.489522,0.539485,0.528237,0.539736,0.513879,0.459942,0.531301,0.456028,0.593148,0.473951,0.622451,0.5168,0.551453,8.39087,9.0579,7.09106,8.92753,7.73756,8.11799,8.07735,7.98834,8.35404,7.80583,9.46682,8.96325,7.45606,8.06857,7.78865,9.08415,7.99039,7.56358,8.68489,8.34599,7.14942,8.50074,8.24158,8.22601,7.61606,8.19278,7.71172,9.75756,8.94417,9.22577,8.3236,9.43012,8.26211,8.50069,7.85487,8.16653,8.65168,8.29055,9.24692,8.14003,8.62927,7.59958,8.45964,7.16183,8.10451,7.80422,1,2,1,1,0,13,7,8,10,9,6,8,8,10,10,9,10,10,7,8,5,3,1,3,3,4,2,2,0,3,9,15,7,15,7,4,1,0,5,12,10,0,3,5,20,20,15,14,7,7,2,2,1,2,3,1,0,1,3,5,4,4,11,5,2,5,10,6,9,6,14,6,7,7,4,4,13,5,4,1,2,6,6,5,7,1,5,3,7,6,7,11,5,9,14,7,11,31,22,3,5,6,5,7,1,0,3,2,4,4,8,9,2,4,4,3,6,4,3,0,0,0,2,3,4,0,3,0,3,2,7,10,13,21,13,9,10,13,14,8,9,7,19,15,10,17,14,3,1,6,1,1,0,9,8,6,6,4,10,2,6,6,6,14,24,15,12,19,13,24,16,12,15,7,13,13,14,16,19,7,5,15,6,14,7,4,2,4,6,5
220.998,0.994618,0.0128217,8,255,0,-141.738,9.41202,0.418947,0.0555281,0.0368069,0.501895,-0.725777,0.404765,0.0262804,0.209703,-0.00935785,0.408901,0.228015,0.0487061,0.834616,0.431788,-0.312591,-0.0961595,0.271766,0.629756,-0.442358,0.43197,0.778396,0.0595638,-0.947766,0.175715,-0.124055,-0.441092,-0.107085,-0.848045,-0.813618,0.617428,0.526765,0.521909,0.0437717,-0.266862,-0.0549687,-0.129179,-0.262566,0.0998567,-0.294913,-0.405949,0.089154,-0.212292,0.286266,-0.759336,0.115757,-0.403839,-0.164172,-0.446038,0.0491653,-0.0939067,-0.11113,-0.139583,0.136993,0.00790547,0.0366979,-0.0911947,0.0746251,0.0291635,0.00867706,-0.0320958,0.0394224,-0.0647059,-0.00406001,0.912285,-0.138286,-0.348501,-0.14066,0.370111,1.93923,0.723354,0.0516116,-1.18978,0.257419,0.398263,0.340083,0.0592805,-0.214473,-0.834654,-1.27132,0.840614,-0.727018,0.76533,-0.556453,1.21286,-0.0533164,-0.856977,-1.0398,-1.02739,0.656226,-0.48409,0.437514,0.232448,0.167942,-0.694327,-0.253692,-0.189025,0.593823,0.928164,-0.300675,-0.0137938,-1.06624,-0.274659,-0.321983,-0.451969,-2.49849,-0.948997,0.106081,-0.771197,0.883401,-0.0381816,0.0137824,0.234218,0.949293,0.331447,0.322723,-0.66254,0.390823,0.0750135,-0.0122925,-0.0337322,0.00538621,0.0176893,-0.11956,0.0149545,-0.00525546,-0.0319259,0.0605996,0.0410963,0.0581208,-0.0697883,0.00789312,-0.075513,0.00486252,-0.8391,-0.709251,0.0109502,0.081155,22.6451,0.508394,0.612509,0.340264,0.59128,0.505994,0.547682,0.497866,0.592192,0.551817,0.511107,0.681659,0.597225,0.429186,0.478083,0.561666,0.639805,0.400458,0.597265,0.670428,0.513581,0.296372,0.53999,0.471737,0.400735,0.475596,0.315688,0.322512,0.637209,0.61788,0.616834,0.509982,0.439435,0.487466,0.470572,0.440401,0.522759,0.433142,0.408459,0.520322,0.451733,0.56492,0.333426,0.526376,0.408924,0.462627,0.399652,0.498728,0.482656,0.52507,0.48601,0.499091,0.492751,0.500324,0.485867,0.492118,0.498316,0.471178,0.485077,0.510805,0.503324,0.490606,0.478242,0.515288,0.485071,0.473116,0.497941,0.532719,0.493926,0.504289,0.515245,0.503702,0.529285,0.528098,0.478667,0.481797,0.481965,0.498487,0.509225,0.5019,0.504466,0.509076,0.496548,0.510194,0.514031,0.496918,0.507339,0.490105,0.526227,0.495998,0.513958,0.505675,0.515415,0.492279,0.396244,0.647712,0.415897,0.494487,0.456123,0.501963,0.415055,0.452314,0.489784,0.33174,0.4104,0.5652,0.520161,0.443236,0.370884,0.591745,0.410363,0.34228,0.487508,0.688962,0.463206,0.526,0.591488,0.522449,0.670753,0.664342,0.373301,0.391262,0.392233,0.490819,0.555748,0.511529,0.527072,0.554858,0.479065,0.561551,0.584344,0.481306,0.544416,0.440236,0.654111,0.475736,0.583914,0.534385,0.59249,0.493474,0.411936,0.625921,0.428719,0.49534,0.462885,0.501659,0.428001,0.459658,0.491365,0.356187,0.424031,0.555201,0.517044,0.451961,0.390156,0.577799,0.424,0.365382,0.48944,0.661997,0.468884,0.521982,0.577579,0.518978,0.645994,0.64039,0.392239,0.407669,0.408501,0.492239,0.547177,0.509745,0.522889,0.546422,0.482302,0.552102,0.571487,0.484197,0.537571,0.449415,0.631477,0.479486,0.57112,0.529077,0.578435,8.32081,9.02601,6.88667,8.47723,7.79351,8.01584,8.25704,8.2566,8.55255,7.82071,9.52162,8.79872,7.38295,8.15956,8.59771,9.2776,7.74089,8.28441,8.69923,8.34063,7.13811,8.48921,8.26864,8.22498,7.63178,7.87809,7.9189,9.81793,8.91299,9.14828,8.32148,9.25883,8.45062,8.26243,7.66906,8.54017,8.69569,7.92767,9.00645,8.16173,8.62303,7.50415,8.40876,7.77953,8.071,7.73646,3,4,4,2,7,12,5,4,8,7,8,4,6,12,24,14,6,4,4,6,6,10,9,7,6,5,2,1,2,3,17,14,11,11,17,3,5,2,7,9,14,3,5,2,29,10,20,7,4,6,2,3,0,3,3,1,1,1,2,7,10,23,8,4,3,6,12,6,7,9,4,5,8,3,3,2,8,9,2,1,4,3,6,3,4,4,11,6,6,8,9,6,9,11,7,7,16,17,18,7,1,4,6,3,1,2,0,2,1,0,6,7,8,2,4,6,0,2,1,1,2,0,5,1,3,1,4,0,2,9,7,8,11,13,13,8,12,14,21,12,14,12,7,10,7,14,8,8,3,1,2,1,3,5,6,6,7,4,6,6,5,6,4,6,8,14,7,12,9,9,12,11,5,14,21,7,13,13,9,6,10,7,5,4,4,11,5,2,2,2
201.268,0.96996,0.0128217,8,255,0,-134.564,9.70665,0.503081,0.195803,0.00889357,0.457682,-0.312645,-0.239065,0.731837,-0.151689,-0.169525,-0.116655,0.0342078,0.275451,0.670095,0.744354,0.432817,-0.0926601,0.410894,-0.266697,-0.207375,0.407696,0.937899,-0.121833,-0.789716,0.287741,-0.0919275,-1.06086,0.173274,-0.684744,-0.725455,0.231369,0.501698,0.340575,-0.214615,-0.209417,-0.19785,0.370135,0.942365,-0.0707909,-0.338991,-1.05835,-0.0200329,0.110272,0.296429,-0.655879,-0.0800026,0.425402,-0.0389102,-0.0578797,-0.0961652,0.199392,0.221304,0.156108,-0.268184,0.0330043,-0.219232,0.199256,-0.205991,-0.176836,0.0657422,0.227009,0.0724057,0.124217,-0.0409013,1.11136,0.447539,-0.675399,-0.169152,0.351361,1.18611,0.831913,0.059627,-0.964923,0.742926,0.0939814,0.310583,0.247116,0.497562,-0.912562,-0.185773,0.139933,-1.29627,0.269724,-0.968928,0.395047,-0.364251,-1.55394,-0.481563,-1.1175,0.491319,-0.507801,-0.201583,0.321218,-1.08902,-0.472253,-0.860911,-0.603919,0.936888,1.02423,-0.363153,-0.299453,-0.847379,0.137268,0.968892,-0.910536,-1.59884,-0.791147,0.79411,-0.714219,1.29196,-0.450188,0.576775,-0.103897,1.24113,0.268822,0.0418574,-0.199593,-0.947083,0.0309882,-0.060854,0.01262,0.059896,0.069526,-0.0776231,-0.0891294,0.103343,-0.0157339,0.0960474,0.0508694,-0.027773,0.077273,-0.0353561,-0.0124659,-0.00354389,0.487892,-1.04226,0.167747,0.089514,23.3669,0.502471,0.62449,0.413998,0.433966,0.692819,0.457954,0.453038,0.467634,0.509503,0.575939,0.678026,0.695772,0.617988,0.474278,0.612219,0.426439,0.442637,0.611375,0.739302,0.466202,0.293664,0.579272,0.474481,0.235233,0.547994,0.31843,0.308692,0.563932,0.635889,0.593512,0.440652,0.442077,0.44525,0.601412,0.740257,0.480342,0.406913,0.235736,0.494434,0.5306,0.581623,0.325432,0.477787,0.61604,0.489191,0.483924,0.500995,0.551029,0.465077,0.473278,0.581157,0.483035,0.481042,0.486951,0.503827,0.53078,0.574417,0.58252,0.548275,0.489634,0.545844,0.470196,0.476815,0.545489,0.603423,0.486372,0.412551,0.532149,0.489716,0.383486,0.519377,0.423982,0.419538,0.525864,0.555898,0.538032,0.476006,0.476587,0.477878,0.541318,0.603901,0.49208,0.462145,0.383752,0.497759,0.512335,0.533117,0.427139,0.49105,0.547453,0.495647,0.493525,0.501085,0.555594,0.461939,0.470873,0.588328,0.481506,0.479334,0.485775,0.504172,0.533547,0.581013,0.589806,0.552597,0.4887,0.549951,0.467516,0.474727,0.549565,0.612443,0.485144,0.40485,0.535039,0.488789,0.373417,0.521122,0.417248,0.412426,0.528191,0.56089,0.541446,0.473847,0.474479,0.475886,0.545024,0.61296,0.491366,0.458746,0.373704,0.497557,0.513447,0.536093,0.420676,0.490243,0.551702,0.495254,0.492941,0.497683,0.382955,0.580751,0.561972,0.318046,0.539443,0.544058,0.530359,0.491088,0.428716,0.332164,0.315223,0.389097,0.524125,0.394542,0.569048,0.553825,0.395338,0.273381,0.531703,0.694892,0.425581,0.523935,0.751325,0.454973,0.671214,0.68051,0.440004,0.372174,0.412178,0.555689,0.554351,0.551371,0.404734,0.272457,0.518437,0.587422,0.750836,0.50522,0.471298,0.42337,0.664541,0.520834,0.390936,0.510137,0.515077,8.25615,9.01555,7.0576,7.46226,8.4639,7.27544,8.25221,7.32299,8.29055,7.85508,9.52804,9.24292,8.067,8.11818,9.03854,8.265,7.96256,8.03329,8.73159,8.31692,7.1859,8.63429,8.27178,8.16933,7.71674,7.88604,7.83252,9.60993,8.9218,9.08831,8.1911,9.34544,8.35819,8.898,9.04255,8.30049,8.65445,6.99261,8.77938,8.54647,8.64603,7.51418,8.37372,9.05801,8.0533,8.16542,4,1,1,6,2,12,9,7,11,6,6,7,11,7,3,3,7,7,7,8,9,14,12,12,10,3,1,4,4,5,10,7,10,6,7,0,1,1,6,3,10,3,4,0,17,13,9,1,6,3,0,0,7,2,5,1,2,3,3,8,3,11,9,9,6,4,6,5,8,8,8,6,8,4,6,7,2,6,3,3,1,2,1,1,0,2,1,1,5,0,2,18,15,15,12,8,26,23,22,3,2,4,9,9,2,1,1,4,7,7,3,4,12,7,18,11,1,4,1,0,1,0,0,5,4,1,3,3,9,7,17,15,11,14,17,19,8,8,16,8,16,14,16,10,10,15,19,4,2,2,2,4,2,4,3,1,15,17,8,7,3,3,6,15,21,28,5,24,12,26,16,12,27,30,17,10,16,21,19,6,5,4,9,5,4,12,4,5,7,8
217.123,0.84015,0.0128217,8,255,0,-136.655,9.42559,0.453128,0.104656,-0.374623,0.434184,-0.410262,0.228673,0.00800646,-0.456502,-0.00775464,-0.268833,-0.21941,0.185512,0.652327,0.42205,0.235243,-0.00986535,-0.844028,-0.0935872,-0.256708,-0.154542,0.837882,-0.0503744,-0.780564,0.169127,-0.0885983,-0.399467,0.11362,-0.756363,-0.830548,0.289397,0.604093,0.397421,-0.0522666,-0.596134,-0.145421,-0.240897,-0.0365235,-0.131819,-0.394898,0.408904,0.0700878,-0.252491,0.348192,-0.692332,0.135021,-0.132609,-0.151185,0.416461,-0.00268764,-0.134485,-0.223667,-0.124746,0.163371,-0.127401,0.216117,-0.161935,0.0831741,-0.0682223,0.084182,-0.0976921,-0.0105468,-0.10702,0.0583901,0.918247,0.903867,-0.425888,-0.215132,0.361713,-0.323709,0.665447,0.0666,-0.837293,0.0300868,0.214066,0.47127,0.133539,0.239727,-1.54122,-1.67174,0.952469,-0.66673,0.367633,-0.432747,1.00098,-0.00977104,-0.69909,-0.582558,-1.14758,1.03935,-0.914801,0.323618,0.155008,-0.141114,-0.991029,-0.341553,-0.79646,0.760776,1.09007,0.286897,0.164896,-0.698378,-0.131836,0.00985077,-0.136252,-0.474943,-1.21746,0.0966063,-0.340956,0.570797,-0.198242,-0.265102,0.336641,0.983559,0.465625,0.0323099,-0.47227,-0.719977,-0.121883,-0.00369893,-0.0384672,0.0311571,-0.0464083,0.0357496,0.0140748,0.0647614,0.0198143,0.0157047,-0.0859682,-0.0191844,-0.105124,0.0626086,0.0356427,0.149904,0.0105373,-0.681445,0.153362,0.155421,18.1929,0.414839,0.598373,0.406918,0.552303,0.501838,0.396712,0.49822,0.438598,0.449801,0.542484,0.645427,0.595692,0.553794,0.497735,0.315393,0.478529,0.441341,0.464582,0.683387,0.488438,0.328109,0.538747,0.479672,0.409312,0.526059,0.333026,0.318072,0.566046,0.635227,0.590233,0.488004,0.366468,0.466666,0.444924,0.491616,0.469776,0.410327,0.592781,0.516084,0.442296,0.579257,0.346212,0.530956,0.469596,0.465349,0.594455,0.416147,0.596871,0.408342,0.551489,0.501809,0.398285,0.498248,0.43955,0.450582,0.541822,0.643277,0.594229,0.552958,0.497771,0.318019,0.478865,0.442251,0.465135,0.680775,0.488619,0.330588,0.538143,0.47999,0.410702,0.525652,0.335447,0.320668,0.565024,0.633212,0.588851,0.488192,0.368461,0.467187,0.445779,0.491748,0.470249,0.411702,0.591361,0.515832,0.443192,0.578037,0.348469,0.530472,0.470071,0.46589,0.593011,0.499013,0.501144,0.498919,0.500602,0.500021,0.498797,0.49998,0.499292,0.499422,0.500489,0.501718,0.501112,0.50062,0.499974,0.497777,0.499753,0.499324,0.499593,0.502207,0.499867,0.497944,0.500446,0.499767,0.498948,0.500299,0.498007,0.497812,0.500762,0.501591,0.501047,0.499862,0.49843,0.499617,0.499365,0.499904,0.499653,0.49896,0.501077,0.500185,0.499335,0.500917,0.498176,0.500356,0.499651,0.499602,0.501097,0.563477,0.426567,0.569441,0.461122,0.498636,0.577149,0.501321,0.545671,0.53731,0.468438,0.390663,0.428591,0.460009,0.501681,0.639953,0.515938,0.543622,0.526304,0.361013,0.508581,0.629929,0.471219,0.515089,0.567637,0.480653,0.626076,0.637833,0.450857,0.398515,0.432706,0.508903,0.600184,0.524754,0.540948,0.506222,0.522442,0.566872,0.430786,0.488062,0.542909,0.440958,0.615806,0.477014,0.522576,0.525733,0.429524,7.59019,9.06778,6.9362,8.24619,7.52611,6.87149,8.27694,7.13492,7.80863,7.7771,9.47411,8.71389,7.84728,8.10484,7.10988,8.42634,7.75604,7.2962,8.68445,8.21663,7.02728,8.35799,8.33036,8.13405,7.67551,7.94852,7.84725,9.86034,8.96747,9.11933,8.21395,9.18929,8.35306,8.11523,7.87127,8.26925,8.68264,9.03239,9.10611,8.09889,8.61031,7.4852,8.4789,8.10033,8.08695,8.70607,2,0,2,1,4,14,8,10,8,13,3,1,9,12,10,16,7,9,7,7,11,5,9,4,11,0,1,2,1,0,8,17,3,15,15,2,2,4,6,11,12,5,8,3,17,28,12,11,6,3,2,2,2,3,6,0,2,1,1,20,12,14,16,2,3,5,4,9,6,5,7,4,4,3,5,6,9,3,1,3,1,4,5,5,2,3,5,6,5,3,3,10,15,26,21,13,22,17,23,9,9,10,6,10,4,4,2,4,8,7,2,3,7,15,2,7,4,7,3,7,6,4,2,1,1,2,2,1,6,7,12,13,16,12,9,3,10,7,13,13,6,11,17,17,13,21,6,8,1,7,8,9,1,2,2,3,3,8,8,6,9,13,8,13,12,6,12,9,15,17,13,6,18,9,17,11,23,8,10,15,4,8,6,8,6,10,4,1,12,5
204.839,0.94259,0.0128217,8,255,0,-141.169,9.02885,0.346633,0.199458,0.56077,0.178009,-0.350834,-0.317207,-0.486855,-0.0621399,0.0171809,0.0584206,-0.165014,0.135834,0.757354,0.554505,0.147944,0.098862,0.0963471,0.0406268,-0.32427,-0.329625,0.676368,0.0194093,-0.719991,0.489807,-0.277645,-0.853184,0.103466,-0.476073,-0.830263,0.465327,0.540145,0.390183,0.0898258,0.0391684,0.0745222,0.0303327,0.0354851,0.207476,-0.301263,0.131982,-0.0820002,-0.120849,0.276904,-0.773448,0.169782,-0.14516,-0.00725915,-0.200147,0.0607421,0.132242,0.304753,-0.165129,-0.237888,0.277316,0.254819,0.212082,0.0694966,0.137586,-0.123476,0.0987298,-0.068996,0.0466411,-0.296108,0.804399,1.37158,-0.551311,-0.142377,0.349312,-0.835364,0.515949,0.0629934,-0.951615,0.364906,0.167047,0.464854,0.665964,0.0427264,-0.697344,-0.898388,0.494138,-1.31078,-0.0119229,0.0120918,0.563991,-0.24653,-0.269527,-0.815106,-1.48942,0.957622,-0.391069,0.0983044,-0.0174453,-0.350418,-0.805606,-0.495789,-0.426632,1.13861,0.663574,-0.379823,-0.207812,-1.03991,-0.0858542,0.914124,-0.190187,-0.62269,-0.813166,0.459494,-0.219547,0.720108,-0.449721,0.184364,0.0381296,0.70892,0.521676,0.0161273,0.0736513,0.0853245,0.0974403,0.0207549,-0.00985698,0.00744804,0.112628,0.00385181,0.0528368,-0.0644383,-0.0232388,0.0841311,0.0975538,-0.0674547,-0.00273199,-0.086152,-0.0102598,0.124172,0.569941,-0.230067,0.19175,0.158445,21.2158,0.610897,0.535737,0.429912,0.436554,0.403326,0.487506,0.503455,0.511746,0.466864,0.527289,0.647762,0.609698,0.529716,0.519871,0.519366,0.508169,0.435157,0.434098,0.632759,0.503903,0.359126,0.597245,0.444396,0.334857,0.520795,0.405415,0.338976,0.5925,0.606946,0.577828,0.518056,0.507876,0.514982,0.5061,0.507136,0.541627,0.439711,0.526517,0.483516,0.475716,0.555456,0.34929,0.53409,0.470841,0.49854,0.459837,0.683336,0.560737,0.381969,0.392915,0.338998,0.478705,0.505891,0.520022,0.443658,0.546443,0.738614,0.681473,0.550556,0.533848,0.532989,0.513927,0.390607,0.38886,0.716608,0.506655,0.271401,0.661909,0.405931,0.236816,0.535419,0.342319,0.242545,0.654354,0.677183,0.630688,0.530762,0.513427,0.525531,0.510399,0.512165,0.570667,0.398143,0.545133,0.471912,0.458656,0.593824,0.257147,0.557956,0.450389,0.497511,0.431798,0.579228,0.525342,0.450177,0.454925,0.431072,0.491147,0.502448,0.508323,0.476505,0.519345,0.606267,0.578358,0.521067,0.514083,0.513725,0.505788,0.453927,0.453171,0.595197,0.502766,0.398828,0.569341,0.460522,0.380774,0.514738,0.43258,0.383859,0.565916,0.576361,0.555367,0.512796,0.505581,0.510617,0.504322,0.505056,0.529528,0.45718,0.518797,0.488318,0.482788,0.539373,0.391546,0.524173,0.479329,0.498966,0.471513,0.467791,0.489763,0.520168,0.518237,0.527973,0.503574,0.499012,0.49664,0.50949,0.492188,0.456549,0.46815,0.491492,0.494314,0.494459,0.497663,0.518642,0.51895,0.461176,0.498884,0.541317,0.471858,0.515964,0.548915,0.494049,0.527355,0.547609,0.473261,0.468972,0.477573,0.494834,0.497747,0.495714,0.498255,0.497959,0.488069,0.517321,0.492409,0.504716,0.50695,0.484079,0.544369,0.490236,0.508348,0.500418,0.51151,9.0304,9.09873,6.98133,7.34983,6.76498,7.44903,8.19447,7.64576,7.86002,7.77192,9.51255,9.02062,7.79162,8.29024,8.32361,8.37536,7.60249,7.01536,8.63069,8.19811,6.98211,8.91907,8.35727,8.12368,7.71921,8.24696,7.70248,9.71261,8.99816,8.9411,8.31298,9.45868,8.43065,8.85817,7.92286,9.14655,8.72724,9.02388,8.8816,8.61158,8.57917,7.58089,8.44313,7.92977,8.09369,7.80297,1,4,2,2,2,11,6,4,6,5,6,7,3,8,10,10,9,5,11,4,8,3,2,8,4,1,2,3,2,3,16,16,5,11,25,1,3,0,7,7,4,9,12,10,6,7,6,5,4,3,6,5,2,2,1,1,3,2,1,19,19,6,16,4,4,3,10,4,8,10,4,4,10,1,12,4,11,4,4,2,3,0,4,2,2,4,7,2,1,6,5,19,29,25,28,25,13,18,18,4,4,3,5,1,3,1,2,4,7,5,3,7,3,11,16,7,4,3,0,3,6,4,0,3,3,3,2,2,9,9,18,15,10,14,12,3,11,11,8,7,19,6,15,11,18,12,6,6,6,4,4,11,6,4,2,1,4,8,5,7,5,2,7,11,6,8,6,12,9,11,14,12,5,9,6,9,6,5,4,7,6,7,12,2,6,3,8,13,10,6
206.628,0.583048,0.0128217,8,255,0,-146.351,9.01556,0.345339,0.221597,0.534027,0.177333,-0.326843,-0.317531,-0.473742,-0.125713,0.0120652,0.0296158,-0.15185,0.130489,0.764828,0.551397,0.153633,0.0908386,0.0903423,0.0475864,-0.230598,-0.32125,0.662722,0.0354498,-0.702102,0.491378,-0.299691,-0.843783,0.123978,-0.489517,-0.803537,0.43377,0.541877,0.384047,0.0919191,0.0278664,0.0655868,0.0243632,-0.0282906,0.201853,-0.308186,0.118528,-0.0699267,-0.133774,0.298345,-0.773162,0.179499,-0.125135,-0.0313754,-0.18732,0.0524262,0.16107,0.292186,-0.170458,-0.241089,0.303044,0.260068,0.215719,0.0734582,0.145898,-0.139558,0.122819,-0.0589765,0.0473696,-0.309721,0.816259,1.3694,-0.552795,-0.143729,0.349733,-0.880882,0.514419,0.0653147,-0.923435,0.33566,0.158793,0.457936,0.643896,0.0447929,-0.66085,-0.903442,0.501758,-1.28353,-0.0109405,-0.00916652,0.558815,-0.256801,-0.351253,-0.800555,-1.47293,0.960865,-0.366167,0.0787419,-0.0152334,-0.36582,-0.801054,-0.511234,-0.414163,1.11752,0.670726,-0.375738,-0.204095,-1.0301,-0.0880534,0.887566,-0.1867,-0.613947,-0.823183,0.45794,-0.191249,0.734857,-0.443633,0.20155,0.019606,0.691841,0.52274,0.0151179,0.118133,0.120354,0.0865162,0.0200878,-0.0191278,0.00489841,0.104716,0.00307525,0.0537415,-0.0533599,-0.0265281,0.0802712,0.0777223,-0.0695014,-0.0165766,-0.125265,-0.0192977,0.136797,0.590565,-0.22485,0.18496,0.15913,21.0662,0.607283,0.536124,0.433696,0.435563,0.404513,0.474369,0.502462,0.506043,0.469052,0.526603,0.651195,0.610659,0.53131,0.518528,0.518427,0.509709,0.453082,0.434817,0.632034,0.507234,0.360522,0.59895,0.439147,0.334312,0.525278,0.401415,0.341662,0.587604,0.60881,0.577735,0.518749,0.505686,0.513381,0.504972,0.494227,0.541098,0.43744,0.524169,0.485734,0.472729,0.560583,0.347261,0.536564,0.474487,0.493598,0.461849,0.67509,0.560413,0.389937,0.392974,0.343273,0.457068,0.50413,0.510138,0.448201,0.544554,0.740267,0.680285,0.552403,0.531059,0.530889,0.516285,0.421704,0.39176,0.712495,0.512134,0.276586,0.662151,0.398817,0.23949,0.542342,0.33842,0.249672,0.644283,0.677443,0.62853,0.531427,0.509539,0.522439,0.50834,0.490316,0.568668,0.396031,0.540489,0.476079,0.45433,0.600741,0.257545,0.561144,0.457265,0.48926,0.43622,0.578197,0.526158,0.451894,0.453256,0.430509,0.481448,0.501781,0.504372,0.477596,0.519256,0.611039,0.580697,0.522667,0.513408,0.513335,0.507025,0.466007,0.452712,0.596615,0.505234,0.397801,0.572043,0.455868,0.377938,0.518296,0.428226,0.383542,0.563694,0.579328,0.556459,0.513568,0.504114,0.509682,0.503597,0.495823,0.529767,0.454624,0.517493,0.489677,0.48026,0.543934,0.387792,0.526477,0.481533,0.495368,0.472372,0.470017,0.490033,0.518364,0.517842,0.526605,0.507066,0.499322,0.498335,0.508535,0.492665,0.457113,0.469044,0.491365,0.494894,0.494922,0.497325,0.51296,0.51805,0.462816,0.498007,0.539385,0.472407,0.51684,0.547289,0.493031,0.527489,0.545046,0.475636,0.469577,0.478425,0.494833,0.498434,0.496313,0.49863,0.50159,0.488655,0.517317,0.493338,0.503931,0.507519,0.483236,0.543352,0.489911,0.507034,0.501764,0.510528,8.98005,9.08261,7.02108,7.35819,6.78646,7.34734,8.16256,7.6012,7.87064,7.76598,9.49403,9.00729,7.80372,8.26718,8.29051,8.35458,7.74257,7.03009,8.61425,8.2008,6.99679,8.91288,8.30514,8.10506,7.75536,8.21785,7.73353,9.63513,8.99237,8.90027,8.29309,9.42646,8.384,8.8329,7.82862,9.12249,8.704,8.98676,8.89478,8.57449,8.60444,7.56321,8.4359,7.93835,8.03784,7.81289,1,3,4,6,4,13,10,5,6,5,10,4,6,12,10,9,12,8,21,7,7,3,7,8,6,3,5,1,1,3,9,17,17,4,21,2,5,2,11,3,7,6,16,11,11,12,13,3,7,6,1,5,3,3,0,3,2,1,0,10,9,9,13,5,5,4,6,3,4,6,6,5,4,8,10,8,4,7,2,3,1,4,2,2,3,0,5,5,6,1,2,30,9,10,30,16,10,14,14,10,8,6,6,9,3,1,1,6,6,7,4,2,10,4,20,17,6,8,5,2,4,3,6,2,0,4,2,3,14,12,7,6,14,16,18,15,12,11,10,12,16,17,9,8,8,13,18,5,10,5,5,4,6,1,2,6,10,13,9,5,1,4,1,16,8,13,11,6,12,6,14,11,8,7,8,5,6,6,17,5,9,10,12,5,2,5,3,7,15,7
224.398,0.897299,0.0128217,8,255,0,-152.88,8.93212,0.431158,0.158592,0.380868,0.17241,-0.421859,-0.162405,-0.189436,0.058079,0.0534989,-0.102589,0.29209,0.141027,0.786216,0.468631,0.341797,-0.00502307,0.121335,0.101433,0.555864,-0.305098,0.73173,0.099632,-0.768543,0.115675,-0.300629,-0.624726,-0.00304959,-0.284921,-0.53196,0.54101,0.584387,0.36129,0.102801,-0.171666,-0.0213626,-0.723106,-0.310136,-0.349582,-0.117753,-0.12482,0.603468,-0.408086,0.346212,-0.863689,0.24131,0.324614,-0.131084,0.230653,-0.143323,0.00645989,-0.0862604,-0.127201,0.1645,-0.0720284,0.152808,0.163036,-0.0899195,-0.0990939,0.121117,0.205452,0.00257987,0.335758,-0.141935,0.57705,1.1577,-0.557173,-0.0994851,0.361671,-0.599498,0.646644,0.0683606,-1.05904,0.181991,-0.0771527,0.769574,0.469985,0.071299,-1.31906,-0.678987,0.529848,-0.90634,0.396752,-0.654696,0.862664,-0.234863,-0.148987,-0.681235,-1.323,0.96799,-0.761403,0.0740906,0.238365,-0.443723,-0.527534,-0.377174,-0.448245,0.832537,1.06592,-0.494379,0.0834595,-0.510572,0.0618358,1.10278,-0.309735,-1.07958,-0.300848,-0.0761296,-0.420852,0.869266,-0.603182,-0.351378,0.256411,1.09158,-0.0100666,-0.10268,-0.120757,-0.350905,0.035205,0.0202617,-0.011318,0.0181519,0.00507083,-0.0164356,-0.0552044,0.056384,0.00845503,-0.0261322,0.0842964,-0.0532714,-0.0134102,-0.0724465,-0.0214334,0.15096,0.213295,-0.684849,0.132181,0.17375,20.8151,0.554725,0.524852,0.43944,0.476588,0.472699,0.508378,0.507717,0.485205,0.542038,0.520334,0.611515,0.567197,0.549149,0.499275,0.517497,0.514629,0.57951,0.456099,0.60402,0.514369,0.39091,0.516681,0.456739,0.410839,0.49956,0.458989,0.423855,0.57742,0.583515,0.551933,0.514826,0.475255,0.496918,0.397171,0.455378,0.449739,0.483019,0.482001,0.586189,0.441399,0.54978,0.377919,0.534756,0.546693,0.481099,0.533226,0.60848,0.549735,0.380274,0.453134,0.445391,0.516803,0.515479,0.470343,0.583741,0.540726,0.713041,0.632401,0.597653,0.498546,0.53506,0.529324,0.655549,0.412604,0.699963,0.528804,0.291164,0.533429,0.413859,0.326679,0.499117,0.418277,0.350726,0.651656,0.662967,0.603068,0.529718,0.450479,0.493817,0.302138,0.411191,0.400181,0.465972,0.463937,0.667884,0.384039,0.598882,0.268963,0.56939,0.592861,0.462134,0.566363,0.520298,0.509193,0.47752,0.491341,0.4899,0.503097,0.502853,0.49453,0.51557,0.50752,0.541826,0.524968,0.518218,0.499732,0.50647,0.505409,0.529606,0.483737,0.53894,0.505313,0.45911,0.506168,0.483975,0.466736,0.499837,0.484812,0.471664,0.528817,0.531121,0.519256,0.505482,0.490847,0.498861,0.461517,0.483468,0.481368,0.493721,0.493345,0.532135,0.478253,0.518453,0.454075,0.512865,0.517303,0.493011,0.512297,0.435158,0.470515,0.571729,0.527777,0.532388,0.490057,0.490841,0.517557,0.450157,0.475873,0.368551,0.420446,0.441746,0.50086,0.479238,0.48264,0.405962,0.552047,0.377276,0.482948,0.628628,0.480205,0.55129,0.605359,0.500522,0.548628,0.590084,0.408418,0.40126,0.438456,0.482407,0.529358,0.503657,0.621335,0.5529,0.559568,0.52015,0.521358,0.398125,0.569418,0.441,0.643708,0.458778,0.44465,0.522428,0.460591,8.70699,8.99273,6.99705,7.35105,7.32405,7.67482,8.17401,7.447,8.58225,7.79237,9.50934,8.82964,8.07567,8.16183,8.27016,8.55596,8.95078,7.16085,8.61571,8.23941,7.09569,8.33295,8.32308,8.16292,7.58813,8.17351,7.82799,9.71129,8.9902,8.92272,8.2439,9.2732,8.38184,7.73689,7.14252,8.25425,8.74473,8.57144,9.42427,8.17225,8.65836,7.54679,8.43983,8.5572,8.01279,8.49561,0,7,3,2,5,12,7,6,6,3,4,4,12,11,19,6,17,6,5,6,6,11,13,3,8,2,2,3,2,9,15,7,14,11,7,0,2,5,16,9,6,3,2,0,10,17,20,8,5,11,2,6,2,3,0,2,0,1,1,12,13,10,15,3,0,7,7,5,11,7,2,2,7,8,8,7,5,5,2,4,3,9,3,4,3,4,4,3,3,2,1,20,13,13,9,17,15,15,16,4,7,1,14,6,2,4,2,3,6,1,6,5,9,10,18,17,2,5,3,3,3,1,3,2,0,1,1,9,7,1,5,15,6,18,9,12,13,6,8,8,10,9,13,7,4,9,12,3,6,2,4,3,14,5,7,2,3,4,6,3,7,7,4,12,20,11,7,14,2,8,14,5,15,11,16,8,13,15,18,6,5,11,2,7,6,7,12,2,6,6
216.547,0.839812,0.0128217,8,255,0,-159.684,7.8118,0.45596,0.210619,-0.417163,0.271202,-0.792901,0.702755,0.138035,-0.0122264,-0.143431,0.187878,-0.528445,-0.221505,0.33042,0.466281,-0.226759,-0.384434,-0.216359,-0.238366,-0.705321,0.32233,0.483819,-0.0307953,-1.04039,-0.00222702,-0.284036,-0.368402,-0.225557,-0.0172379,-0.368513,0.900963,0.218216,0.0786964,-0.00770964,0.647263,-0.489465,0.712432,0.0766278,0.178731,-0.0100065,0.529148,-0.61791,-0.399096,0.0371124,-0.838133,0.0489379,-0.619071,0.212553,-0.223035,0.123719,0.00542029,-0.144373,-0.122366,-0.112933,0.104028,-0.164696,-0.177903,0.122573,-0.124304,0.114409,-0.151198,0.084996,-0.378071,0.387615,0.538391,1.07882,-0.199889,0.0415971,0.34633,0.784385,0.718728,0.0513634,-0.74029,0.713015,0.434702,0.622333,0.344722,0.396839,-0.591918,-0.645399,0.703115,-1.50258,0.52994,-0.622861,0.97913,-0.0208199,-1.0744,-0.0549847,-1.23765,0.701635,-0.183928,0.377931,0.265595,0.0503018,-1.35739,-1.02446,-0.239084,0.837605,1.039,0.23051,-0.0217826,-1.01401,0.0803449,-0.278343,-0.316818,-0.658876,-1.03756,0.697896,-0.645985,0.938247,0.103311,0.456939,0.275273,1.0779,0.976843,0.679649,-0.296711,-0.0991599,-0.0266934,-0.0394119,0.0555895,-0.101522,0.0695119,-0.0203251,-0.034916,0.043821,0.0479112,-0.0478877,-0.117215,0.0213064,0.0341819,0.0392499,0.0462547,0.0445488,-0.748458,-0.0728889,0.109057,0.0984841,17.828,0.444086,0.536439,0.394869,0.593477,0.518571,0.498354,0.480704,0.525266,0.429348,0.470221,0.544357,0.562433,0.469517,0.44844,0.470911,0.46796,0.40619,0.543276,0.564755,0.495855,0.363515,0.4997,0.461844,0.450576,0.469678,0.49768,0.450561,0.618944,0.529338,0.510591,0.498962,0.586249,0.434498,0.594733,0.510312,0.524038,0.498653,0.570744,0.417589,0.446488,0.504995,0.389065,0.506587,0.417437,0.528578,0.470016,0.389351,0.572627,0.298302,0.680951,0.53716,0.496703,0.461393,0.550499,0.361215,0.440542,0.588184,0.623172,0.439145,0.397778,0.441911,0.436064,0.318448,0.586068,0.627604,0.491695,0.245567,0.499399,0.423988,0.401928,0.439465,0.495351,0.401899,0.725513,0.558583,0.521212,0.497921,0.667806,0.370973,0.683214,0.520655,0.548056,0.497301,0.63896,0.339256,0.393995,0.510008,0.28819,0.513196,0.338975,0.557077,0.440135,0.577429,0.449428,0.644157,0.371454,0.474195,0.502288,0.526812,0.464903,0.597611,0.541352,0.438487,0.413627,0.542328,0.571441,0.540396,0.544484,0.628994,0.439978,0.410447,0.505762,0.685398,0.500417,0.552948,0.5685,0.542105,0.503225,0.56852,0.337527,0.459259,0.485279,0.501443,0.381202,0.590575,0.369765,0.485666,0.466607,0.501872,0.402263,0.613602,0.574126,0.493056,0.651879,0.490844,0.613808,0.460312,0.541636,0.507601,0.495058,0.514444,0.487197,0.497485,0.500223,0.502614,0.496576,0.509628,0.504036,0.493979,0.491504,0.504132,0.507005,0.503942,0.504343,0.51285,0.494127,0.491185,0.500561,0.518949,0.500041,0.505176,0.506713,0.50411,0.500314,0.506715,0.483588,0.496024,0.498566,0.50014,0.488208,0.508918,0.487021,0.498604,0.496743,0.500182,0.490359,0.511258,0.507272,0.499324,0.515268,0.499108,0.511279,0.496127,0.504064,8.08575,9.0469,7.02568,9.09755,8.2809,8.07611,8.13833,8.34874,7.93618,7.7911,9.50205,9.28516,7.78396,8.12992,8.03911,8.72802,7.7007,8.53126,8.74913,8.29181,7.26403,8.64935,8.29115,8.23409,7.78559,8.29315,7.81569,9.72128,8.9496,9.1599,8.32329,9.29445,8.38869,9.63882,8.25371,8.92124,8.75995,9.39488,7.48096,8.13546,8.70299,7.55136,8.40052,7.49656,8.08631,8.34863,4,2,0,0,1,7,2,13,4,7,3,2,8,10,15,8,16,7,9,7,5,5,10,7,4,5,3,2,3,2,10,11,8,12,7,1,1,0,8,15,10,1,2,1,15,12,10,8,4,4,1,0,2,1,6,0,1,3,1,2,8,14,4,3,1,2,9,6,2,5,6,4,8,6,5,3,4,8,1,0,2,1,0,2,3,2,1,7,3,2,3,10,7,16,2,7,14,10,28,4,7,3,6,11,1,2,1,5,6,4,5,3,8,3,2,4,2,5,0,4,6,4,1,0,0,1,1,0,8,8,12,8,3,14,7,13,7,4,9,10,11,7,8,14,18,21,10,3,2,5,1,7,1,9,2,3,12,7,3,7,6,8,4,12,14,6,15,9,7,12,7,21,13,6,6,12,6,13,13,22,9,8,12,10,6,5,1,7,5,8
204.625,0.994581,0.0128217,8,255,0,-145.49,7.9924,0.499748,0.198507,-0.0627439,0.221294,-0.833849,0.158703,-0.0357354,-0.355524,-0.171606,0.281874,-0.848106,-0.267889,0.511038,0.287269,0.0836901,-0.294758,-0.0246524,-0.740242,-1.27821,0.409948,0.466005,-0.0876834,-1.19957,-0.164771,-0.233231,-0.476134,-0.30939,-0.14242,-0.455575,0.672064,0.10398,0.148046,-0.186064,0.502478,-0.308244,0.167537,-0.521527,-0.3354,0.108694,0.0848338,0.0125733,-0.150088,-0.0542132,-0.860148,0.00192655,-0.64099,0.249805,-0.0437503,-0.0894632,-0.109415,-0.0550151,0.092983,-0.0284747,0.0697383,-0.0510124,-0.0532,-0.0845775,-0.00132021,0.328923,0.135996,0.345424,-0.25241,0.204782,1.02707,0.651527,-0.301805,0.00928241,0.344171,1.22745,0.640466,0.0703872,-0.909816,0.305798,0.567926,0.369487,0.251277,0.209473,-1.04927,0.146194,0.790891,-0.916242,0.615834,-0.737212,1.46528,-0.346879,-0.771315,0.20754,-1.34045,0.972905,-0.815262,0.128636,0.480544,-0.168356,-0.298922,-1.17402,-0.170256,1.07249,0.957403,0.392183,-0.118144,-1.2858,0.2396,0.279916,-0.319106,-0.444789,-0.507557,0.755753,-0.52059,0.691404,-0.130277,0.202243,0.434575,0.907278,0.609118,0.492439,-0.319256,0.518413,-0.0400484,-0.00351421,0.0523608,-0.139034,0.0705492,-0.0337335,-0.0868666,0.0757142,0.00521561,-0.0782793,-0.172235,0.0626463,-0.0100858,0.0765328,0.0445009,0.0196972,-0.681515,-0.179859,-0.00270488,0.114945,20.9115,0.483895,0.556577,0.298089,0.54066,0.490825,0.409714,0.456051,0.571875,0.295034,0.431646,0.628286,0.573231,0.521476,0.424889,0.49367,0.318586,0.212018,0.603733,0.617421,0.477501,0.225824,0.457793,0.440399,0.380124,0.421221,0.463496,0.385112,0.666023,0.526673,0.53794,0.45237,0.62623,0.421508,0.542912,0.369202,0.414722,0.52788,0.521769,0.503228,0.461538,0.486083,0.292468,0.500495,0.341113,0.563792,0.488768,0.489782,0.535982,0.367426,0.525827,0.49418,0.442349,0.472078,0.545784,0.36527,0.456476,0.582478,0.546655,0.513628,0.452136,0.495985,0.381712,0.303056,0.566379,0.575326,0.485722,0.313985,0.473188,0.462084,0.423063,0.449776,0.476819,0.426335,0.607751,0.51693,0.524095,0.469731,0.581121,0.449961,0.527262,0.415861,0.445586,0.517697,0.513814,0.502048,0.475573,0.491171,0.363453,0.500314,0.397086,0.540599,0.492874,0.510689,0.462368,0.638366,0.472987,0.506088,0.560279,0.529205,0.452122,0.640606,0.545516,0.413799,0.451211,0.485745,0.550052,0.5042,0.623513,0.704979,0.430604,0.421263,0.514935,0.693711,0.528044,0.539654,0.580419,0.552519,0.524246,0.577003,0.387455,0.482291,0.474798,0.531659,0.415215,0.552326,0.471486,0.587933,0.556898,0.481489,0.48555,0.497858,0.52555,0.509236,0.642494,0.499672,0.607507,0.457541,0.507454,0.502821,0.490051,0.537424,0.492864,0.501607,0.515981,0.507716,0.487328,0.538061,0.512043,0.477037,0.487086,0.496237,0.513251,0.501108,0.533236,0.557223,0.481575,0.479058,0.503943,0.55373,0.507408,0.510486,0.521396,0.513908,0.506404,0.520473,0.469818,0.495325,0.493344,0.508366,0.477422,0.513857,0.492467,0.523433,0.515077,0.495113,0.496186,0.499435,0.506748,0.502438,0.538599,0.499913,0.52879,0.488769,0.501967,8.64211,8.96589,6.93305,7.99733,8.0117,7.57484,8.16441,8.44618,7.58165,7.6942,9.46004,9.12093,8.17528,8.32497,8.36558,7.75988,7.02575,8.62039,8.69634,8.27926,7.12569,8.50246,8.3439,8.17157,7.63763,8.20952,7.78297,9.65096,8.87046,8.96622,8.14465,9.3053,8.34205,8.89242,7.06935,8.20461,8.72277,8.77924,8.42176,8.45754,8.65379,7.50079,8.40199,7.52812,8.07576,8.66812,3,2,2,7,3,6,6,8,4,5,7,12,7,12,7,9,6,14,8,7,1,8,4,4,3,2,0,1,2,10,7,4,9,15,4,2,2,2,9,12,14,2,3,2,23,24,40,3,5,1,2,1,7,6,4,1,1,3,1,18,27,20,14,2,1,0,1,8,5,4,7,7,5,9,3,5,4,1,4,4,3,1,1,1,2,2,1,6,1,9,9,12,19,16,11,13,11,8,6,6,3,4,6,8,1,2,2,8,2,2,4,3,2,11,13,7,3,4,5,4,3,5,3,0,2,1,0,3,17,8,15,7,8,9,13,12,10,16,13,15,5,9,11,13,7,17,11,5,4,5,0,0,6,3,3,3,8,9,4,1,4,7,2,11,9,10,5,6,7,5,9,7,7,5,4,11,3,8,9,7,10,7,5,5,12,8,1,3,4,3
194.999,0.870128,0.0128217,8,255,0,-142.586,8.07983,0.496006,0.174492,-0.462898,0.330352,-0.766191,0.166864,-0.470189,-0.027286,-0.228656,0.0339518,-0.940738,-0.10191,0.444435,-0.0958571,0.285773,-0.321118,-0.620886,-0.256835,-0.903121,0.058528,0.480058,-0.127469,-1.14906,-0.124585,-0.275129,-0.505871,-0.247867,-0.315958,-0.372774,0.570006,0.298642,0.142229,-0.115318,0.643789,-0.41122,0.0390139,-0.387864,-0.72538,0.0859596,0.281914,0.253526,-0.300288,0.0370483,-0.834382,-0.0503897,-1.17788,0.176445,-0.11068,-0.00715007,-0.0384109,-0.124865,0.101755,-0.16065,0.13445,-0.243833,-0.143807,-0.217062,-0.158784,0.449316,0.0143739,0.15318,-0.110412,0.18659,0.648897,0.850056,-0.324707,0.0251472,0.342011,1.10097,0.625494,0.0564753,-0.866595,0.328405,0.47858,0.47821,0.257883,0.35141,-1.20086,0.319207,0.677662,-0.792437,0.483331,-0.654698,1.47274,-0.236941,-1.10637,0.319758,-1.3656,0.729246,-0.924735,0.0542387,0.558102,-0.249994,-0.44856,-1.39312,-0.232826,0.946477,0.910049,0.345297,-0.421944,-1.18387,0.141431,0.0831791,-0.267768,-0.18123,-0.461908,0.481326,-0.69232,0.926207,-0.195884,0.388181,0.351959,0.947238,0.681495,0.504099,-0.204443,0.0417711,0.0529152,0.0729448,-0.0241541,0.0439659,0.0792822,0.03381,0.0253321,0.0877999,0.0409195,-0.015262,0.0446303,-0.0419004,0.0692879,-0.0247059,0.0116923,0.038049,-0.728246,-0.352104,0.013836,0.110631,19.0887,0.425466,0.553387,0.378204,0.527043,0.42431,0.495574,0.462974,0.505508,0.351958,0.483474,0.571603,0.484455,0.546227,0.448095,0.400618,0.458431,0.357546,0.509494,0.577253,0.479333,0.321776,0.4798,0.455486,0.418665,0.459876,0.448923,0.43982,0.591429,0.548296,0.523057,0.481301,0.602945,0.433683,0.506329,0.437409,0.384451,0.513941,0.545606,0.541035,0.45144,0.50601,0.367855,0.491826,0.317709,0.528593,0.482053,0.402878,0.569747,0.342695,0.535402,0.401388,0.494202,0.45156,0.507215,0.310094,0.478356,0.593341,0.47964,0.560434,0.432179,0.371033,0.445635,0.316976,0.512435,0.600627,0.472938,0.273534,0.473549,0.441796,0.394122,0.447519,0.433255,0.421437,0.618819,0.563127,0.530189,0.475513,0.633499,0.413489,0.50829,0.418312,0.350552,0.518259,0.559626,0.55367,0.436529,0.507873,0.32976,0.489293,0.268693,0.537427,0.476496,0.583487,0.440144,0.635984,0.469658,0.584777,0.504968,0.541533,0.493819,0.664874,0.518545,0.419785,0.517445,0.448159,0.558198,0.611152,0.546624,0.658742,0.489346,0.413479,0.523191,0.697791,0.522667,0.549924,0.591072,0.545005,0.557271,0.567454,0.397689,0.445842,0.474129,0.520983,0.384892,0.574313,0.492898,0.570149,0.629076,0.484355,0.448854,0.453973,0.554454,0.493255,0.647401,0.509173,0.702198,0.46792,0.52014,0.540657,0.470953,0.567039,0.485316,0.541295,0.502402,0.520117,0.497011,0.582061,0.50897,0.460958,0.508437,0.474866,0.528237,0.554438,0.522593,0.578835,0.494848,0.457843,0.511219,0.59979,0.510965,0.5242,0.544412,0.521805,0.527784,0.532767,0.449992,0.473736,0.487483,0.51015,0.443571,0.536135,0.496566,0.534089,0.563508,0.492434,0.475205,0.477698,0.526409,0.496739,0.572924,0.504435,0.602223,0.484473,0.509742,8.01005,9.01147,6.9848,8.05473,7.36062,7.92866,8.15057,8.00741,7.40564,7.83271,9.38885,8.48062,8.33089,8.19142,7.64943,8.48858,7.45273,8.03901,8.57947,8.28055,7.14665,8.44369,8.23369,8.20159,7.64523,7.85041,7.77764,9.57925,8.98751,9.00146,8.29616,9.31023,8.29081,8.63735,7.34231,7.65979,8.59858,8.94938,8.58202,8.20143,8.65151,7.52234,8.37963,6.95164,8.08515,8.46156,0,2,2,3,1,2,8,8,9,4,7,10,8,11,9,8,7,4,3,6,3,11,13,10,5,0,0,0,12,7,10,4,5,9,9,3,0,2,10,5,9,3,5,1,22,28,27,6,7,4,2,1,7,6,6,0,1,1,1,7,1,10,5,3,4,4,2,1,4,4,6,15,10,11,13,15,3,3,2,3,4,0,2,1,2,0,0,4,4,8,6,25,6,14,13,9,6,9,16,10,10,4,2,3,2,1,4,5,3,5,9,5,5,2,6,8,1,3,1,4,1,5,1,2,1,2,1,1,14,10,6,12,15,11,7,5,13,13,16,23,17,14,24,4,9,17,12,1,3,1,1,1,2,5,3,5,9,10,3,8,3,9,6,8,8,11,12,6,8,5,13,5,9,3,15,8,19,5,18,3,2,12,9,6,2,2,6,2,6,6
200.452,0.867736,0.0128217,8,255,0,-133.433,8.85055,0.471735,0.091685,0.103693,0.341419,-0.993586,0.176715,0.191067,-0.642608,-0.270255,-0.339443,0.101159,-0.363346,0.649611,0.44185,0.893701,-0.214772,0.310142,-0.0707146,0.347545,0.0387152,0.304755,-0.175741,-0.879654,-0.036193,-0.164663,-0.477185,-0.389776,-0.490891,-0.880333,0.597649,0.346702,0.307055,-0.24744,-0.0863935,-0.0921568,-0.0921027,0.695678,0.449109,-0.298186,0.884593,-0.288967,0.103761,0.160005,-0.756466,-0.094507,1.12687,-0.515327,0.236468,0.00251353,-0.0663985,0.154684,-0.0412551,0.209517,0.110623,0.0958716,-0.0947444,0.167137,-0.0591087,-0.0662249,-0.122617,-0.00383686,0.0102683,-0.0347766,1.30541,-0.0847603,-0.106353,-0.119205,0.380561,1.31967,0.865376,0.0786485,-0.602096,0.594531,0.223555,0.256853,0.322269,0.716667,-0.755607,-1.69412,1.0391,-0.960199,0.60983,-0.440101,0.405017,0.417541,-0.211993,-0.919448,-0.974398,0.903875,-0.253479,0.680792,0.404424,0.405063,-1.49009,0.253375,-0.155787,1.11192,1.66682,-0.633932,0.672884,-0.0810616,0.322656,1.03882,-0.660581,-1.7115,-1.32118,0.55644,-0.208924,0.741268,0.193147,-0.0851978,0.505238,1.38453,0.556135,-0.158193,0.0278249,-0.309912,0.0419128,-0.00299987,-0.0397531,-0.0239328,-0.0564785,-0.122161,0.13533,0.0257396,-0.051023,0.0262613,-0.0461402,0.0466496,-0.14171,0.0647407,-0.045035,0.0197197,-1.31956,-0.436343,0.227597,0.0724213,22.7529,0.533789,0.609614,0.214665,0.557417,0.562034,0.301774,0.412705,0.391,0.532965,0.383595,0.700149,0.640329,0.762538,0.430364,0.599855,0.476939,0.611516,0.512632,0.598166,0.442897,0.240798,0.488191,0.446468,0.349117,0.375471,0.345063,0.240637,0.685718,0.611254,0.598888,0.419942,0.471835,0.469961,0.469978,0.71262,0.642509,0.403897,0.760378,0.406798,0.533811,0.552029,0.271407,0.469197,0.813213,0.33789,0.576565,0.497803,0.492766,0.521042,0.496255,0.495951,0.513614,0.505726,0.507192,0.497856,0.507699,0.486238,0.490638,0.481071,0.504551,0.493428,0.501498,0.492636,0.49918,0.493543,0.503724,0.518631,0.500767,0.503489,0.51011,0.508259,0.510401,0.518646,0.487338,0.492654,0.493494,0.505243,0.501831,0.501953,0.501952,0.485263,0.490484,0.506318,0.481264,0.506123,0.497801,0.49661,0.516024,0.502003,0.47614,0.510918,0.494989,0.465846,0.389236,0.787697,0.441966,0.437301,0.70014,0.588222,0.610144,0.466678,0.61762,0.297924,0.358231,0.235179,0.570381,0.399092,0.523311,0.387316,0.487231,0.400797,0.557717,0.761471,0.511937,0.554108,0.652416,0.625822,0.656506,0.761633,0.312462,0.38758,0.400069,0.580911,0.52847,0.530364,0.530346,0.285367,0.356032,0.597119,0.237348,0.594189,0.465824,0.447411,0.730705,0.531137,0.184376,0.66374,0.422618,0.48869,0.462825,0.60672,0.480732,0.479169,0.569644,0.529447,0.536961,0.488967,0.539553,0.429607,0.451949,0.403727,0.523412,0.466219,0.507713,0.46216,0.495777,0.466804,0.519161,0.594797,0.503948,0.517955,0.551867,0.542417,0.553346,0.594868,0.435172,0.462252,0.466555,0.526966,0.509423,0.510052,0.510046,0.424689,0.451165,0.532482,0.404684,0.531481,0.488683,0.482553,0.581779,0.510308,0.379493,0.555979,0.474228,8.60234,8.96416,6.87577,8.80485,8.51601,7.34109,8.21514,7.76127,8.59873,7.72766,9.46326,9.08018,9.48164,8.14829,9.04089,8.45026,8.9481,8.29889,8.67707,8.34924,7.23476,8.40268,8.2442,8.16305,7.69058,8.2032,7.67674,9.88669,8.94691,8.9879,8.24745,9.36726,8.41967,8.34758,9.52735,9.11498,8.64067,9.70512,8.48608,8.62712,8.68256,7.4228,8.46495,10.1376,8.05043,8.79119,2,4,3,1,1,11,6,9,11,2,4,4,7,5,3,6,4,6,6,6,4,14,3,6,5,5,2,3,0,0,16,7,15,21,11,2,0,0,6,9,15,6,4,4,11,14,7,5,14,4,2,8,2,3,0,3,0,4,3,11,10,12,11,3,2,2,11,12,9,13,10,5,11,5,4,10,3,6,0,2,1,3,7,0,8,8,3,7,3,4,2,18,17,15,11,12,23,29,23,3,4,4,16,17,5,7,3,6,7,3,6,0,4,5,11,7,1,3,3,0,1,0,0,1,4,2,1,1,17,14,10,7,5,18,10,9,16,33,13,22,8,6,19,11,16,9,7,5,7,1,5,3,4,9,4,7,5,5,6,11,4,10,7,16,10,21,18,17,16,15,11,13,7,14,9,14,10,9,9,11,8,7,9,8,5,6,8,4,1,14
211.278,0.989821,0.0128217,8,255,0,-133.879,9.01099,0.386775,0.138669,-0.41059,0.464715,-0.871604,-0.0698906,0.738666,-0.199319,-0.298614,0.264132,-0.444852,-0.332181,0.48144,0.577093,0.293767,-0.313088,-0.546112,0.227558,-0.136174,0.431213,0.38676,-0.123898,-1.07807,0.178479,-0.0703721,-0.331592,-0.394944,-0.504788,-0.681693,0.524048,0.267227,0.196884,-0.25997,0.189876,-0.340716,0.32418,-0.0138267,0.451445,-0.198145,0.426979,-0.267061,-0.108195,0.104202,-0.741511,-0.112726,0.433094,-0.448061,-0.389333,0.0143679,-0.096017,0.0233558,0.000363599,-0.0207435,0.193127,0.160166,0.143976,0.151177,-0.215526,0.0137121,-0.104139,0.167052,-0.0523576,0.366269,1.15489,-0.346048,-0.0961118,-0.130106,0.360107,1.96387,0.778019,0.0841099,-0.343924,0.5479,0.135256,0.321049,0.120328,0.789023,-1.20466,-1.37891,1.19095,-0.436724,0.508066,-0.350452,0.768635,0.306756,-0.439938,-0.463928,-0.836481,0.507568,-0.746539,0.373273,0.502673,0.316152,-1.01537,-0.148863,-0.0117618,0.862376,1.46077,-0.344862,0.348787,-0.650965,0.647487,0.315186,-0.306037,-2.15936,-1.21586,0.177062,-0.441837,0.71186,-0.106288,0.146156,0.708283,1.32878,0.609077,-0.698251,0.00676527,0.657343,0.0168661,0.158319,-0.10511,-0.049911,0.0345837,0.110772,0.0577553,-0.0218211,-0.0495482,-0.0953231,0.0966199,0.0818615,-0.0840243,-0.0890683,0.0274202,0.0116304,-1.3581,-0.718882,0.0811585,0.0620196,18.9913,0.383626,0.631043,0.267645,0.479832,0.701212,0.442705,0.414628,0.575675,0.374314,0.405251,0.635528,0.660714,0.584012,0.410577,0.347352,0.565325,0.460764,0.62199,0.609846,0.464289,0.223559,0.551349,0.479693,0.405415,0.387908,0.358249,0.312754,0.646849,0.576548,0.556601,0.4255,0.554603,0.402878,0.59252,0.496008,0.627467,0.443039,0.620839,0.423499,0.468802,0.530049,0.2981,0.467499,0.6225,0.373446,0.389448,0.535461,0.459883,0.574838,0.506046,0.436442,0.517237,0.525811,0.477165,0.538409,0.528706,0.458446,0.45024,0.474608,0.527059,0.547105,0.480324,0.511779,0.462764,0.466591,0.510717,0.592199,0.484564,0.506088,0.528655,0.534114,0.543559,0.558703,0.454787,0.476898,0.482974,0.522475,0.483579,0.529442,0.471984,0.501196,0.461024,0.517135,0.463128,0.523088,0.509359,0.490986,0.5638,0.509751,0.462602,0.538685,0.533631,0.635902,0.347254,0.765617,0.523712,0.268316,0.567264,0.60002,0.41127,0.646606,0.610909,0.342124,0.313512,0.401561,0.604728,0.677362,0.423348,0.546103,0.357638,0.371623,0.541967,0.812162,0.439697,0.523875,0.610719,0.630968,0.664977,0.716224,0.329221,0.410253,0.433548,0.587361,0.435887,0.613661,0.391677,0.504694,0.351351,0.566872,0.35896,0.589693,0.536669,0.46468,0.732442,0.538199,0.357051,0.647601,0.629192,0.57326,0.417249,0.651714,0.512558,0.37028,0.535761,0.553462,0.452672,0.579275,0.559418,0.414329,0.397747,0.447399,0.556032,0.596906,0.459194,0.524454,0.423117,0.430936,0.522252,0.684602,0.467968,0.512645,0.559313,0.570507,0.589738,0.62012,0.406916,0.452121,0.464675,0.546586,0.465928,0.560929,0.442,0.502485,0.419571,0.535551,0.42386,0.547849,0.519435,0.481282,0.630196,0.520248,0.422787,0.579837,0.569518,7.96476,9.04222,7.01457,8.37043,9.17345,7.90896,8.15282,8.53984,7.91872,7.72888,9.50108,9.30194,8.57999,8.09629,7.82025,9.15855,8.33646,8.7654,8.70559,8.39011,7.09279,8.76514,8.31635,8.14046,7.64421,7.99559,7.7609,9.78631,8.88565,9.11688,8.20517,9.4697,8.38567,8.853,8.44686,9.02442,8.69604,8.99157,8.31576,8.26482,8.66404,7.41552,8.40532,9.14647,8.05715,7.99337,2,3,1,2,0,6,8,14,14,5,2,6,8,9,9,6,5,12,8,5,10,17,13,10,15,0,1,0,3,4,10,8,16,6,11,0,2,3,10,13,12,4,2,3,18,12,17,3,4,2,3,1,2,4,6,3,3,4,5,11,11,13,14,4,3,2,4,8,7,1,2,4,4,8,7,4,6,13,1,0,2,6,3,0,2,4,3,0,7,1,6,13,5,4,5,6,14,13,12,8,1,7,13,8,1,5,4,14,5,6,7,4,11,12,6,10,2,2,1,0,2,0,0,2,1,0,0,1,13,5,13,9,7,16,16,11,14,10,16,11,12,11,11,5,6,15,14,1,4,3,4,3,2,5,5,1,3,3,6,6,14,5,11,13,17,10,9,20,11,4,11,14,7,7,10,13,6,4,6,14,7,5,11,2,2,3,3,5,4,6
202.809,0.988392,0.0128217,8,255,0,-139.306,9.44041,0.510022,0.253631,0.527646,0.775352,-0.941231,0.791174,0.407858,-0.261002,-0.338353,0.317326,-0.0325107,-0.204362,0.540264,0.331567,-0.366082,-0.153055,0.234197,-0.0824203,-0.851471,-0.251952,0.507472,-0.23731,-1.11489,-0.0123922,0.19646,-0.519248,-0.270158,-0.543904,-0.684406,0.375582,0.41167,0.160884,-0.251214,-0.134736,-0.398528,0.0438776,-0.498793,-0.664536,-0.241663,-0.45956,-0.592715,0.408888,0.205662,-0.441662,-0.085641,0.425089,-0.447014,-0.323416,-0.171072,0.172821,0.0198172,0.0385395,-0.21518,-0.104061,-0.135488,0.0498423,-0.124113,-0.37839,0.111271,0.190525,0.157506,0.112813,0.324647,0.916449,0.239193,-0.298336,-0.185916,0.365176,0.54758,0.646994,0.118283,-1.26674,-0.374478,0.904982,0.515619,0.105788,0.34111,-1.70206,-0.562778,0.666461,-0.374232,0.285528,-0.905825,1.048,-0.0889075,-0.565903,-0.436781,-0.586765,0.963786,-0.387734,0.147538,0.952623,0.106034,-1.03454,-0.675125,-0.337263,1.30556,1.07502,-0.11972,-0.106243,-0.383652,-0.248829,1.07042,-0.246849,-0.719326,0.239483,0.697025,-0.0876881,0.776252,0.312495,-0.0557251,0.165553,0.735794,0.422379,0.375961,0.24946,-0.239082,-0.00419283,-0.126876,0.129398,0.154504,0.212562,0.0597277,0.0692613,0.0776961,-0.0490205,0.0703334,-0.0323598,-0.00128141,-0.0989496,-0.0984854,-0.0667083,0.0491111,-0.437574,-1.20973,0.0929691,0.214722,17.8327,0.618588,0.670527,0.296798,0.673723,0.592372,0.440485,0.423094,0.572195,0.492552,0.453315,0.621313,0.575387,0.416904,0.464991,0.553452,0.481125,0.314249,0.44253,0.614217,0.445843,0.264688,0.497161,0.54489,0.383229,0.438418,0.377903,0.34814,0.585211,0.593216,0.536794,0.442697,0.469169,0.409694,0.510052,0.38767,0.352284,0.444857,0.396238,0.367445,0.5926,0.546981,0.400169,0.480389,0.59618,0.398992,0.426439,0.53151,0.546232,0.443953,0.54717,0.52437,0.484398,0.479778,0.518966,0.498056,0.487782,0.532262,0.519817,0.478123,0.490849,0.514001,0.495072,0.449259,0.484938,0.530309,0.485813,0.433724,0.499259,0.511746,0.46899,0.483851,0.467521,0.459165,0.522444,0.524597,0.509619,0.484982,0.491944,0.476187,0.502624,0.470208,0.460345,0.485553,0.472547,0.464616,0.524431,0.512296,0.473614,0.494879,0.525398,0.473295,0.48067,0.442534,0.415986,0.601533,0.414305,0.455501,0.528521,0.536946,0.465342,0.503556,0.522341,0.441172,0.463792,0.539962,0.516737,0.474403,0.509015,0.592083,0.527534,0.444713,0.525937,0.619599,0.501356,0.478522,0.556559,0.529519,0.55922,0.574315,0.459006,0.455087,0.482408,0.527454,0.514735,0.543486,0.4952,0.554349,0.572188,0.526412,0.550104,0.564478,0.455389,0.477517,0.548165,0.509367,0.453632,0.548745,0.535321,0.345629,0.281311,0.757429,0.277458,0.379093,0.578286,0.600924,0.405192,0.509831,0.561493,0.342185,0.401046,0.60894,0.546157,0.429641,0.524906,0.736926,0.575614,0.351169,0.571281,0.79392,0.503748,0.440862,0.65207,0.580985,0.658806,0.695921,0.388326,0.378009,0.451496,0.575396,0.540659,0.618246,0.486733,0.646435,0.69081,0.572571,0.635514,0.671952,0.3788,0.43812,0.630484,0.525877,0.374199,0.631991,0.596583,9.03058,9.05848,6.93676,9.4096,8.57596,7.75834,8.11285,8.46564,8.34691,7.82755,9.49181,8.79211,7.63015,8.19939,8.81305,8.73175,7.35288,7.7694,8.69701,8.23618,7.04032,8.37154,8.3562,8.18478,7.74716,7.99068,7.8209,9.85196,8.8897,9.02955,8.2192,9.27356,8.34566,8.16951,7.83907,7.3064,8.6274,7.55457,7.93159,8.61539,8.63837,7.57633,8.42168,9.04583,8.12034,7.99126,2,5,2,1,3,6,6,3,4,12,7,14,14,13,15,9,16,8,11,4,9,7,18,5,5,3,0,0,3,2,17,10,11,8,5,1,6,3,5,10,10,3,2,2,12,5,17,4,3,7,7,2,3,0,2,3,2,0,1,9,13,9,10,4,0,4,6,4,3,3,3,3,3,16,6,6,3,8,0,1,1,3,2,6,2,4,2,4,3,2,2,11,18,16,13,29,15,11,11,4,5,7,7,10,1,4,2,0,3,6,4,2,3,2,5,13,2,2,5,4,2,2,5,4,5,4,8,5,4,9,17,2,7,4,12,1,9,8,7,2,9,6,7,9,3,2,15,6,5,6,6,5,3,3,6,5,3,6,4,3,3,13,3,5,7,5,5,5,8,7,6,9,6,6,9,6,5,10,6,4,5,3,4,9,13,6,6,3,5,6
200.423,0.99954,0.0128217,9,767,0,-128.392,8.3682,0.593521,0.0926224,-1.404,0.233392,-0.169745,-0.353428,-0.382928,0.0702906,0.175088,0.236583,0.34098,0.494745,0.896132,0.462226,0.570225,0.11101,0.185992,0.245541,0.0219586,0.458611,1.15807,0.295623,-0.811104,0.245735,-0.383022,-0.710479,0.358113,-0.141263,-0.469221,1.04704,0.612251,0.56829,0.247089,0.64185,0.0363874,-0.0986594,0.519024,1.8094,0.0309865,0.239526,0.868757,-0.480099,0.322707,-0.930856,0.400201,-0.195282,0.457815,0.0828389,-0.0519365,-0.0805071,0.105881,-0.0896701,-0.146044,-0.0162503,0.0565991,0.0806161,0.112903,0.15346,0.0500699,-0.168522,0.0755068,-0.0472149,-0.094581,1.04333,0.0759038,-0.492143,0.00639224,0.350752,0.636913,0.875815,0.128989,-0.582005,0.71849,0.185749,1.13517,0.826722,0.613936,0.0291009,-0.164637,0.575787,-1.57387,0.815443,-0.0816644,1.05172,0.202238,-0.111231,-0.153616,-1.82524,0.971851,0.27273,0.320262,0.260344,0.112368,-0.826069,-0.546438,-0.0355202,1.16705,0.915986,-0.0122927,0.22294,-1.04555,-0.0981892,0.342346,-0.300048,-1.11483,-0.28752,0.1808,-0.711115,1.223,-0.334896,0.336466,0.282836,1.18983,0.890605,0.743521,-0.134745,0.364317,0.0180265,-0.113632,-0.0885176,0.00245532,-0.131777,-0.113682,-0.0358009,-0.0112854,0.0527114,-0.134195,-0.0685454,0.262559,0.0237223,0.0848984,-0.0167944,0.0705315,-0.447995,0.112596,-0.0622829,0.0735327,21.4477,0.187729,0.560577,0.45584,0.408845,0.401427,0.518326,0.545542,0.561397,0.588013,0.626255,0.718081,0.61828,0.644497,0.528923,0.548361,0.563697,0.505727,0.61739,0.769991,0.576503,0.30022,0.563747,0.401404,0.322727,0.592336,0.463221,0.379999,0.748836,0.654478,0.644034,0.564095,0.661428,0.50949,0.474289,0.632165,0.868506,0.508082,0.562153,0.712264,0.377328,0.583387,0.274643,0.602895,0.449239,0.617194,0.521594,0.473383,0.504429,0.496779,0.493294,0.492734,0.501334,0.503322,0.504489,0.50647,0.509387,0.516998,0.50877,0.510819,0.502107,0.503529,0.504659,0.500417,0.508702,0.521961,0.505609,0.484613,0.504663,0.492732,0.486521,0.506795,0.497319,0.491097,0.519858,0.511616,0.510782,0.504689,0.512177,0.50069,0.498128,0.509848,0.534281,0.500588,0.504545,0.51648,0.490891,0.506123,0.482343,0.507594,0.496294,0.508687,0.501572,0.652259,0.473884,0.519002,0.539501,0.542783,0.492128,0.4804,0.473528,0.461885,0.444815,0.400961,0.448416,0.436481,0.48757,0.479181,0.472527,0.497541,0.448816,0.37313,0.466939,0.589856,0.472506,0.542793,0.578908,0.459978,0.515816,0.55236,0.384836,0.431855,0.436694,0.472355,0.428605,0.495925,0.511048,0.442131,0.307762,0.49653,0.473199,0.40391,0.553564,0.46392,0.60277,0.455298,0.521857,0.448904,0.490723,0.460561,0.506569,0.495222,0.490053,0.489223,0.501979,0.504928,0.506659,0.509597,0.513923,0.525204,0.513008,0.516046,0.503125,0.505235,0.506911,0.500618,0.512907,0.532552,0.508321,0.477184,0.506917,0.48922,0.480011,0.510079,0.496024,0.486795,0.529439,0.517227,0.515991,0.506955,0.51806,0.501024,0.497223,0.514606,0.550757,0.500872,0.506742,0.524435,0.486489,0.509083,0.473821,0.511263,0.494503,0.512884,0.502332,6.47893,9.01554,7.00882,6.8254,6.73856,7.3144,8.15905,7.52587,8.64405,7.85207,9.45747,8.79705,7.94669,8.3521,8.17292,8.64487,8.23872,7.80663,8.66632,8.31206,7.19004,8.52335,8.23216,8.1528,7.67985,8.18172,7.76646,9.5829,8.98506,9.0519,8.25052,9.28648,8.37886,8.59298,7.9321,10.9151,8.76189,9.02332,9.45303,8.10983,8.62092,7.55129,8.44433,7.68767,8.05475,8.31624,2,3,0,0,0,16,9,24,9,2,3,8,15,12,19,11,12,15,12,11,8,13,10,9,7,3,5,2,3,8,10,7,12,9,7,1,2,1,5,12,7,6,4,2,18,12,14,4,5,7,4,3,4,2,3,0,1,0,1,16,16,23,15,4,5,9,5,3,5,6,2,2,6,6,3,7,4,1,0,0,2,1,2,2,2,1,1,9,5,6,4,17,11,8,3,8,5,7,5,2,7,8,9,5,2,1,3,5,4,5,3,7,2,4,11,6,2,5,3,1,2,2,2,6,1,5,4,1,9,4,3,16,8,6,22,6,6,19,14,15,14,26,9,15,14,6,14,3,2,1,1,1,3,2,8,1,5,6,10,4,2,7,5,14,8,9,10,7,15,15,12,6,19,11,13,7,12,5,9,3,8,11,5,5,10,4,3,3,1,10
200.556,0.939761,0.0128217,8,255,0,-133.512,8.98035,0.409873,0.181473,-0.105246,0.4831,-0.355224,0.58943,-0.32945,0.266263,0.162525,-0.142826,0.414794,0.31037,0.668696,0.857066,-0.722128,-0.033713,-0.377446,0.0945545,0.273693,-0.165425,0.923674,0.232182,-0.756692,0.402213,-0.189953,-0.595144,0.145745,-0.106772,-0.526997,0.875419,0.601611,0.322469,0.22082,-0.24232,-0.240266,0.092186,-0.0791857,-0.697087,-0.107535,0.0284142,-0.260154,0.22044,0.393389,-0.675044,0.32461,-0.468056,0.242692,0.208919,-0.0650611,-0.183168,0.0200308,-0.117611,0.29514,0.116987,-0.0944609,0.0694391,-0.0809199,-0.0520261,-0.0673874,0.181931,0.119891,-0.063659,0.282827,1.04911,0.234745,-0.52758,-0.0988479,0.388749,-1.72615,0.665866,0.0760557,-0.325827,0.311292,0.467643,0.403365,0.924174,0.527643,-1.3408,-0.707654,0.767783,-0.0428958,0.374955,-0.584873,1.64135,-0.470295,-0.737694,-0.606657,-1.73466,1.2821,-0.644621,0.70317,0.562696,0.276197,-0.744088,-0.393382,-0.0499245,0.759463,1.60863,-0.612955,0.0899324,-1.28278,0.689012,0.861174,-0.604109,-0.704806,-0.583371,0.497522,-0.31516,0.788238,-0.136157,-0.0461628,0.526918,0.893748,0.730921,0.776294,0.286091,0.152629,-0.0291633,0.0123284,-0.0377943,-0.0541665,-0.126141,-0.0587452,0.0754101,0.00215056,-0.124637,0.0890541,-0.00756261,-0.100365,-0.154211,-0.0079535,0.035879,0.292108,-0.386519,-0.387959,0.0954547,0.179871,20.7831,0.472424,0.624062,0.407896,0.649849,0.414443,0.569384,0.542524,0.46261,0.607106,0.580691,0.668528,0.710776,0.319169,0.491159,0.402278,0.524779,0.571294,0.456721,0.724927,0.560597,0.311342,0.603953,0.450344,0.348788,0.538151,0.472025,0.365197,0.714718,0.652751,0.583779,0.557658,0.436785,0.437315,0.524159,0.479243,0.324905,0.471826,0.507452,0.432188,0.55756,0.601737,0.329998,0.584324,0.379648,0.563311,0.554576,0.493824,0.528321,0.479165,0.534536,0.480675,0.515621,0.509537,0.491619,0.524323,0.518206,0.539163,0.550129,0.457722,0.498022,0.477864,0.505549,0.516056,0.490293,0.553996,0.513623,0.455709,0.523587,0.488854,0.46513,0.508552,0.493734,0.469112,0.551195,0.535248,0.518915,0.512956,0.485783,0.485903,0.50541,0.495353,0.459182,0.49369,0.501668,0.484737,0.512934,0.52307,0.460467,0.519041,0.472559,0.514239,0.512258,0.510168,0.453453,0.534271,0.443289,0.531792,0.474294,0.4843,0.513798,0.460004,0.470045,0.435741,0.417931,0.56933,0.503258,0.536408,0.490864,0.473578,0.51598,0.411682,0.477579,0.572602,0.461212,0.518347,0.557256,0.48592,0.510316,0.550748,0.416206,0.442127,0.46888,0.478675,0.523398,0.5232,0.491093,0.507651,0.566955,0.51039,0.497254,0.525117,0.478712,0.46206,0.564862,0.468674,0.545105,0.476566,0.479823,0.510206,0.453281,0.534399,0.443079,0.53191,0.474198,0.484242,0.513849,0.459856,0.469934,0.435505,0.417631,0.569585,0.50327,0.536543,0.49083,0.47348,0.516039,0.41136,0.477496,0.572869,0.461068,0.518415,0.557468,0.485868,0.510354,0.550936,0.4159,0.441913,0.468765,0.478596,0.523485,0.523286,0.49106,0.50768,0.567201,0.510428,0.497244,0.525211,0.478633,0.461919,0.565101,0.468558,0.545272,0.476479,0.479748,8.02812,8.96844,7.03371,8.06795,7.0667,7.83317,8.19941,7.30643,8.69662,7.88975,9.55098,9.25371,6.56868,8.12029,7.50487,8.81814,8.516,7.27734,8.66277,8.28899,7.19873,8.68055,8.10387,8.21254,7.67823,8.35519,7.81712,9.74097,8.93388,9.11109,8.27439,9.17731,8.38695,8.46734,7.21115,7.45818,8.62821,8.38516,8.15791,8.6324,8.66928,7.48586,8.40758,7.38928,8.02232,8.4328,5,2,1,1,4,5,11,6,9,2,6,3,12,17,4,18,9,3,6,14,13,11,4,10,5,3,2,0,3,0,7,10,11,19,7,3,3,4,12,7,7,2,7,5,18,22,14,2,1,2,3,2,1,0,1,0,1,1,2,16,16,10,14,7,3,2,3,10,15,7,17,5,8,10,6,4,9,5,3,0,5,4,6,1,4,3,2,1,10,5,1,8,14,14,16,11,24,23,14,3,6,4,10,13,2,0,1,6,11,12,5,6,4,10,21,9,3,1,3,3,4,6,4,3,2,2,2,1,5,8,10,2,13,12,9,8,6,22,12,6,12,14,12,9,5,8,9,8,5,6,8,6,4,3,5,2,7,6,6,12,6,6,3,10,7,11,4,7,8,5,5,6,10,3,7,5,3,10,8,8,10,9,8,12,8,13,6,10,7,2
196.483,0.806435,0.0128217,8,255,0,-118.679,8.9134,0.370098,0.136544,-0.482715,0.483074,-0.448044,0.289588,0.131919,0.459409,0.156939,-0.214706,0.444485,0.160565,0.562483,0.786558,-0.600437,-0.149373,-0.407348,-0.321134,0.0462634,-0.176751,0.83452,0.249543,-0.828453,0.32462,-0.204585,-0.618463,0.0671498,-0.124443,-0.374974,0.820882,0.652955,0.255263,0.267457,0.0148722,-0.26815,-0.0320637,-0.0418036,-0.26431,0.0428954,-0.0882632,-0.145818,0.0968761,0.428098,-0.633586,0.391169,-0.547388,0.277507,0.3073,0.245837,-0.175278,-0.0326711,-0.115148,0.220415,-0.0813718,-0.042816,0.259232,-0.126868,-0.181329,0.0327251,0.284868,0.0467967,-0.0692161,0.282452,1.0476,0.095469,-0.520373,-0.0807889,0.390724,-1.21638,0.754815,0.0503246,-0.398658,0.459979,0.639904,0.304532,0.891506,0.590845,-1.36153,-0.423205,0.720357,-0.0219463,0.495836,-0.481797,1.55212,-0.506239,-0.609921,-0.577507,-1.46478,1.1459,-0.665816,0.717786,0.309415,-0.0212531,-0.7906,-0.605156,0.195274,0.703188,1.69914,-0.812379,0.0142517,-1.31134,0.502448,1.21575,-0.456685,-0.584033,-0.536076,0.432812,-0.271238,0.715136,-0.112002,0.0691538,0.413005,0.910875,0.857846,0.831745,0.230854,0.233149,0.0445516,0.0640628,-0.0191515,-0.0885583,0.100208,0.0247476,-0.00630227,0.07454,-0.0344339,-0.0567801,0.0183813,-0.0908295,-0.00988331,0.0206032,-0.00997616,0.237939,-0.557734,-0.385785,0.119987,0.184572,22.4658,0.376205,0.623884,0.384766,0.575266,0.534495,0.618049,0.54101,0.444005,0.614351,0.541953,0.643194,0.695083,0.347734,0.460959,0.394906,0.41668,0.512114,0.453841,0.705627,0.564985,0.295695,0.584208,0.446624,0.343463,0.517579,0.467455,0.403038,0.702651,0.664638,0.566457,0.569592,0.503895,0.43023,0.491603,0.489053,0.431216,0.511232,0.4769,0.461885,0.52535,0.610276,0.3399,0.601037,0.360443,0.572171,0.579794,0.488481,0.511528,0.489308,0.506911,0.503149,0.510963,0.503746,0.494876,0.510607,0.503832,0.513422,0.518764,0.485673,0.496435,0.490279,0.492336,0.501104,0.495782,0.519907,0.505956,0.480237,0.507747,0.495117,0.485243,0.501603,0.49703,0.491051,0.519582,0.515579,0.506092,0.506383,0.500355,0.4936,0.499235,0.499002,0.493692,0.501024,0.497893,0.49652,0.502312,0.510216,0.484883,0.509335,0.486938,0.506623,0.507334,0.566903,0.433048,0.562149,0.459709,0.481614,0.436291,0.478131,0.529901,0.438339,0.477627,0.422208,0.392053,0.582947,0.520816,0.556555,0.544658,0.49355,0.524625,0.385696,0.465261,0.613502,0.45486,0.528495,0.585389,0.490638,0.517345,0.552094,0.3875,0.409949,0.464468,0.462777,0.497926,0.53732,0.504471,0.505829,0.536787,0.494019,0.512304,0.520321,0.486496,0.440591,0.587435,0.445673,0.575737,0.461383,0.457257,0.546422,0.453544,0.543105,0.472099,0.48728,0.455807,0.484868,0.520696,0.457236,0.484519,0.445963,0.424716,0.557652,0.514402,0.539207,0.530933,0.495538,0.51704,0.420202,0.475951,0.579228,0.468733,0.519721,0.559367,0.493524,0.512,0.536102,0.421484,0.437356,0.475401,0.474228,0.498566,0.525839,0.503092,0.504032,0.52547,0.495863,0.508512,0.51406,0.490658,0.458805,0.560804,0.462345,0.552598,0.473261,0.470397,7.47658,9.03428,7.0236,7.65141,7.76174,8.17751,8.16269,7.31953,8.65537,7.79827,9.3951,9.0828,6.83207,7.89947,7.44406,8.27217,8.14914,7.36788,8.64522,8.28063,7.04571,8.50365,8.15936,8.11793,7.67911,8.1304,7.81182,9.66607,8.917,9.00679,8.30341,9.3178,8.33947,8.37939,7.22895,8.08336,8.71735,8.30766,8.10315,8.54398,8.63468,7.61758,8.46034,7.2676,7.99985,8.48167,5,4,1,3,4,11,9,6,14,3,8,3,12,10,8,8,8,9,20,10,16,14,6,8,8,1,2,2,0,5,13,10,14,11,7,2,7,4,10,11,15,3,1,2,13,18,26,4,1,1,3,1,1,0,3,2,2,0,2,8,6,15,14,2,4,4,8,14,7,4,8,4,8,5,8,5,8,13,3,3,2,1,4,5,3,1,3,5,6,5,6,9,9,16,14,17,25,32,24,3,2,12,6,1,4,0,2,6,6,1,7,4,12,15,10,26,3,0,1,5,5,2,2,0,1,1,1,1,9,11,9,14,12,5,10,7,9,15,5,11,6,6,10,7,12,13,9,4,3,5,8,5,5,3,6,8,9,9,6,6,4,5,2,5,12,14,7,11,6,10,10,6,9,7,6,7,6,2,1,10,11,10,13,7,6,5,5,3,6,6
190.524,0.998598,0.0128217,9,767,0,-117.665,8.81031,0.668654,0.12602,-0.461109,0.536373,-0.0898897,0.491843,-0.689518,0.12159,0.131863,0.840071,0.26254,0.607254,0.967075,0.783929,1.83232,0.015271,0.495357,0.269671,0.185654,0.433349,1.29901,0.196595,-0.499198,0.54564,-0.0070018,-0.49006,0.437148,-0.278664,-0.509722,0.930057,0.766538,0.599911,0.119353,0.347613,0.0246773,0.466581,0.364425,-0.799655,-0.0717277,0.687739,-0.61274,0.270286,0.586098,-0.666536,0.320885,0.488968,0.265109,0.405461,-0.191185,0.13256,-0.0324238,0.00995898,-0.134431,-0.244415,0.0374525,-0.0136425,0.0621593,0.0675521,-0.0234014,-0.150427,-0.0325977,0.026374,0.00631194,1.09799,0.192815,-0.493437,-0.0983059,0.332373,0.136859,0.751178,0.0873422,-0.729841,0.964428,0.0206383,0.53325,0.696321,0.376232,-0.394096,-1.00467,0.941614,-1.37581,0.874053,-0.223455,0.603874,0.329742,-0.0285824,0.160651,-0.922027,1.11036,-0.0348904,0.142561,0.895385,0.467941,-0.324711,-0.0340886,-0.488187,0.982584,1.13537,0.673753,0.246006,-0.408932,0.145778,0.0942563,0.228897,-1.31889,-0.36384,1.39995,-0.273982,1.17903,0.57308,0.845651,0.567877,1.45591,0.494415,0.21308,-0.32407,-0.319696,0.195573,-0.180732,-0.0452107,0.028676,0.0217142,-0.147403,0.0324667,-0.0855835,-0.0512027,0.141556,-0.0817205,-0.00869888,-0.0730335,-0.0283247,-0.0729537,0.0814586,-0.175543,-0.628593,0.209569,0.103399,18.3014,0.376063,0.64312,0.475346,0.631821,0.31928,0.533327,0.536133,0.715528,0.571571,0.660776,0.743041,0.702816,0.882036,0.504192,0.632718,0.573488,0.550786,0.616758,0.806323,0.553756,0.366302,0.645452,0.498078,0.368634,0.617744,0.424099,0.363624,0.735204,0.698812,0.658967,0.532715,0.594277,0.506773,0.625345,0.59872,0.29359,0.480321,0.680295,0.337875,0.573653,0.65555,0.324789,0.587182,0.631086,0.572262,0.609495,0.477787,0.525832,0.495667,0.523691,0.466811,0.505861,0.506356,0.540406,0.512653,0.529239,0.546482,0.537717,0.587417,0.500736,0.52386,0.512996,0.508948,0.520877,0.562292,0.509475,0.475955,0.526278,0.499662,0.476395,0.52106,0.486571,0.475449,0.544713,0.536883,0.528886,0.505753,0.51675,0.50119,0.522476,0.517559,0.46153,0.496543,0.533103,0.470498,0.513026,0.528222,0.467915,0.515463,0.523553,0.512776,0.519535,0.520225,0.476478,0.503945,0.478429,0.530223,0.494664,0.494213,0.4632,0.48848,0.473375,0.457661,0.465651,0.420274,0.49933,0.478275,0.488168,0.491853,0.480991,0.443238,0.491373,0.521894,0.476072,0.500307,0.521493,0.480825,0.512227,0.522355,0.459274,0.466411,0.473697,0.494762,0.484749,0.498917,0.479535,0.484012,0.535036,0.503148,0.469855,0.526865,0.488141,0.474301,0.529218,0.485921,0.478554,0.488368,0.482214,0.571959,0.416499,0.514122,0.423318,0.606692,0.480902,0.47929,0.370969,0.458836,0.405713,0.352539,0.379241,0.240164,0.4976,0.422778,0.457723,0.470858,0.432318,0.306497,0.469145,0.577811,0.415084,0.5011,0.576409,0.431732,0.54368,0.579424,0.357868,0.381818,0.406826,0.481253,0.445589,0.496122,0.427199,0.44298,0.623084,0.51127,0.393575,0.595118,0.457627,0.408924,0.603239,0.449744,0.423759,0.458435,0.436625,7.305,9.03916,6.98642,8.21673,6.20987,7.26353,8.19148,8.18872,8.25004,7.89363,9.5371,8.92036,9.37285,7.92649,8.6644,8.64707,8.14961,7.66979,8.75157,8.27617,7.25584,8.61688,8.33149,8.12194,7.6747,8.13399,7.83439,9.75301,8.89842,9.07423,8.1751,9.3697,8.32655,8.94921,8.05179,7.30696,8.67542,9.23275,7.70214,8.69433,8.6688,7.47556,8.43831,8.65616,8.08101,8.43592,3,3,0,3,4,14,20,13,10,3,3,6,7,3,3,11,5,2,10,4,11,8,6,6,5,2,1,1,0,1,21,9,18,14,13,0,2,1,11,4,5,2,7,5,3,14,9,16,10,11,2,4,5,4,2,4,2,0,1,13,9,13,9,2,3,1,9,7,13,7,3,17,10,14,14,7,4,9,5,2,1,8,8,4,8,7,6,3,5,2,2,18,22,18,19,15,23,21,30,2,8,14,11,7,3,2,5,2,4,6,4,4,3,12,5,3,6,7,8,0,4,0,4,4,4,2,1,3,19,8,18,13,14,14,13,7,17,13,13,23,13,16,13,22,16,19,19,3,5,4,6,7,5,3,5,11,19,16,18,6,4,10,8,20,19,10,18,18,14,21,12,13,23,12,13,11,15,10,15,7,6,8,4,5,1,5,1,1,8,4
188.32,0.999711,0.0128217,8,255,0,-130.095,9.49183,0.617026,0.15289,0.0351381,0.615975,-0.642789,-0.27925,-0.141328,-1.2429,0.209313,-0.441303,0.179049,0.235539,0.962886,1.28728,-0.852629,0.0398286,0.100511,0.107074,-1.08044,-1.00434,1.11383,0.263891,-0.902082,0.526096,-0.234123,-0.598199,0.0414319,-0.111034,-0.441924,1.04089,1.02371,0.502082,0.159447,0.184498,-0.0624058,-0.393023,-0.259182,0.396681,0.0429582,0.259586,0.0813104,-0.159163,0.759501,-0.825535,0.358194,-0.157002,0.502097,-0.44027,-0.0964046,0.270284,-0.160964,0.0920894,0.167802,-0.0668224,0.00497111,-0.0191589,-0.162168,-0.14806,0.156465,0.379869,-0.088786,-0.0480972,0.105423,-0.116756,-0.055003,-0.529089,-0.0747391,0.390292,-0.0956545,0.775543,0.100523,-0.385471,0.860248,0.0534813,0.283311,0.283554,0.433754,-1.46521,-0.68205,0.846701,-0.588935,0.660592,-0.551791,0.934835,-0.122872,-1.27708,-0.604021,-0.961358,0.8535,-1.01532,0.424986,0.222067,0.157272,-0.529696,-0.425767,-0.304963,0.668199,1.1921,-0.962296,0.095437,-0.618563,0.152709,0.945872,-0.536676,0.197991,-1.42925,0.560444,-0.361066,1.13498,-0.427763,0.246157,0.35601,1.22738,0.676983,0.546085,-0.372239,-0.532898,0.10939,-0.0200557,0.0122055,-0.0442983,-0.0166256,-0.240196,0.0745928,-0.137562,-0.0885651,-0.0585266,-0.0526639,-0.127739,0.0274244,0.0588181,-0.0189347,0.0900311,-0.343287,0.1744,0.307175,0.0665305,23.9609,0.498974,0.482028,0.518753,0.50815,0.504125,0.536215,0.493891,0.512878,0.494774,0.493125,0.471924,0.462496,0.524867,0.498837,0.497066,0.496875,0.531495,0.529282,0.467534,0.492298,0.526306,0.484649,0.506833,0.517454,0.498791,0.503241,0.512896,0.469655,0.470155,0.485349,0.495346,0.494615,0.501822,0.51147,0.507565,0.488423,0.498746,0.492424,0.497627,0.504646,0.477846,0.524078,0.489546,0.504583,0.485349,0.512848,0.499517,0.491531,0.508838,0.50384,0.501943,0.517084,0.497122,0.506068,0.497538,0.496761,0.486763,0.482306,0.511722,0.499452,0.498618,0.498528,0.514852,0.513807,0.484689,0.496371,0.512402,0.492766,0.503219,0.508225,0.49943,0.501527,0.506076,0.485691,0.485927,0.493096,0.497807,0.497463,0.500858,0.505404,0.503564,0.494546,0.499409,0.496431,0.498882,0.502189,0.489558,0.51135,0.495075,0.502159,0.493096,0.506054,0.496984,0.447332,0.554942,0.523947,0.512127,0.605078,0.482044,0.537801,0.484639,0.479797,0.418108,0.391287,0.572656,0.496582,0.491375,0.490812,0.591676,0.585351,0.405557,0.477368,0.576805,0.454972,0.520082,0.551159,0.496444,0.509528,0.537854,0.411607,0.413037,0.457017,0.486319,0.484171,0.505356,0.533679,0.522229,0.466009,0.496313,0.477737,0.493022,0.513656,0.435185,0.570378,0.469298,0.513471,0.457016,0.537713,0.501532,0.526831,0.472004,0.487827,0.493838,0.446021,0.509125,0.480769,0.507806,0.510268,0.541883,0.555891,0.462894,0.501737,0.504382,0.504668,0.453032,0.456322,0.548411,0.511504,0.46075,0.522922,0.489794,0.473942,0.501806,0.495159,0.480742,0.545259,0.544515,0.521877,0.506951,0.508043,0.497279,0.482871,0.488702,0.517288,0.501873,0.511316,0.503545,0.493061,0.533066,0.464069,0.515612,0.493155,0.521877,0.480814,7.93769,9.05319,6.97433,7.36532,7.47788,6.37173,8.31566,7.17665,8.0822,7.85631,9.42108,9.19504,6.76362,7.9424,8.20641,8.5617,6.81747,6.61127,8.73825,8.37047,6.99657,8.43069,8.19955,8.13254,7.6614,8.13645,7.80418,9.71825,8.93037,8.95836,8.26559,9.35265,8.39152,8.03999,7.38547,8.83298,8.61014,8.69532,8.32959,8.27482,8.66507,7.60568,8.46516,7.94782,8.08666,7.4603,3,6,3,4,4,19,15,10,15,7,1,3,3,5,4,2,6,6,2,6,6,6,7,11,6,2,1,5,3,2,11,24,17,19,21,7,2,2,11,10,7,1,7,2,6,6,6,6,7,3,5,1,4,2,5,3,1,3,0,10,9,6,4,2,0,3,11,13,12,20,12,7,5,8,6,8,10,12,3,1,5,8,4,4,7,6,5,2,2,9,1,12,11,13,9,17,13,22,28,2,3,12,6,12,5,2,3,4,5,7,5,8,5,8,17,12,3,3,2,2,6,3,0,2,1,2,0,1,6,8,9,23,15,8,16,12,19,17,21,12,18,14,16,23,15,16,18,9,4,3,7,4,1,4,1,4,10,12,10,5,7,11,9,15,17,11,22,14,18,14,28,12,31,15,24,17,24,16,16,12,13,6,20,13,9,4,4,4,6,7
183.347,0.922877,0.0128217,8,255,0,-116.783,8.95638,0.662431,0.150057,-0.0367628,0.618238,-0.723494,-0.708561,-0.0563718,-0.25563,0.0205588,-0.449336,-0.0582894,0.0141602,1.15307,1.03836,-0.488627,0.200903,0.572622,-0.0517136,-0.55399,-1.12208,0.994631,0.180612,-0.699524,0.600478,-0.0565841,-0.30931,0.0157533,-0.270543,-0.535311,1.25642,0.961336,0.749543,0.339569,0.542596,-0.0749131,-0.000579985,-0.178449,0.115617,0.335432,-0.495289,-0.0732532,0.245803,0.599531,-0.883366,0.366746,-0.546511,0.363409,-0.771379,-0.0411654,-0.148766,-0.221588,-0.0582732,0.0450656,0.220905,-0.0684807,0.143526,-0.110324,-0.120672,0.0609998,0.0857761,-0.0892961,-0.124956,-0.0464366,-0.09008,0.0510653,-0.36632,-0.0236695,0.374392,-0.0507356,0.800349,0.124192,-0.853461,0.77447,0.293508,0.542926,0.36307,0.0712714,-0.638116,-0.959839,0.744614,-0.926908,0.227533,-0.431251,0.922534,-0.15293,-1.04726,-0.268914,-0.707698,0.882106,-1.47598,0.142589,0.13198,0.063049,-0.431951,-0.0391835,-0.134613,0.603426,1.0633,-0.957328,-0.333015,-0.702642,0.379713,0.736005,-0.560664,-0.23716,-1.18783,0.605832,-0.120266,1.41246,-0.208554,0.742787,0.0472703,1.42372,0.449545,0.0859889,-1.01324,-0.0814908,-0.136689,-0.0520416,-0.06808,-0.121756,-0.0114786,0.302065,-0.110445,0.17497,0.0274949,0.0715143,0.130987,0.0113684,-0.0784459,-0.0617181,0.0726517,0.114566,-0.668333,0.242644,0.272495,0.0824383,19.3781,0.500828,0.486081,0.516287,0.515951,0.501269,0.505757,0.499537,0.510118,0.501313,0.499681,0.474056,0.476633,0.511002,0.495476,0.487107,0.501165,0.512473,0.525248,0.477616,0.495933,0.515748,0.486481,0.501274,0.506965,0.499645,0.506092,0.512053,0.471736,0.478364,0.483127,0.492354,0.487783,0.501687,0.500013,0.504019,0.497396,0.492447,0.511152,0.50165,0.494465,0.486502,0.519883,0.491742,0.512305,0.491817,0.517364,0.499531,0.507892,0.490765,0.490955,0.49928,0.496737,0.500262,0.494264,0.499256,0.500181,0.514716,0.513253,0.493762,0.502565,0.50731,0.49934,0.492928,0.485679,0.512695,0.502306,0.491071,0.507665,0.499278,0.496051,0.500201,0.496546,0.493166,0.516034,0.51227,0.509568,0.504335,0.506927,0.499044,0.499993,0.497722,0.501476,0.504282,0.493677,0.499065,0.503138,0.507653,0.488725,0.504682,0.493024,0.504639,0.490154,0.506142,0.398148,0.618582,0.616225,0.509418,0.542608,0.496565,0.574517,0.509738,0.497634,0.316342,0.33315,0.580924,0.466483,0.405475,0.50864,0.591519,0.679162,0.339675,0.469859,0.614796,0.400995,0.509453,0.551497,0.497368,0.545081,0.5885,0.301597,0.344683,0.377319,0.443506,0.410322,0.512514,0.500097,0.529781,0.480692,0.444188,0.582007,0.512237,0.459023,0.401147,0.643453,0.439028,0.590311,0.439577,0.626104,0.49777,0.537433,0.456225,0.457124,0.49658,0.484498,0.501247,0.47277,0.496464,0.500859,0.569493,0.562657,0.470394,0.512185,0.53468,0.496863,0.466445,0.432351,0.560044,0.510954,0.457668,0.536361,0.496568,0.481246,0.500956,0.483594,0.467573,0.575631,0.558053,0.545343,0.520587,0.532867,0.495456,0.499965,0.489177,0.507013,0.520336,0.469991,0.495557,0.514906,0.536304,0.446618,0.522233,0.466897,0.52203,0.453344,8.02478,9.04991,6.97522,6.78863,7.64413,7.44433,8.08055,7.25011,8.00319,7.71485,9.49315,9.10278,7.21071,8.26308,8.6341,8.28514,7.50616,6.57556,8.69794,8.24103,7.36024,8.66373,8.37328,8.23264,7.71644,7.92695,7.66147,9.68779,9.02555,9.08855,8.40042,9.27108,8.26188,8.42944,7.32016,8.54595,8.80942,7.9334,8.12477,8.67648,8.66278,7.54429,8.42767,7.51196,8.03764,7.28819,2,2,5,1,0,4,12,9,10,5,5,4,4,9,4,1,3,3,8,5,9,4,8,9,3,7,4,5,2,3,13,10,16,12,6,0,3,1,6,12,7,5,10,4,13,14,14,5,8,4,1,0,2,6,11,3,2,4,3,19,12,8,4,3,0,0,7,4,6,8,7,3,7,5,6,10,6,22,0,5,4,7,5,7,5,5,7,2,3,2,7,19,14,9,13,9,21,21,13,4,1,4,9,4,4,4,5,12,9,11,9,15,14,11,16,12,2,8,3,2,5,2,2,1,3,3,0,1,14,13,5,25,10,20,6,16,18,23,13,13,4,8,18,13,27,13,13,18,6,13,9,14,13,4,3,5,17,22,15,3,10,7,7,30,20,26,16,11,18,38,18,25,30,11,12,33,16,26,21,5,7,11,6,9,5,7,0,4,3,4
179.547,0.962033,0.0128217,8,255,0,-112.018,8.98044,0.593442,0.17539,0.12942,0.778365,-0.601399,0.828673,0.536909,-0.837542,0.11016,-0.352691,0.499317,-0.017254,0.885337,1.05205,-0.0868374,0.446799,0.173308,-0.284839,-0.208792,0.965548,0.820431,0.211288,-0.774997,0.532098,0.0529132,-0.275136,-0.0413974,-0.206761,-0.535403,0.887209,1.01473,0.714635,0.385993,0.255241,0.0685571,-0.512065,-0.740167,-0.478646,0.192212,0.343207,0.250332,-0.0697006,0.679443,-0.54765,0.27554,0.755896,-0.149903,-0.105609,-0.0836551,0.122444,0.146242,-0.0748094,0.101049,-0.26662,0.195478,-0.14562,0.127654,-0.145848,0.186477,-0.0116998,-0.142722,0.170762,0.138132,0.611482,-0.500737,-0.181614,-0.108625,0.350144,0.272122,0.677225,0.0945044,-0.792078,0.525045,-0.155169,0.0453654,0.0113061,0.588537,-1.32106,-0.378859,0.405509,-0.91101,0.65817,-1.17407,1.27617,0.0019173,-0.745933,-0.188251,-1.67301,0.783024,-0.0349706,0.110291,0.646915,0.0561062,-0.542625,-0.585043,-0.813618,0.856266,0.701004,0.132304,0.0539484,-0.741193,-0.25837,-0.076417,-0.176293,-0.691798,-0.769251,1.20644,-0.698229,0.919039,-0.503028,0.150758,0.338744,1.24314,0.337007,0.0907742,-0.236488,0.842296,-0.148817,-0.0749978,0.125815,-0.0450611,0.211376,-0.0160161,0.0511139,-0.0793006,0.120634,-0.00896806,-0.05409,0.1368,-0.0165016,-0.194539,-0.0795754,0.10123,0.347226,-0.61268,0.156088,0.0518444,21.1101,0.519774,0.616792,0.409086,0.624037,0.581348,0.374692,0.516834,0.446292,0.575743,0.497362,0.63213,0.655502,0.486728,0.567881,0.526469,0.456566,0.468125,0.64346,0.622854,0.532255,0.383694,0.580632,0.508088,0.458039,0.493672,0.468434,0.418876,0.632397,0.65033,0.607541,0.558735,0.53894,0.510479,0.422354,0.388743,0.427347,0.52935,0.552275,0.538194,0.489346,0.602398,0.417054,0.542023,0.61354,0.4771,0.483861,0.483804,0.403776,0.574722,0.397726,0.433189,0.603337,0.486213,0.544037,0.437817,0.50216,0.39095,0.371263,0.510869,0.4443,0.478318,0.535597,0.526114,0.381429,0.398715,0.473575,0.595818,0.433781,0.493376,0.534388,0.505182,0.52586,0.566625,0.390727,0.375635,0.411481,0.45183,0.468091,0.491419,0.563754,0.591611,0.559634,0.475957,0.457141,0.468703,0.508725,0.415755,0.568131,0.465561,0.406487,0.518757,0.513218,0.511233,0.567159,0.447984,0.571442,0.546473,0.427804,0.509561,0.469422,0.543236,0.498502,0.576253,0.590323,0.492463,0.538707,0.51504,0.475294,0.481883,0.583039,0.570741,0.518333,0.433128,0.546059,0.504593,0.476135,0.496407,0.48206,0.453657,0.576412,0.587185,0.561719,0.533457,0.522142,0.505951,0.455666,0.4361,0.458546,0.516679,0.529757,0.521717,0.49395,0.558708,0.452603,0.5239,0.565242,0.48699,0.490833,0.480187,0.382987,0.591088,0.37573,0.418495,0.625544,0.483133,0.553812,0.424111,0.502643,0.367623,0.344214,0.513298,0.431988,0.473479,0.543518,0.531937,0.356274,0.376915,0.467682,0.616525,0.419213,0.491896,0.542043,0.50634,0.531627,0.58128,0.367356,0.349393,0.392255,0.441151,0.460984,0.489501,0.577796,0.611468,0.572793,0.470593,0.447624,0.461732,0.510674,0.397407,0.583105,0.457896,0.386245,0.522944,0.516171,7.98503,9.09214,7.06118,9.0718,8.37569,6.78967,8.18041,7.348,8.41218,7.73564,9.30427,9.04701,7.65519,8.35161,8.2534,7.95431,7.59405,8.86823,8.70186,8.2973,6.94131,8.44997,8.25535,8.1511,7.70772,8.06415,7.68479,9.80422,9.00434,9.10825,8.49908,9.21425,8.3628,7.60271,7.262,7.64124,8.81319,8.59081,8.59252,8.11359,8.61965,7.56169,8.37153,8.9252,8.1563,7.71331,2,3,6,0,3,12,10,7,13,5,5,1,6,4,1,9,4,6,7,6,6,7,11,13,7,1,1,2,3,3,16,8,9,9,14,1,2,2,22,13,13,3,2,1,27,18,9,4,2,5,1,1,5,1,4,0,0,0,2,6,16,23,14,6,6,6,12,4,5,4,2,9,4,8,10,8,9,7,4,1,8,2,4,4,2,4,5,6,1,3,2,12,16,14,13,16,10,16,5,8,8,5,6,6,2,3,6,2,4,2,4,2,6,5,6,3,4,2,5,5,2,0,2,1,0,1,1,1,18,17,18,13,14,8,18,12,13,9,15,19,16,9,11,8,10,9,19,2,2,3,0,1,2,5,1,2,9,7,6,6,10,3,8,17,15,14,11,19,20,7,17,16,20,26,9,10,18,18,16,3,9,10,9,5,7,1,3,5,4,2
186.43,0.909521,0.0128217,8,511,0,-108.597,8.74748,0.626538,0.0813998,-0.315019,0.542624,-0.69895,0.516755,0.987168,-0.259482,0.260673,-0.836539,0.533013,0.0590943,1.02253,1.0683,-0.172792,0.0470126,0.616195,-0.855511,-1.08295,1.25105,1.03076,0.378984,-0.843938,0.52969,-0.129769,-0.529375,0.0339808,-0.504725,-0.732124,1.18553,0.824948,0.524539,0.0363551,0.614234,-0.0498312,-0.584192,-0.160086,-0.491529,-0.122176,-0.404873,0.339991,0.00572645,0.459786,-0.913175,0.41248,1.70665,0.28811,-0.764347,0.0289118,-0.0560313,-0.156441,-0.181884,-0.110082,0.147307,0.00573477,0.0474734,0.207808,0.0796499,-0.0404201,-0.016753,-0.0653644,-0.12818,0.0388924,0.106743,0.359835,-0.356745,-0.0251459,0.360268,-1.2825,0.784769,0.129995,-0.986101,0.933901,0.361128,0.410669,-0.190583,0.419393,-1.01107,-0.486767,0.98603,-0.669052,0.858776,-0.854384,0.994025,0.352852,-0.913371,0.0837095,-1.56002,0.186737,-0.987972,0.245007,0.513939,0.353145,-0.485532,-0.103793,-0.33416,0.794412,1.44128,0.142213,0.426748,-0.969015,-0.0232076,0.142961,0.300277,-0.529199,-0.305005,0.98231,-0.550196,1.46166,-0.237645,0.476389,0.160404,1.56248,0.375924,0.132718,-0.52908,-0.667313,0.00712412,-0.102428,-0.105127,0.109167,-0.0231202,0.0723692,0.0628724,0.124333,-0.158824,0.0174874,-0.155368,-0.0189952,0.0122719,0.131841,-0.125039,0.227382,0.0835894,-0.391631,0.370891,0.057345,20.0892,0.491594,0.514476,0.481357,0.513786,0.526319,0.493076,0.506956,0.477691,0.51422,0.501577,0.52726,0.528478,0.495389,0.501255,0.516438,0.477186,0.471133,0.533336,0.527479,0.510112,0.477494,0.514131,0.496537,0.485877,0.500907,0.486534,0.480473,0.531594,0.522,0.513994,0.50097,0.516385,0.49867,0.484416,0.495728,0.486886,0.49674,0.489197,0.509072,0.500153,0.512267,0.475651,0.511006,0.545417,0.507688,0.479614,0.471692,0.548659,0.437453,0.546353,0.587882,0.476674,0.523433,0.425309,0.547803,0.505316,0.590962,0.594937,0.484461,0.504229,0.555206,0.423641,0.403793,0.61068,0.591678,0.53404,0.424659,0.547507,0.488328,0.452522,0.503057,0.45472,0.434517,0.60506,0.573671,0.547047,0.50327,0.555032,0.495517,0.447639,0.485603,0.455898,0.489011,0.463642,0.530547,0.500515,0.541268,0.418583,0.537038,0.648878,0.525895,0.43167,0.493417,0.511337,0.485398,0.510797,0.520617,0.494578,0.505447,0.482526,0.511137,0.501235,0.521355,0.52231,0.496389,0.500982,0.512874,0.48213,0.477385,0.52612,0.521527,0.507919,0.482371,0.511067,0.497288,0.488939,0.50071,0.489454,0.484705,0.524754,0.517232,0.51096,0.50076,0.512833,0.498959,0.487794,0.496655,0.48973,0.497447,0.49154,0.507104,0.50012,0.509607,0.480926,0.508619,0.535604,0.50602,0.484033,0.530804,0.447072,0.568009,0.449578,0.404535,0.525383,0.4745,0.581179,0.448003,0.494214,0.401203,0.396904,0.516911,0.495397,0.439961,0.582986,0.604468,0.379905,0.400429,0.462962,0.581884,0.448324,0.512703,0.551645,0.496673,0.549256,0.571194,0.385969,0.419926,0.448823,0.496441,0.44015,0.504879,0.556949,0.515669,0.547976,0.51196,0.539557,0.466761,0.499439,0.455105,0.588466,0.459703,0.338861,0.471822,0.574282,7.80946,9.10354,6.93987,8.1956,8.68491,7.3947,8.26062,6.79752,8.6873,7.72449,9.52554,9.24107,7.48444,8.18423,8.62858,7.58194,7.01491,8.95775,8.73,8.38308,7.26212,8.68386,8.40753,8.0948,7.69849,7.93007,7.69475,9.60866,8.98937,9.01033,8.0284,9.25626,8.41578,7.93717,7.49497,8.03307,8.70929,8.12276,8.80448,8.54779,8.61151,7.59679,8.41775,9.75583,8.03519,7.34446,1,5,1,1,4,11,17,15,18,4,3,3,3,5,4,3,2,0,2,4,4,7,4,10,7,2,2,3,3,1,18,15,22,22,22,1,1,3,10,9,16,4,3,4,6,11,6,15,8,11,5,6,1,1,4,2,0,1,1,3,6,4,5,0,0,1,14,4,5,5,8,5,5,6,7,13,12,8,1,3,2,2,4,1,5,6,7,1,1,0,2,11,12,21,14,32,31,18,30,3,4,11,19,8,3,4,0,9,13,1,8,8,2,3,13,3,10,7,11,3,1,1,3,3,5,3,4,2,5,10,5,30,23,25,10,19,29,18,11,17,22,10,11,18,17,14,27,4,4,7,4,9,7,0,3,2,12,4,9,11,9,8,5,32,18,26,28,38,21,38,12,24,29,36,34,33,37,48,35,9,11,5,12,15,6,6,6,6,3,4
184.233,0.624352,0.0128217,9,1023,0,-110.613,9.14674,0.646567,0.234947,-0.489906,0.473132,-0.368218,0.26341,-0.478416,0.557554,-0.183688,0.316954,0.369532,0.243149,0.911243,0.481062,0.452083,-0.145154,-0.820279,0.221026,0.0962249,-0.791939,1.23997,0.0447706,-1.03448,0.366726,-0.191702,-0.630315,0.229321,-0.298666,-0.559448,1.36227,0.760351,0.441779,0.0319436,0.281546,-0.154642,-0.344461,0.328483,0.596022,-0.159216,0.854281,-0.185327,-0.116032,0.370964,-1.06399,0.185818,-0.663584,0.342206,0.60569,-0.0748906,-0.00794828,-0.0655597,0.208061,0.154211,-0.147077,0.054743,-0.0498284,0.149367,0.0130736,-0.051015,0.0446937,0.120806,0.0370887,0.158617,0.210376,-0.340292,-0.458839,-0.0283844,0.357212,2.00609,0.696427,0.106936,-0.57121,0.364316,0.534918,1.05139,1.05155,0.670415,-0.28991,-0.344412,0.921923,-0.968918,0.364582,0.0657891,1.21828,0.218419,-0.0617914,-0.792584,-0.596147,1.44831,-0.440192,0.520142,0.471543,0.0426501,-0.544855,-0.689261,-0.106016,0.851394,1.3513,0.308508,-0.346821,-1.14959,0.222997,1.14516,-0.378829,-1.38413,-0.0856439,-0.0648247,-0.418256,0.537498,0.0856244,0.312013,0.182504,1.02505,0.425458,1.26979,-0.115797,1.06958,0.0211952,-0.0792879,0.199394,-0.108087,-0.0511139,-0.0126419,-0.127236,-0.286177,-0.0997844,0.233269,-0.022791,0.0284523,-0.227501,-0.120205,0.110126,-0.045176,-1.11841,-0.431756,-0.154937,0.159825,22.2853,0.474257,0.524863,0.480644,0.51385,0.474859,0.52929,0.49034,0.516664,0.519425,0.512785,0.54778,0.525279,0.523759,0.492366,0.456965,0.511623,0.505061,0.458445,0.564848,0.502355,0.445806,0.519278,0.489919,0.466898,0.512059,0.484297,0.47061,0.571161,0.539905,0.523218,0.50168,0.514803,0.491868,0.481891,0.517269,0.531306,0.491627,0.544809,0.490254,0.493898,0.519501,0.444273,0.509772,0.465156,0.51799,0.531813,0.541582,0.459836,0.531285,0.477606,0.540611,0.452709,0.515622,0.473062,0.468604,0.479326,0.423093,0.459166,0.461616,0.512346,0.569334,0.481206,0.491815,0.566968,0.39605,0.496191,0.587109,0.468842,0.516303,0.553418,0.480501,0.525387,0.547451,0.386139,0.435673,0.462487,0.497282,0.476066,0.513153,0.529271,0.472084,0.449468,0.513542,0.427831,0.515761,0.50987,0.468483,0.58954,0.484197,0.556214,0.47092,0.448654,0.633652,0.370713,0.601524,0.426878,0.630664,0.348968,0.55118,0.412295,0.398124,0.432431,0.265194,0.368647,0.376222,0.540497,0.714514,0.438513,0.473121,0.708005,0.199919,0.487485,0.760783,0.398876,0.553396,0.669285,0.43623,0.58274,0.651513,0.178934,0.299352,0.37893,0.491069,0.421923,0.543131,0.595139,0.409174,0.339259,0.5444,0.277792,0.551633,0.532397,0.39774,0.766737,0.448231,0.677468,0.405469,0.336839,0.552684,0.449107,0.539662,0.471598,0.551457,0.440107,0.519817,0.465842,0.460198,0.473779,0.402891,0.448261,0.451357,0.515663,0.587626,0.476161,0.489615,0.584658,0.369267,0.495168,0.609841,0.460498,0.52068,0.567619,0.475267,0.532193,0.560094,0.357055,0.418658,0.452459,0.496552,0.469648,0.516686,0.537112,0.464603,0.436019,0.517179,0.408821,0.519993,0.512522,0.460044,0.612868,0.479954,0.571141,0.46313,0.434993,7.71738,9.09015,7.09564,7.73845,6.98105,8.05838,8.07992,7.8082,8.61116,7.73145,9.50267,8.72713,7.94872,8.07589,7.41803,8.78507,8.32693,6.6551,8.76756,8.31752,7.15133,8.60824,8.39875,8.15287,7.71707,8.01383,7.74266,9.73502,9.01749,9.01463,8.30418,9.21069,8.39438,8.23988,7.80612,9.21792,8.628,9.48638,8.1317,8.47744,8.61265,7.49194,8.46421,7.58092,8.05259,8.85671,2,1,1,0,3,9,2,5,6,6,3,10,35,27,30,19,21,23,10,10,7,20,15,16,24,1,1,2,2,0,11,5,7,10,11,3,2,1,7,13,12,6,5,3,22,28,29,2,4,4,2,3,1,1,4,2,1,3,4,20,25,27,18,2,8,6,5,4,3,4,1,15,4,4,3,8,5,2,1,0,3,0,2,2,2,1,1,4,7,3,2,6,6,8,10,16,28,14,15,10,5,1,6,0,2,3,1,3,5,3,4,2,7,2,12,20,1,2,3,1,1,1,2,1,3,6,2,2,4,5,6,11,13,8,6,9,7,10,5,9,6,7,4,7,7,17,10,5,4,1,0,7,1,5,3,6,6,4,5,6,3,4,6,4,3,9,5,10,6,3,8,3,1,4,7,3,6,8,7,5,8,4,7,16,17,14,2,3,1,3
183.497,0.99741,0.0128217,8,511,0,-97.3373,9.22035,0.469531,0.241083,0.505614,0.324581,-0.346559,1.11124,-0.125836,-0.260446,-0.0359894,-0.658833,0.0527637,0.379814,0.849052,0.775138,0.575653,0.258881,0.671492,-0.944577,0.312712,0.298777,0.942043,0.155069,-0.86686,0.575885,-0.273161,-0.204999,0.167824,-0.199602,-0.450594,0.713708,0.665139,0.37061,0.0401329,0.342093,-0.0736012,-0.168909,-1.30956,-0.613915,-0.229295,0.288151,-0.812838,-0.302595,0.433027,-0.952345,0.287725,-1.13248,0.206088,-0.133683,0.116471,0.107347,-0.351897,-0.0390266,-0.190192,0.182485,0.188369,0.0460967,0.186189,-0.373746,0.268609,-0.114479,0.0230796,-0.0856847,0.109963,0.726893,-0.503695,-0.39881,-0.077051,0.3614,-0.290333,0.770458,0.106568,-0.976933,0.147368,0.632412,0.441966,0.972079,0.698828,-0.993458,-0.860495,0.441375,-0.679047,-0.312886,-1.02253,1.05899,-0.481881,-0.298435,-0.458926,-1.44236,1.34077,-0.656942,0.478372,0.831888,-0.0877819,-0.493669,-1.34891,-0.162075,1.07758,1.43194,-0.370102,0.414501,-1.48212,0.605141,0.164718,-0.420429,-1.10246,0.636663,0.695118,-0.716333,0.46559,0.438661,-0.122829,0.239386,1.00308,0.590815,0.971568,-0.248479,0.304106,0.0183599,-0.129993,-0.146517,-0.00874623,-0.029352,-0.0453737,0.00474836,0.217075,0.0944232,0.120791,-0.047788,0.147804,-0.00748527,0.21766,0.0328097,0.25787,-0.417838,-1.06543,-0.148964,0.115171,24.5584,0.590861,0.558712,0.437353,0.69163,0.477149,0.452812,0.49346,0.382512,0.509587,0.568586,0.649574,0.637249,0.603109,0.546906,0.619659,0.334788,0.556584,0.554082,0.664801,0.52815,0.347485,0.60315,0.450523,0.462816,0.53046,0.463791,0.418841,0.626865,0.61857,0.566944,0.507293,0.561848,0.486628,0.469344,0.278502,0.390253,0.458428,0.552173,0.356441,0.445232,0.578048,0.333532,0.552097,0.305087,0.537381,0.475726,0.436673,0.459218,0.54353,0.363611,0.515841,0.532749,0.504532,0.58221,0.493356,0.452318,0.394684,0.403613,0.428015,0.467447,0.41624,0.616751,0.460703,0.462448,0.383551,0.480483,0.607456,0.427987,0.534343,0.525791,0.47888,0.525113,0.556498,0.411083,0.417018,0.453466,0.494946,0.457029,0.509267,0.521257,0.659174,0.576696,0.528842,0.463778,0.600949,0.53803,0.445687,0.617675,0.463832,0.638861,0.474072,0.516828,0.447379,0.466146,0.536138,0.385962,0.513142,0.527179,0.503759,0.56839,0.494489,0.460408,0.412227,0.41973,0.440156,0.472984,0.430313,0.597409,0.467381,0.46883,0.402846,0.483807,0.589575,0.440132,0.528503,0.521401,0.482476,0.520838,0.54693,0.425994,0.430964,0.461363,0.495808,0.464326,0.507688,0.517637,0.633482,0.56378,0.523934,0.469936,0.584102,0.531567,0.454889,0.598189,0.469981,0.616139,0.478485,0.513961,0.368491,0.414397,0.591274,0.234344,0.533467,0.56893,0.509585,0.668617,0.48595,0.400192,0.288106,0.304523,0.351303,0.431479,0.328401,0.732311,0.417469,0.421084,0.268219,0.45879,0.71577,0.351247,0.572249,0.554387,0.455418,0.552966,0.617766,0.318559,0.329896,0.402548,0.489312,0.409877,0.519594,0.544869,0.801427,0.65793,0.560772,0.423846,0.703917,0.579907,0.386663,0.73393,0.423957,0.769692,0.445327,0.535547,8.74936,8.99697,7.03968,9.14181,7.30328,7.14246,8.09288,6.66806,8.20888,7.90739,9.52415,9.06926,8.14057,8.45518,8.93657,7.38985,8.51944,7.81071,8.5742,8.32127,7.11396,8.83294,8.28274,8.21514,7.65431,7.89841,7.59894,9.74701,8.93893,8.95604,8.18389,9.22463,8.42534,8.40727,6.27185,7.87685,8.64903,8.95349,7.16895,8.24761,8.66292,7.47655,8.47972,6.7918,8.08756,7.986,4,1,1,1,3,5,8,1,8,10,11,9,24,21,19,23,14,21,12,14,18,9,10,11,8,1,0,1,1,2,3,6,2,6,6,3,2,3,8,5,6,1,4,10,20,29,25,3,4,3,1,0,1,2,1,3,2,0,3,21,23,23,30,5,2,0,7,9,3,2,2,2,6,4,8,8,5,6,2,4,3,0,0,2,1,2,0,3,9,14,10,5,7,14,15,9,14,16,16,16,8,6,4,4,2,1,2,9,5,4,3,4,6,6,4,10,6,3,4,5,1,2,7,1,5,2,5,2,9,8,9,10,7,18,5,8,6,8,12,10,3,10,11,8,9,4,5,3,1,2,4,2,4,3,2,1,3,1,2,3,7,7,9,5,3,0,2,7,3,5,6,4,2,4,6,3,4,4,10,5,7,4,1,3,7,12,7,2,1,0
184.398,0.959137,0.0128217,9,511,0,-116.14,9.37722,0.593057,0.172468,-0.444291,0.808542,-0.796734,-0.643987,0.222372,0.60772,-0.20251,-0.276627,0.331465,-0.0359033,0.772458,0.6172,0.268219,-0.339467,-0.6669,0.443268,0.00016997,0.0993047,0.995346,-0.140923,-1.27138,0.113309,0.176073,-0.953916,-0.0942383,-0.648907,-0.828611,0.596998,0.411245,0.289705,-0.209211,0.0816911,-0.275621,-0.4465,0.790474,1.42672,0.128392,-0.285098,0.224583,0.255143,0.176133,-0.517827,0.0197828,0.378676,-0.0367471,0.00430577,0.152675,0.0364156,0.206671,0.165009,0.0163705,0.146676,-0.308251,0.11024,-0.252111,0.0940725,0.283441,0.231433,0.315401,0.0669902,0.195205,0.283881,0.189649,-0.440572,-0.102795,0.348968,0.604799,0.588124,0.178937,-0.500826,0.629579,0.00932455,0.880508,0.346024,0.301808,-0.952599,-0.819819,0.201113,-0.635016,0.638301,-1.29722,0.944336,-0.186634,-0.0579051,-0.602408,-0.611089,0.541203,-0.340747,-0.18937,0.274554,0.184198,-1.37785,0.116983,-0.0489338,0.901013,1.03236,0.277122,-0.0103255,0.0153919,0.159598,0.632231,-0.270277,-0.557351,-1.54068,0.138724,-0.481984,0.997551,-0.927615,0.103807,0.179021,0.97634,0.249651,-0.506623,-0.297458,-0.490725,0.0651999,0.0456505,-0.193024,-0.0353129,0.186344,-0.293669,0.213494,-0.0760682,0.00950097,0.210094,-0.13854,0.0690448,0.173851,-0.03254,0.0533754,0.0597955,-1.03443,-0.0923781,0.174486,0.113977,17.076,0.46851,0.557132,0.443695,0.454423,0.515777,0.543023,0.485632,0.480378,0.523507,0.497452,0.554603,0.543691,0.519026,0.475927,0.452811,0.531417,0.500012,0.507047,0.570174,0.49,0.410736,0.508041,0.512493,0.432711,0.493312,0.454077,0.441463,0.542268,0.529153,0.520549,0.485157,0.505797,0.480449,0.468354,0.555866,0.599893,0.509111,0.479778,0.515933,0.5181,0.512498,0.463316,0.501404,0.526849,0.497392,0.500306,0.478948,0.53826,0.462297,0.469505,0.510542,0.528781,0.4904,0.486888,0.51571,0.498298,0.536559,0.529229,0.512714,0.483911,0.468423,0.521004,0.500008,0.504708,0.547052,0.493319,0.440011,0.505372,0.508347,0.454896,0.495532,0.469273,0.460794,0.528275,0.519488,0.513732,0.490082,0.503873,0.486935,0.478843,0.537408,0.567234,0.506087,0.486486,0.510646,0.512095,0.50835,0.475468,0.500938,0.517946,0.498258,0.500204,0.612916,0.302298,0.69512,0.660643,0.442745,0.347818,0.55218,0.571054,0.415111,0.509284,0.310228,0.345597,0.431078,0.586898,0.665936,0.387335,0.499956,0.474342,0.263158,0.536379,0.788375,0.470731,0.454592,0.728447,0.524351,0.661783,0.702063,0.350338,0.395224,0.425636,0.553893,0.478887,0.570799,0.613459,0.306254,0.186056,0.466846,0.573199,0.442181,0.434398,0.454576,0.630801,0.494884,0.403305,0.509502,0.498886,0.510259,0.481336,0.518392,0.514868,0.494865,0.485969,0.504677,0.506388,0.492346,0.500829,0.482168,0.48575,0.493806,0.507839,0.515397,0.489764,0.499996,0.497707,0.477029,0.503255,0.529328,0.497383,0.495934,0.522016,0.502176,0.514982,0.519127,0.486216,0.490504,0.49331,0.504831,0.498113,0.506365,0.51031,0.481752,0.467098,0.497035,0.506584,0.494814,0.494108,0.495932,0.511957,0.499543,0.491256,0.500849,0.499901,8.01444,8.98163,6.96524,7.12814,8.01396,8.4105,8.20082,7.50043,8.81278,7.74816,9.46588,9.10681,8.06114,8.12231,7.72294,9.12716,8.47184,7.88731,8.8093,8.2642,7.16356,8.58828,8.33082,8.15029,7.68813,8.08191,7.89702,9.70487,8.89488,8.96913,8.19392,9.33783,8.38734,7.69012,8.60428,9.61745,8.76416,7.85622,8.98081,8.41219,8.65293,7.61672,8.42959,8.79893,8.034,8.4761,3,5,3,7,5,12,30,13,14,13,5,5,3,12,6,12,5,3,7,8,8,8,9,17,14,4,0,3,0,1,6,3,11,11,10,0,2,2,17,12,8,5,6,4,9,13,15,4,6,6,3,4,8,3,2,5,3,5,3,5,9,6,11,3,5,7,4,4,8,4,7,5,7,8,4,5,8,10,0,2,2,5,6,3,3,5,6,4,6,3,5,22,13,9,15,17,19,16,15,6,7,5,12,13,3,5,7,7,4,2,8,4,5,11,11,9,1,3,5,2,1,4,2,1,0,3,2,0,7,3,12,11,7,10,23,20,18,5,8,12,9,12,5,10,9,12,9,11,5,11,11,7,6,2,2,1,6,4,8,4,10,4,13,19,16,14,9,5,8,10,17,6,8,16,8,10,6,7,6,6,17,2,4,2,2,2,3,5,7,5
193.432,0.99198,0.0128217,8,255,0,-114.817,9.31646,0.512607,0.109359,-0.884063,0.759869,-0.714421,0.192317,-0.170726,0.425761,-0.176846,-0.484293,-0.00613068,0.044161,0.903652,0.700957,-0.40982,-0.0465131,0.401538,0.505535,0.111629,0.928998,1.01733,-0.0781145,-1.23156,0.0506057,0.250019,-0.499537,-0.0713782,-0.698141,-1.06726,0.901857,0.504471,0.545337,-0.141067,0.00381306,-0.133768,0.389286,1.43508,-0.371683,-0.149049,0.122304,0.516398,0.175204,0.321675,-0.609233,0.075343,-0.118891,-0.139502,-0.129863,0.00736525,0.0244495,-0.0297492,-0.0816419,-0.0587918,-0.0228108,-0.0783885,-0.0429487,-0.0686705,-0.0110614,-0.189248,-0.206164,0.14138,-0.190256,0.0187338,0.486379,0.1151,-0.250042,-0.138505,0.361086,0.617138,0.724835,0.253441,-0.386236,0.538745,-0.000534125,0.157131,0.304515,-0.192849,-1.41906,-1.16846,0.921615,-0.727371,0.833093,-0.381791,0.802535,0.118695,-0.663494,0.124896,-1.98961,0.600478,-0.338297,0.388006,0.318253,-0.0985087,-1.09274,-0.650597,-0.0577669,0.726392,0.902554,-0.792388,-0.243029,-0.341513,0.0722582,0.511246,-0.428093,-1.23832,-1.00486,0.449583,0.00342356,0.852706,-0.321712,-0.0486878,0.351465,1.0665,0.607527,0.361534,0.163752,0.105438,-0.0397841,0.00371769,0.174769,0.228609,0.0398933,0.444448,0.300829,-0.568323,-0.127912,0.135358,-0.163925,0.0929058,0.0464746,-0.190899,-0.24586,0.0259673,-0.617371,-0.210113,0.284787,0.0977743,19.9726,0.394129,0.591359,0.413994,0.523368,0.479253,0.551586,0.47851,0.441383,0.499255,0.50537,0.608144,0.584417,0.450332,0.494344,0.54867,0.561163,0.51357,0.611078,0.621238,0.490503,0.354572,0.506153,0.530364,0.439556,0.491322,0.415916,0.373064,0.607936,0.561035,0.565924,0.482854,0.500464,0.48374,0.547194,0.667743,0.454928,0.481884,0.514867,0.562463,0.521291,0.539034,0.426458,0.50916,0.485547,0.483044,0.484215,0.474583,0.521851,0.479454,0.505534,0.495088,0.512249,0.494911,0.486068,0.499824,0.501271,0.525979,0.520159,0.48821,0.498662,0.511552,0.514543,0.503212,0.526706,0.52924,0.497752,0.464621,0.501456,0.507194,0.48563,0.497946,0.479922,0.469328,0.525928,0.514512,0.515687,0.495941,0.50011,0.496151,0.5112,0.541201,0.489306,0.495711,0.503519,0.514855,0.505041,0.509255,0.482476,0.502168,0.496579,0.495986,0.496263,0.633159,0.384824,0.608512,0.470352,0.526326,0.434663,0.527268,0.574195,0.500946,0.493184,0.364036,0.39347,0.562917,0.507178,0.438341,0.422602,0.482778,0.360421,0.347949,0.512054,0.681425,0.49219,0.461488,0.576495,0.511015,0.606115,0.659012,0.364293,0.422762,0.416617,0.521759,0.499411,0.520634,0.440204,0.291941,0.557116,0.522988,0.481132,0.420966,0.472985,0.450514,0.592938,0.488373,0.518342,0.521518,0.520033,0.546305,0.46017,0.537457,0.489899,0.508967,0.47765,0.509288,0.525417,0.500322,0.49768,0.452675,0.463246,0.521514,0.502443,0.47892,0.47347,0.494137,0.451356,0.446764,0.504103,0.564333,0.497342,0.48687,0.526216,0.503749,0.536606,0.555827,0.452768,0.473526,0.471386,0.507409,0.4998,0.507026,0.479563,0.425184,0.519514,0.507829,0.493576,0.472901,0.490798,0.483109,0.531958,0.496042,0.506245,0.507327,0.506821,7.44007,9.01122,6.97584,8.45707,7.55308,8.18672,8.15487,7.22005,8.37204,7.78138,9.43951,9.12289,7.29912,8.32913,8.76929,9.01723,8.49715,8.72056,8.81412,8.25976,7.07219,8.43232,8.47002,8.14683,7.65862,8.08886,7.69768,9.79626,8.91438,9.05948,8.19288,9.27322,8.33815,8.61793,9.77416,7.80957,8.6473,8.33434,9.3787,8.39054,8.72028,7.55738,8.4228,8.21644,8.10695,8.24058,2,3,4,3,2,15,10,8,19,3,7,5,4,5,2,2,3,1,8,4,5,7,5,4,7,1,1,1,0,1,17,19,21,16,16,3,1,3,7,2,7,4,6,5,6,15,10,8,14,5,6,4,7,4,4,2,4,2,0,14,7,8,10,7,7,4,14,11,11,8,12,5,14,9,8,10,8,6,1,0,2,0,4,8,7,6,3,4,4,1,10,20,11,10,19,13,23,20,27,3,2,10,7,4,2,3,1,7,11,5,7,11,2,3,10,11,6,4,2,1,0,1,6,6,4,1,1,1,11,6,6,12,11,15,20,11,12,21,8,18,14,17,10,19,10,13,18,6,9,6,3,11,4,8,2,7,12,2,6,8,8,7,9,21,16,22,29,15,38,17,25,16,19,12,20,22,31,13,22,21,4,13,14,5,4,4,8,6,11,11
186.471,0.998291,0.0128217,8,255,0,-126.096,9.05186,0.479812,0.295163,0.58239,0.867416,-0.776509,0.254186,0.512205,-0.408508,-0.30316,0.425268,0.019656,-0.103704,0.766567,0.630369,0.596251,-0.0813445,-0.766784,-0.227802,0.117586,-0.819853,0.710196,-0.129531,-1.08384,0.424257,0.232915,-0.25299,-0.202822,-0.419727,-0.708789,0.0228298,0.637955,0.445855,-0.25668,0.122386,-0.215334,-0.347185,-1.43847,0.565278,0.239856,-0.0644672,-0.255997,0.159904,0.32316,-0.317636,-0.0533932,0.193092,-0.199439,0.411088,-0.0404281,-0.0112599,-0.0322775,0.234704,0.00565971,0.0530813,-0.0405144,0.101089,-0.327645,-0.0833565,0.772693,0.126722,0.269886,0.0468967,0.335675,0.751671,0.109763,-0.245262,-0.15239,0.358287,0.537711,0.633184,0.274761,-1.28494,0.701638,0.287439,0.22025,0.445651,0.798826,-0.463419,-0.318919,0.578968,-1.23242,0.840711,-0.802676,1.20362,-0.3298,-0.170938,-0.499966,-0.716416,1.13527,-0.38099,0.172986,0.0122857,-0.0141635,-0.475263,-0.978913,-0.523405,0.638131,1.13782,0.0797409,0.246358,-0.452018,0.222139,-0.102928,0.287828,-0.90121,-0.999029,0.527394,-1.05066,1.17985,-0.132331,0.507415,0.165422,0.950086,0.407327,0.123577,-0.544154,0.24831,0.0870901,0.599594,0.351594,0.263858,0.114106,-0.380758,0.266729,-0.231548,0.0245646,0.00270555,0.253273,0.161872,0.454064,0.0225773,-0.0137586,0.0915635,0.0778224,-0.0173871,-0.0248926,0.0113947,21.0251,0.607726,0.657464,0.358086,0.547621,0.595081,0.423832,0.443276,0.579242,0.503694,0.480522,0.640194,0.61629,0.610208,0.484719,0.359768,0.457296,0.522082,0.350633,0.630377,0.475678,0.306892,0.579057,0.543657,0.452601,0.46196,0.421774,0.36987,0.50429,0.617637,0.583009,0.451914,0.522982,0.459623,0.435126,0.253269,0.604656,0.544951,0.487888,0.452042,0.530013,0.560431,0.440592,0.489968,0.536222,0.462592,0.576642,0.515976,0.523785,0.478705,0.506975,0.514052,0.488792,0.491682,0.511668,0.500539,0.497154,0.521023,0.517291,0.516356,0.497768,0.478971,0.493749,0.503227,0.477518,0.519478,0.496446,0.470294,0.51164,0.506391,0.493058,0.494435,0.488484,0.48056,0.500626,0.517499,0.512232,0.492957,0.503358,0.494091,0.490474,0.460609,0.515507,0.506581,0.498231,0.492976,0.504388,0.508867,0.491285,0.498535,0.505298,0.494527,0.511279,0.511329,0.51687,0.484897,0.504945,0.509964,0.492053,0.494102,0.508273,0.500382,0.497982,0.51491,0.512262,0.511598,0.498417,0.485086,0.495568,0.502288,0.484055,0.513814,0.49748,0.478926,0.508253,0.504531,0.495078,0.496054,0.491835,0.486214,0.500444,0.512409,0.508674,0.495006,0.502381,0.495811,0.493246,0.472043,0.510996,0.504666,0.498746,0.49502,0.503111,0.506287,0.493821,0.498961,0.503757,0.49612,0.507997,0.497469,0.49623,0.503375,0.498895,0.497774,0.501776,0.501318,0.498151,0.499915,0.500451,0.496668,0.49726,0.497408,0.500354,0.503333,0.50099,0.499489,0.503564,0.496913,0.500563,0.504711,0.498156,0.498988,0.5011,0.500882,0.501824,0.503081,0.499901,0.497227,0.498062,0.501116,0.499468,0.500936,0.501509,0.506252,0.497543,0.498957,0.50028,0.501113,0.499305,0.498595,0.501381,0.500232,0.499161,0.500867,0.498213,8.94995,8.98167,6.97464,8.33094,8.44538,7.39317,8.1149,8.34627,8.30732,7.7415,9.45383,9.00451,8.54105,8.19176,7.58711,8.31899,8.41937,6.92556,8.67049,8.31341,7.05258,8.76979,8.25972,8.16123,7.62813,8.11049,7.78154,9.6766,9.01313,9.08917,8.16801,9.32899,8.33324,7.59629,6.41194,8.63893,8.63285,7.91952,8.29746,8.17623,8.65439,7.63004,8.40052,8.68251,8.09863,8.75477,3,4,0,2,4,8,16,9,10,9,7,3,4,11,15,10,14,9,5,8,8,11,13,10,3,5,4,7,2,4,7,14,9,9,16,1,0,0,16,6,3,0,5,2,24,21,15,7,2,4,9,1,5,3,4,5,1,2,4,12,18,11,6,5,4,2,5,4,8,5,6,7,8,4,4,3,8,8,5,4,1,3,2,2,0,2,1,3,3,3,3,6,10,4,12,6,15,6,13,11,4,14,8,12,1,4,3,5,3,6,6,6,3,3,5,3,6,12,11,3,4,3,4,0,1,0,3,1,7,8,11,14,15,19,17,15,15,8,6,13,21,16,15,21,14,14,10,0,2,1,2,1,1,3,4,7,5,8,3,6,3,5,2,11,11,5,15,9,11,6,6,7,23,8,7,12,11,15,1,4,6,6,6,4,5,4,3,3,3,3
188.855,0.998665,0.0128217,8,255,0,-127.725,9.1032,0.640553,0.371225,1.53052,0.810461,-0.804227,-0.0542637,-0.148741,0.101291,-0.224554,-0.0596667,-0.150036,-0.0328862,0.687254,0.699962,-0.219221,-0.037839,0.170476,0.51013,1.02599,-0.0868914,0.830225,-0.175088,-1.0688,0.231227,0.119883,-0.224383,-0.126492,-0.67586,-0.928142,-0.0103252,0.546699,0.217275,-0.202982,0.444072,-0.333101,0.000694363,-1.34848,0.841719,0.428871,0.728049,-0.263295,0.351388,0.290483,-0.5114,-0.0767939,0.705476,-0.140273,0.504459,0.0740477,-0.0647867,-0.140738,0.26612,-0.106246,-0.184393,-0.0370097,0.0751153,-0.413605,0.219014,0.945182,0.0424911,0.213424,0.054436,0.460397,0.642804,-0.353204,-0.244555,-0.106696,0.347778,0.545203,0.615984,0.2168,-0.776957,0.362268,0.296355,-0.105409,0.313891,0.444003,-1.26052,-0.711249,0.644084,-0.676853,0.758843,-0.696069,1.17393,-0.112448,-0.548499,-0.553864,-1.12937,0.861251,-0.22872,0.29652,-0.0215102,-0.0946389,-1.16453,-0.851482,-0.581432,0.6957,0.873144,-0.0301853,0.186721,-0.342596,-0.257946,-0.418431,0.236882,-0.758304,-1.29069,0.316237,-0.840913,0.969943,-0.477919,0.169043,0.0737432,1.12781,0.478174,-0.093336,-0.14883,-0.848167,-0.131399,0.486736,0.130334,0.163199,0.142474,-0.216431,0.187451,-0.201933,0.264569,0.205776,-0.0250862,0.250891,0.229703,0.00196629,0.0208094,0.0890384,0.290279,-0.557736,0.0653504,0.0281324,19.1488,0.727866,0.627374,0.373563,0.491281,0.476115,0.516272,0.463977,0.490413,0.475908,0.494715,0.608681,0.610624,0.464829,0.49392,0.527368,0.581252,0.65915,0.48604,0.630339,0.471893,0.334694,0.53709,0.519256,0.464004,0.479684,0.393065,0.355119,0.498341,0.586962,0.53486,0.467427,0.570882,0.446674,0.500112,0.295919,0.632059,0.568487,0.614908,0.457789,0.55623,0.546546,0.41855,0.487662,0.611467,0.477473,0.580364,0.368051,0.42892,0.57054,0.504791,0.513131,0.491057,0.519818,0.505268,0.513245,0.502904,0.439611,0.438506,0.519348,0.503341,0.484951,0.455076,0.410383,0.507672,0.427211,0.515456,0.593272,0.479594,0.489416,0.519803,0.511168,0.559397,0.58123,0.500912,0.451875,0.480824,0.517916,0.460868,0.529379,0.499939,0.616871,0.426218,0.462202,0.436064,0.523232,0.469012,0.474372,0.545035,0.506781,0.438026,0.512384,0.455573,0.609278,0.558545,0.441901,0.496062,0.489208,0.50735,0.48371,0.49567,0.489114,0.497613,0.549709,0.550622,0.484097,0.497254,0.512369,0.536953,0.57391,0.493695,0.559959,0.487297,0.423053,0.516774,0.508699,0.483722,0.490822,0.45111,0.43305,0.499251,0.539591,0.515762,0.485274,0.532182,0.475846,0.50005,0.403372,0.560781,0.531083,0.552638,0.480902,0.525478,0.521068,0.462956,0.494427,0.551018,0.489822,0.536543,0.298673,0.38888,0.610294,0.507566,0.520728,0.48588,0.53127,0.508319,0.520908,0.504585,0.40533,0.403622,0.530529,0.505276,0.476248,0.429346,0.360722,0.512113,0.386263,0.524394,0.644766,0.467804,0.48329,0.531246,0.51763,0.593138,0.6266,0.50144,0.424357,0.469742,0.528272,0.438396,0.546313,0.499903,0.679635,0.384745,0.440484,0.399857,0.536646,0.451161,0.459585,0.570827,0.510706,0.402882,0.519549,0.430122,10.0336,9.06672,6.92234,7.88293,7.66402,7.94767,8.24186,7.76507,8.13984,7.79545,9.53946,9.10283,7.58409,8.26711,8.68996,9.33924,9.46998,7.73418,8.77247,8.29796,7.10203,8.57232,8.28528,8.14899,7.68926,8.0258,7.74141,9.6524,8.92964,9.00747,8.26633,9.38942,8.38326,8.15007,6.42355,9.10195,8.71202,8.97378,8.49274,8.54776,8.63949,7.56962,8.40945,9.29559,8.09002,8.88185,8,2,2,6,6,5,10,6,6,3,7,7,8,9,4,10,9,8,4,9,4,7,7,8,8,2,0,2,6,5,18,11,10,10,11,1,0,3,14,6,12,4,2,4,17,11,7,3,9,2,0,3,3,3,2,2,1,2,3,12,9,5,12,2,4,6,8,2,8,13,8,5,2,2,0,3,0,5,3,1,1,1,2,0,2,1,0,3,3,1,2,8,11,10,14,9,14,11,13,2,4,11,9,11,5,6,3,2,2,3,6,9,4,3,3,3,5,6,11,3,3,8,0,1,1,0,1,0,15,3,17,23,18,12,21,20,15,23,13,7,13,17,8,7,28,26,17,2,2,2,3,2,4,1,5,2,3,8,11,8,5,6,3,23,7,19,10,13,18,11,12,13,16,10,25,10,13,19,17,8,6,11,7,4,5,3,9,6,4,7
174.903,0.758989,0.0128217,9,511,0,-127.406,9.55358,0.558012,0.599762,-1.16238,0.443567,-0.7631,-0.154747,0.732424,-0.186025,-0.0795364,-0.466292,0.542546,-0.10168,0.568857,0.736958,0.12175,0.00283864,-0.539171,-0.950558,-0.732786,-0.437511,0.518316,0.123199,-0.792582,0.181973,-0.127978,-0.357583,-0.227713,0.116536,-0.112991,0.790248,0.603844,0.250709,0.0920794,-0.561444,-0.302833,-1.21214,0.528032,-0.733819,0.0141675,-0.700253,-0.190103,-0.0506723,0.361523,-0.781705,0.192381,0.337117,0.820968,-0.846633,-0.0578533,-0.12378,-0.648058,0.00191834,0.143728,0.2485,-0.0723991,0.892955,-0.614016,-0.897672,-0.239303,0.891541,0.14473,-0.751411,0.241035,1.00092,0.514179,-0.707452,-0.152403,0.373572,1.16,0.582073,0.360926,-0.186547,0.369653,-0.108549,0.994861,-0.0386354,0.125836,-0.869565,-0.726383,0.935106,-1.06082,0.552746,-0.285427,0.847497,-0.0629128,-0.0622484,-0.662113,-1.18305,0.525261,-0.506798,0.606404,0.267885,0.675946,-0.891162,-0.0624767,-0.881861,0.622024,0.681053,0.729671,0.371913,-0.289179,0.157387,0.405801,-0.329162,-0.864159,-0.271088,0.258718,0.28043,0.771459,-0.242301,0.149072,0.757326,0.744764,1.05423,0.307321,-0.413597,-0.0112339,-0.36831,-0.793455,-0.325537,-0.313626,0.164159,0.322675,-0.0251627,0.37161,-0.41455,0.399532,-0.0564824,-0.289788,-0.560569,0.0206038,0.0698724,-0.100275,-0.732539,-0.208253,0.309581,0.214759,18.6983,0.238041,0.609206,0.317821,0.461355,0.675485,0.453585,0.480108,0.385392,0.632521,0.474578,0.63862,0.676479,0.530428,0.50071,0.368265,0.278596,0.324436,0.392238,0.626866,0.530789,0.311458,0.54541,0.46802,0.411465,0.443265,0.529128,0.471756,0.688041,0.646663,0.562408,0.523025,0.363094,0.424797,0.229125,0.629138,0.324209,0.503545,0.331613,0.452574,0.487323,0.58949,0.313797,0.547991,0.583566,0.694602,0.299976,0.354877,0.556772,0.403147,0.480119,0.593052,0.476106,0.489777,0.440346,0.569293,0.486933,0.572607,0.593615,0.515645,0.500365,0.431133,0.380186,0.406903,0.443996,0.566235,0.515831,0.399505,0.523375,0.483555,0.454164,0.470762,0.514976,0.48548,0.600207,0.577003,0.532183,0.511834,0.428326,0.461151,0.349041,0.567462,0.406775,0.501821,0.410946,0.475583,0.493487,0.546338,0.400847,0.524709,0.543226,0.603991,0.392856,0.700879,0.419475,0.636221,0.528309,0.368995,0.534015,0.514562,0.584574,0.401928,0.518613,0.397304,0.368222,0.477718,0.49948,0.597477,0.667372,0.631066,0.579445,0.406202,0.477453,0.641205,0.466724,0.52342,0.565114,0.541606,0.478671,0.520681,0.359189,0.391184,0.454215,0.483143,0.601395,0.555233,0.708465,0.404487,0.631242,0.497405,0.625501,0.534758,0.509279,0.434177,0.63937,0.464827,0.438574,0.354026,0.650262,0.560223,0.476923,0.539646,0.508056,0.461941,0.509684,0.504141,0.524258,0.471783,0.505294,0.470418,0.461707,0.493662,0.499852,0.528042,0.549328,0.538077,0.522763,0.473041,0.493586,0.541171,0.490527,0.506663,0.518608,0.511853,0.493933,0.505882,0.45895,0.468603,0.48695,0.495206,0.529197,0.515761,0.562775,0.472537,0.538131,0.499262,0.536393,0.509896,0.502638,0.481187,0.540608,0.489985,0.482456,0.457362,0.543965,6.70321,9.07148,6.97919,7.05039,8.93035,7.72966,8.07444,7.36275,8.91323,7.84059,9.54992,9.16414,8.13468,8.20615,7.47271,7.57122,7.24603,7.40026,8.65379,8.3413,7.16944,8.44185,8.32097,8.16926,7.6749,8.06458,7.76246,9.82681,8.99264,9.13471,8.30035,9.12674,8.4069,6.92853,7.94602,7.53171,8.59572,7.57483,7.66106,8.4227,8.67733,7.47035,8.43226,8.62213,8.08585,7.10048,5,4,1,3,5,1,5,4,12,3,12,1,5,7,16,8,11,7,7,2,8,5,11,4,7,3,5,2,1,1,14,11,9,10,11,2,2,0,10,5,3,2,7,1,18,14,13,4,4,2,5,1,2,2,0,1,2,1,3,5,11,13,14,2,3,3,5,11,7,5,6,5,8,4,8,5,7,4,2,1,3,3,4,2,8,6,5,2,2,2,2,22,25,16,23,31,21,24,20,4,16,9,5,13,4,1,6,5,7,4,3,4,9,12,5,6,2,5,2,1,2,2,5,7,4,2,4,6,5,2,3,5,18,6,11,6,12,17,13,7,5,17,11,19,9,7,3,20,17,13,21,19,32,7,2,6,6,7,5,12,11,5,11,7,9,6,10,10,5,3,11,12,8,6,7,6,5,3,4,11,15,8,14,6,6,9,3,4,6,5
165.26,0.991948,0.0128217,9,511,0,-97.3099,9.97423,0.46668,0.615837,-0.435097,0.331504,-0.782916,-0.150981,0.000344682,-0.72586,-0.00902472,-0.00745955,0.912661,-0.104707,0.522729,0.813763,-0.254391,0.0693692,-0.510527,-0.183591,-0.75395,-0.231509,0.595146,-0.0144354,-0.849549,0.424287,-0.241999,-0.164926,-0.334875,-0.0161341,-0.1974,0.965565,0.613322,0.130864,-0.0488207,-0.614902,-0.38514,-0.726851,0.336997,0.141952,0.0198685,-0.102474,0.105334,-0.216056,0.344268,-0.785494,0.0963468,-0.817176,0.715434,-0.388046,-0.386328,0.125049,-0.714741,0.1442,0.230544,-0.129604,0.166774,1.09298,-0.399664,-0.916941,-0.620268,0.953277,0.148737,-0.744799,0.391545,1.1125,-0.130457,-0.67949,-0.19405,0.376448,1.19738,0.542697,0.403304,-0.350385,0.186624,-0.229843,0.989687,0.00927632,0.119494,-0.52214,-0.515249,0.766818,-0.727121,0.601995,-0.450089,0.60545,0.198592,0.0473873,-0.414166,-0.852466,1.02343,-0.384176,0.476273,0.169734,0.524837,-1.21991,-0.522858,-0.702436,0.324789,1.05681,0.544322,0.335323,-0.350836,0.0710921,0.517414,-0.195924,-0.611872,-0.467214,-0.0876304,0.551171,0.885228,0.45485,0.0640108,0.446397,0.832561,0.548366,0.717065,-0.858976,-0.381018,-0.630954,-0.731899,-0.260475,-0.284188,0.650212,0.224283,-0.164615,0.0591476,-0.479291,0.367596,-0.0884396,-0.432632,-0.455879,-0.152682,-0.133015,-0.0751456,-0.769724,-0.768593,0.299113,0.253998,16.4566,0.381298,0.591168,0.295048,0.458107,0.500096,0.30842,0.49749,0.497925,0.734062,0.470911,0.64142,0.712039,0.429716,0.519284,0.361708,0.449116,0.301795,0.435965,0.659732,0.495985,0.279867,0.615861,0.433098,0.454258,0.407926,0.495513,0.445318,0.745392,0.664256,0.536332,0.486425,0.335352,0.394493,0.308185,0.592644,0.539398,0.505526,0.47153,0.529263,0.440197,0.594596,0.294452,0.526771,0.287183,0.689101,0.393721,0.514187,0.48919,0.525512,0.504924,0.499989,0.523656,0.500294,0.500243,0.470269,0.503415,0.482958,0.473485,0.508296,0.497738,0.516644,0.505987,0.52457,0.50755,0.480599,0.500471,0.527679,0.486166,0.507892,0.505379,0.51092,0.500526,0.506438,0.46855,0.480008,0.495732,0.501592,0.520044,0.512558,0.523688,0.489011,0.49537,0.499352,0.503342,0.496565,0.507046,0.488774,0.525596,0.496858,0.526626,0.476684,0.512653,0.582952,0.436552,0.646258,0.529021,0.499934,0.636154,0.501737,0.501435,0.331259,0.520138,0.400746,0.348334,0.548797,0.486654,0.596996,0.53527,0.641144,0.544432,0.387437,0.502778,0.657893,0.419072,0.546434,0.531694,0.564086,0.503105,0.537913,0.322301,0.384122,0.474839,0.509394,0.616166,0.573575,0.636331,0.435513,0.472711,0.496177,0.519709,0.479742,0.54148,0.434137,0.646711,0.481468,0.652263,0.365705,0.574122,0.582833,0.436645,0.646055,0.528978,0.499934,0.635964,0.501734,0.501433,0.331488,0.520108,0.400888,0.348543,0.548726,0.486674,0.596857,0.535218,0.640948,0.544367,0.387597,0.502774,0.657677,0.419189,0.546366,0.531648,0.563993,0.5031,0.537858,0.322539,0.384286,0.474876,0.50938,0.616001,0.573468,0.636141,0.435606,0.472751,0.496182,0.51968,0.479771,0.54142,0.434233,0.646508,0.481496,0.652053,0.365893,0.574014,7.55192,8.98285,7.00198,7.37637,8.01668,7.07415,8.30101,8.00643,9.29786,7.87872,9.55787,9.17404,7.68257,8.21205,7.64631,8.6346,7.14327,7.7125,8.79161,8.2939,7.02287,8.67591,8.23105,8.24173,7.5775,7.94625,7.70837,9.7851,8.91959,9.04743,8.24873,9.28084,8.37143,7.60517,8.01609,8.7349,8.82047,8.41393,8.10578,8.265,8.5719,7.531,8.4394,7.25545,8.053,7.613,5,4,5,9,4,3,2,4,8,3,4,3,13,17,4,6,5,6,6,7,6,6,3,2,7,2,1,0,2,7,14,21,12,28,28,4,1,0,10,8,13,5,5,6,8,9,6,9,15,4,8,5,3,1,1,1,0,5,3,24,15,11,16,3,1,2,6,4,5,5,10,6,5,3,7,11,11,15,1,0,1,3,2,6,9,1,1,1,1,1,1,10,39,18,20,7,39,57,24,8,14,10,8,10,4,1,2,2,5,5,3,9,25,25,7,9,3,4,2,1,0,4,0,3,4,1,1,2,3,3,1,13,9,13,13,15,10,8,10,7,7,12,6,13,14,23,7,27,24,27,36,33,16,11,7,5,10,16,4,13,5,9,4,7,9,10,4,12,9,6,7,4,12,11,11,11,11,9,18,9,21,3,12,21,4,16,2,5,6,1
165.634,0.993145,0.0128217,9,511,0,-99.7973,9.14149,0.589341,0.443721,0.872947,0.907381,-0.711528,0.336947,-0.0728528,0.481529,0.0556472,-0.48575,-0.309538,-0.0335121,0.93084,0.628344,0.374536,0.418057,0.501818,0.153299,0.770367,0.689381,0.742489,0.249541,-0.652976,0.427077,0.368782,-0.397595,-0.248111,0.213613,0.0920976,0.781712,0.867928,0.549157,0.128826,0.248417,-0.035213,0.227001,-0.39595,0.0840284,0.515887,0.595192,0.160447,0.157205,0.606324,-0.314888,0.336933,0.725958,0.51408,0.702298,-0.0721303,-0.740394,-0.0565289,0.0456986,-0.312529,0.403588,-0.288998,-0.555199,-0.547462,-0.905804,0.0618948,0.630582,0.0571392,-0.279635,0.170256,0.86281,-0.0593858,-0.477972,-0.120894,0.345271,1.18093,0.629064,0.495822,-0.826458,0.14209,0.214999,0.250348,0.245558,0.349226,-1.34995,-0.835795,1.24867,-0.912049,0.792286,-0.00209739,0.789941,0.196655,-0.975449,0.0186147,-0.757879,0.380502,-0.719619,0.0594949,0.928984,0.23292,-0.878239,-0.217796,-0.212738,0.837467,0.7937,-0.131541,0.178574,-0.520934,0.26289,0.389921,-0.231185,-1.15085,-0.51367,0.222166,-0.184107,0.356854,-0.861464,-0.398404,0.751939,0.414475,0.4936,0.0580151,-0.552582,0.675383,0.141067,-0.439092,0.011772,-0.389387,-0.0821648,-0.789678,0.466926,0.428329,-0.759544,-0.439813,-0.692819,-0.460636,-0.680852,-0.109925,-0.50607,0.0502435,-0.480857,-0.645393,0.298744,0.0625046,23.3103,0.679873,0.686304,0.351167,0.572173,0.484291,0.602398,0.512001,0.39673,0.433626,0.492772,0.690645,0.632311,0.580093,0.589211,0.606584,0.533019,0.660311,0.644467,0.654895,0.55362,0.362763,0.591093,0.578883,0.415069,0.446685,0.545947,0.519855,0.662503,0.67893,0.616287,0.52776,0.55338,0.492405,0.548809,0.415414,0.518117,0.609477,0.625636,0.534554,0.533858,0.627882,0.432493,0.57217,0.651665,0.609105,0.647016,0.487043,0.486532,0.510562,0.494998,0.501082,0.492851,0.499174,0.507211,0.504595,0.500498,0.486184,0.490672,0.49444,0.493794,0.49255,0.497724,0.488565,0.489767,0.488978,0.496295,0.509693,0.49366,0.494525,0.505903,0.503683,0.496829,0.498633,0.488396,0.487117,0.491848,0.498087,0.496312,0.500523,0.49663,0.505878,0.498752,0.492342,0.491164,0.497618,0.497666,0.490999,0.504675,0.494998,0.489224,0.492368,0.489575,0.396574,0.392618,0.584711,0.459583,0.508757,0.442371,0.493311,0.55813,0.537142,0.504029,0.389931,0.425033,0.455097,0.449912,0.439965,0.48158,0.408436,0.417877,0.411678,0.470038,0.577858,0.448839,0.455783,0.547652,0.529791,0.474343,0.48893,0.407118,0.397151,0.434364,0.484518,0.470172,0.504233,0.472738,0.547456,0.4899,0.438299,0.428934,0.480722,0.481111,0.427623,0.537782,0.459584,0.413605,0.438513,0.416367,0.362763,0.357641,0.612828,0.445847,0.511753,0.422925,0.491022,0.577739,0.549778,0.505407,0.35417,0.399985,0.439862,0.432953,0.419733,0.475286,0.378201,0.390569,0.382442,0.459824,0.603824,0.431525,0.440777,0.563802,0.539947,0.465588,0.485145,0.376481,0.363512,0.412311,0.479226,0.460004,0.505681,0.463439,0.56354,0.486445,0.417523,0.40513,0.474135,0.474657,0.4034,0.550633,0.44585,0.384965,0.417807,0.388586,8.98317,8.98957,7.0387,7.14592,7.7928,8.44957,8.12034,7.30399,7.58718,7.83949,9.5152,8.69731,8.32324,8.44965,8.64851,8.60097,8.86362,8.69391,8.75606,8.35031,7.18229,8.46031,8.35781,8.2075,7.58494,7.82399,7.67985,9.63697,8.97733,9.06902,8.20718,9.10798,8.37725,8.18996,6.27713,8.02038,8.77632,8.62476,7.76095,8.1072,8.67145,7.54723,8.45379,8.91175,8.09625,8.78402,4,5,5,1,3,17,7,11,10,10,7,4,5,3,5,1,4,7,2,8,2,12,2,5,5,3,2,1,0,2,17,22,13,12,18,1,1,1,6,4,20,5,7,4,19,17,9,6,9,9,5,4,2,3,1,3,3,3,1,8,8,6,6,3,2,1,8,5,8,6,2,23,10,11,8,10,7,6,1,5,2,4,12,7,8,11,11,4,6,2,3,26,11,22,13,21,19,10,11,5,2,8,18,6,0,3,1,14,8,4,4,10,9,12,6,6,9,7,12,0,3,0,7,10,7,5,5,5,6,12,8,23,27,14,16,16,17,19,17,28,20,20,14,12,21,21,9,7,5,11,4,9,5,5,0,4,2,4,3,31,28,27,36,7,12,16,7,5,7,12,11,10,7,8,7,5,16,9,16,8,11,8,21,10,8,18,3,5,5,3
162.604,0.977001,0.0128217,9,511,0,-97.9976,9.22854,0.556574,0.494524,0.559878,0.924731,-0.699869,0.238942,0.316558,0.246681,0.220135,-0.404969,-0.797384,-0.0287982,0.846964,0.659669,0.487343,0.113856,0.53569,0.35239,0.549908,0.92167,0.625052,0.241059,-0.765922,0.423702,0.232443,-0.465226,-0.0561561,0.339993,0.14225,1.02411,0.784377,0.423922,0.0593408,0.53141,-0.0906807,0.197132,-0.611021,-0.167806,0.37992,0.754933,0.282278,0.370862,0.540031,-0.316775,0.3294,0.768039,0.472997,0.740963,-0.0438713,-0.936985,0.155119,0.0815059,-0.228265,0.500952,-0.150486,-0.560719,-0.518371,-0.63587,-0.171632,0.649652,0.241031,-0.155677,0.355331,0.820014,-0.425421,-0.444181,-0.127007,0.338504,0.88455,0.585528,0.527481,-0.856374,0.0847282,0.0757193,0.417686,0.0711155,0.253754,-1.11385,-0.82657,1.30051,-1.10739,0.510532,0.123056,0.560687,0.276239,-0.636578,0.0933163,-0.670031,0.305318,-0.515041,0.199781,0.892737,0.177634,-0.815834,-0.378699,-0.125199,0.786734,0.928924,-0.675129,0.279625,-0.345585,0.346337,0.506446,-0.366973,-1.19524,-0.689506,0.18041,-0.257704,0.362552,-0.441347,-0.395551,0.826338,0.486886,0.239588,0.316236,-0.543156,0.927084,-0.0340998,-0.381906,0.0726998,-0.381126,-0.14174,-0.712911,0.487991,0.322533,-0.600598,-0.468352,-0.779432,-0.569654,-0.792854,-0.319384,-0.496327,0.0890528,-0.534284,-0.769683,0.321946,0.0610479,25.5692,0.612802,0.680983,0.360337,0.548828,0.564534,0.550399,0.545006,0.417735,0.342119,0.494097,0.666972,0.632031,0.598598,0.523324,0.608086,0.571743,0.610861,0.680437,0.625404,0.549258,0.347949,0.585997,0.547508,0.405767,0.48849,0.569252,0.529129,0.698419,0.655476,0.586041,0.512163,0.607249,0.481419,0.540325,0.377295,0.465653,0.577261,0.650004,0.557611,0.575447,0.608934,0.435423,0.56712,0.652445,0.595768,0.647393,0.440734,0.402899,0.57389,0.474609,0.466383,0.473788,0.476605,0.542964,0.584002,0.503063,0.410883,0.430298,0.448353,0.487893,0.443272,0.462591,0.44178,0.403212,0.433911,0.474385,0.580747,0.455059,0.475299,0.549318,0.505972,0.463903,0.484876,0.392772,0.417343,0.455035,0.493689,0.443721,0.509643,0.479046,0.564622,0.517839,0.459681,0.420392,0.470014,0.460638,0.442816,0.53364,0.465024,0.419034,0.449863,0.421841,0.425769,0.378935,0.592408,0.468128,0.457817,0.467098,0.47063,0.553882,0.604925,0.503847,0.388762,0.412788,0.43527,0.484797,0.428932,0.453069,0.427072,0.37932,0.417279,0.467846,0.600901,0.443646,0.468992,0.561823,0.5075,0.454711,0.481009,0.366523,0.396737,0.443617,0.492074,0.429492,0.51211,0.473693,0.580897,0.522399,0.449427,0.400508,0.462367,0.450625,0.428364,0.542211,0.456115,0.398828,0.437155,0.402301,0.393905,0.329212,0.631505,0.454152,0.439387,0.452676,0.457743,0.5773,0.648792,0.505541,0.342563,0.375724,0.407309,0.478106,0.398358,0.432606,0.395738,0.329733,0.381994,0.453748,0.643254,0.419186,0.455392,0.588575,0.510804,0.434949,0.472656,0.312547,0.353493,0.419145,0.488584,0.399148,0.517442,0.46214,0.615453,0.532244,0.427412,0.358689,0.445897,0.429119,0.397558,0.560654,0.436954,0.356372,0.409978,0.361166,8.71367,9.02648,7.0046,6.80662,8.2342,8.14958,8.27225,7.35972,7.0735,7.81548,9.50685,8.83367,8.44059,8.17421,8.65371,8.91219,8.70166,8.96123,8.60643,8.29761,7.11112,8.54942,8.19394,8.17171,7.78229,8.16824,7.92868,9.6349,8.98311,8.99866,8.07726,9.43918,8.37504,8.15115,5.77771,7.70848,8.53626,8.82384,8.09838,8.36151,8.68976,7.528,8.40458,8.93275,8.14532,8.93116,4,2,0,2,2,9,11,19,15,2,3,4,7,6,6,8,5,5,4,3,8,5,4,2,4,2,2,2,0,3,16,17,22,18,20,0,2,1,10,9,10,2,2,8,6,5,5,5,8,9,1,8,10,8,2,2,3,0,1,5,10,3,4,2,5,2,7,12,7,14,11,12,14,8,5,10,1,9,7,4,4,7,8,5,6,9,11,5,4,4,1,6,10,15,14,17,20,22,15,1,1,14,8,11,3,2,2,10,13,12,21,19,12,11,8,13,7,12,7,1,1,0,5,0,9,1,6,7,1,8,3,23,10,14,22,14,16,20,26,23,14,22,28,16,25,16,12,6,12,4,8,9,8,6,7,6,8,8,6,32,42,39,26,8,16,8,9,2,13,7,19,10,13,13,14,10,11,8,9,13,5,14,8,14,4,8,1,1,2,2
158.82,0.925508,0.0128217,9,511,0,-95.4035,9.05292,0.512891,0.593621,0.348076,0.887714,-0.720174,0.36551,0.529842,-0.0323579,0.175124,-0.549347,-0.591833,-0.0490888,0.9118,0.698468,0.270762,0.218512,0.441146,0.22556,0.294438,1.32845,0.723374,0.368733,-0.697732,0.541281,0.320009,-0.475141,-0.157337,0.215164,-0.0462153,0.851553,0.755372,0.570661,0.41975,0.438734,-0.0473256,0.447309,-0.0975038,-0.306288,0.561621,0.275245,0.485904,0.440575,0.531019,-0.309785,0.453334,0.561373,0.249211,0.58084,-0.266755,-0.661636,0.345222,-0.0932066,-0.24103,0.444695,0.075279,-0.855729,-0.508802,-0.750202,-0.0725103,0.501192,0.234381,-0.302247,0.339096,0.869302,0.228124,-0.353099,-0.17949,0.330975,0.900873,0.60233,0.657586,-0.595179,0.0514589,0.00111335,0.397569,-0.0205266,0.493436,-1.56773,-0.746335,1.35539,-1.06673,0.598211,0.217924,0.54621,0.3207,-0.750123,0.163921,-0.23726,0.241908,-0.521101,0.129424,0.831151,0.0588891,-0.780282,-0.269467,-0.504556,0.623651,1.10884,-0.272774,0.313036,-0.586079,0.151168,0.259232,-0.393692,-1.20469,-0.388831,0.221579,0.184971,0.395525,-0.381963,-0.491282,0.90927,0.467195,0.38724,-0.0813637,-0.498185,-0.199025,-0.106656,-0.587731,0.202083,-0.394372,-0.253623,-0.403823,0.47689,0.568435,-0.498846,-0.276892,-0.940306,-0.267584,-0.736368,-0.468858,-0.351485,0.0587801,-0.494825,-0.510739,0.288368,0.0738343,23.5026,0.575074,0.683887,0.348407,0.578773,0.613155,0.492968,0.537986,0.382831,0.374144,0.489333,0.688396,0.647297,0.558573,0.547346,0.594714,0.548864,0.563642,0.760392,0.652224,0.579456,0.352849,0.615511,0.569101,0.398183,0.46586,0.546625,0.489958,0.677052,0.658507,0.621537,0.590223,0.594209,0.489716,0.596005,0.478823,0.433826,0.619686,0.559534,0.604057,0.594595,0.613397,0.43308,0.597265,0.619636,0.553949,0.623616,0.519841,0.550455,0.45902,0.520833,0.530181,0.498155,0.509986,0.468711,0.466298,0.4972,0.551814,0.53975,0.515437,0.512459,0.525138,0.512861,0.516786,0.575188,0.541161,0.521017,0.460291,0.530831,0.518242,0.472929,0.491028,0.512269,0.497364,0.548413,0.542973,0.532499,0.52392,0.525001,0.497301,0.525488,0.494439,0.482539,0.531986,0.515692,0.527683,0.525105,0.530248,0.48234,0.525831,0.531972,0.514209,0.533077,0.457047,0.391917,0.588159,0.454907,0.434828,0.504003,0.47835,0.567542,0.572695,0.506072,0.38908,0.414445,0.466555,0.472995,0.445643,0.472126,0.46364,0.341335,0.411457,0.454512,0.585467,0.433438,0.460495,0.558509,0.519454,0.473408,0.505717,0.396189,0.407629,0.429871,0.44826,0.445938,0.505854,0.44489,0.512059,0.537817,0.430968,0.466003,0.440179,0.445713,0.434685,0.538247,0.444154,0.430998,0.46921,0.428637,0.455673,0.388555,0.590932,0.453465,0.432757,0.504132,0.477654,0.569687,0.574998,0.506268,0.385637,0.41175,0.465483,0.472128,0.443909,0.471231,0.462475,0.336598,0.408673,0.453057,0.588159,0.431324,0.45923,0.560372,0.520079,0.472554,0.505901,0.392952,0.404729,0.427647,0.446609,0.444214,0.506042,0.443133,0.512447,0.539029,0.428777,0.464913,0.438274,0.443982,0.43261,0.539472,0.442373,0.428808,0.468223,0.426375,8.41607,8.98781,6.97581,7.48438,8.4722,7.79822,8.11785,7.17877,7.28927,7.77811,9.49851,8.83378,8.16231,8.26072,8.43664,8.68209,8.35179,9.40908,8.7022,8.35003,7.16349,8.64693,8.31298,8.19618,7.64805,8.06079,7.74674,9.74015,8.90117,9.09484,8.41107,9.49364,8.35424,8.46532,6.92845,7.56094,8.78274,8.25932,8.38497,8.45727,8.6347,7.55675,8.45121,8.58009,7.99592,8.69405,4,3,1,0,2,17,16,12,4,2,6,4,7,8,6,7,2,7,5,5,5,5,9,3,8,1,0,1,4,0,15,11,12,21,20,2,1,1,17,4,15,7,4,8,8,8,10,11,6,11,1,3,6,10,4,3,3,5,3,5,6,5,8,1,5,4,8,3,5,4,8,12,11,9,11,8,11,3,3,1,4,11,13,9,9,11,12,3,1,6,0,13,12,13,12,17,14,22,27,2,1,5,5,9,2,4,2,6,5,3,10,6,8,10,6,6,7,5,6,1,1,0,7,7,6,7,6,2,6,6,3,15,13,19,18,11,22,7,27,20,9,26,11,18,11,8,6,6,4,11,10,6,5,2,4,7,2,8,4,24,25,25,25,12,6,6,12,5,6,8,4,13,7,6,4,12,5,5,15,14,8,10,6,4,2,5,3,4,4,2
162.857,0.999911,0.0128217,9,511,0,-99.412,9.31485,0.547348,0.366879,-0.642527,0.367384,-1.06667,-0.383089,-0.333094,0.54236,0.222037,0.316199,0.286118,-0.354893,0.439828,0.711209,-0.296042,-0.0138326,-1.06641,-0.542922,-0.638564,-1.25544,0.263175,0.163921,-0.776562,0.172218,-0.290882,-0.315055,-0.473331,-0.284938,-0.476766,0.392308,0.524009,0.0748936,0.0553433,0.200654,-0.478477,-0.864115,0.0865588,0.897378,-0.16925,-0.214684,-0.729437,-0.0987793,0.273172,-0.802665,0.29334,-0.45946,0.27571,-0.654693,-0.183226,-0.222998,-0.22179,-0.265902,-0.329935,0.16922,0.257263,-0.293462,-0.0784923,-0.401209,0.171156,0.702742,0.191857,-0.523914,0.539129,1.19572,-0.115405,-0.387117,-0.159273,0.392362,-0.258723,0.642832,0.645289,0.040144,0.497119,0.0591665,0.955041,0.538337,-0.295415,-0.412888,-0.938528,1.00825,-0.791865,0.92929,-0.60247,0.587098,0.534412,0.083936,-0.293666,-1.39684,0.945183,-0.705032,0.167257,1.02148,0.802163,-1.0382,-0.112065,-0.561629,0.397876,0.618846,0.200457,0.587562,-0.28957,-0.0508677,-0.306964,0.373826,-0.285015,-0.556557,0.418764,-0.409647,0.939139,-0.443085,0.484101,0.644749,0.977295,0.339964,0.555035,-0.0901906,0.169356,0.110577,-1.14288,-0.303476,-0.489494,0.695218,-0.700405,0.161182,0.552519,-0.259485,0.142734,-0.1165,-0.179837,-0.652935,-0.737742,-0.506381,0.187419,-0.0346876,-0.587513,0.299868,0.0486869,19.1818,0.316851,0.60809,0.218327,0.387444,0.401724,0.656675,0.565986,0.593411,0.584705,0.395475,0.628529,0.700653,0.412417,0.495865,0.21838,0.343173,0.317877,0.182253,0.578028,0.548845,0.283218,0.5513,0.413913,0.406919,0.362167,0.415638,0.361218,0.615169,0.651711,0.522373,0.516538,0.559695,0.360747,0.262456,0.525852,0.74517,0.449578,0.436175,0.294796,0.470506,0.580941,0.276925,0.5868,0.366007,0.58168,0.31371,0.518529,0.489402,0.530736,0.511051,0.509609,0.484357,0.493594,0.490878,0.491746,0.510238,0.487313,0.479492,0.50854,0.500399,0.530728,0.515659,0.518415,0.536158,0.492408,0.495271,0.52239,0.495031,0.508391,0.509089,0.513653,0.50822,0.513752,0.488683,0.484886,0.497839,0.498403,0.494211,0.513801,0.52491,0.497503,0.474133,0.504883,0.506194,0.521033,0.50285,0.492119,0.523141,0.491538,0.513253,0.492046,0.51888,0.505572,0.496814,0.509249,0.503322,0.502889,0.495297,0.498075,0.497258,0.497519,0.503078,0.496186,0.493833,0.502567,0.50012,0.509247,0.504708,0.505537,0.510885,0.497718,0.498578,0.506734,0.498507,0.502522,0.502732,0.504105,0.502471,0.504134,0.496598,0.495456,0.499351,0.49952,0.49826,0.504149,0.507493,0.499249,0.492219,0.501468,0.501862,0.506325,0.500857,0.497631,0.50696,0.497456,0.503984,0.497609,0.505677,0.593268,0.446248,0.651737,0.556031,0.548769,0.421006,0.467434,0.45369,0.458074,0.551938,0.435756,0.397033,0.543373,0.502032,0.651702,0.579074,0.592706,0.676468,0.461422,0.475942,0.612122,0.474726,0.542621,0.546143,0.569078,0.541754,0.569572,0.442632,0.423637,0.489002,0.491872,0.470562,0.569819,0.624262,0.487289,0.371165,0.524839,0.531491,0.605528,0.514504,0.459963,0.615757,0.457021,0.567078,0.459593,0.594992,7.42696,9.0109,6.90409,7.19226,7.8594,9.04262,8.32991,8.74006,8.67897,7.83005,9.55062,9.24412,7.90936,8.27179,6.62154,8.2234,7.43216,6.67156,8.66846,8.25111,7.25226,8.52475,8.11826,8.1541,7.67139,8.02538,7.76785,9.73574,8.99777,9.05754,8.10354,9.40192,8.30907,7.36202,7.82897,9.70656,8.62244,8.22133,7.43491,8.37867,8.66148,7.44097,8.42634,7.40703,8.06911,7.41099,2,4,5,2,7,8,12,14,13,3,2,2,2,2,1,3,0,11,8,4,4,9,5,4,8,1,5,2,3,2,20,14,22,14,16,4,3,1,20,6,18,5,3,2,11,6,3,12,9,7,0,2,0,6,3,0,1,2,1,7,7,10,8,2,1,1,4,5,10,2,3,6,15,13,9,9,14,7,3,2,1,5,7,5,8,8,4,1,3,4,4,9,11,10,11,8,20,23,17,5,7,8,9,6,1,0,1,6,1,2,5,4,18,7,5,7,18,11,8,1,1,1,4,6,2,2,4,1,8,12,7,21,14,13,17,31,9,28,20,23,27,17,11,24,21,17,23,7,9,5,9,4,9,1,3,3,16,12,10,13,12,16,24,18,8,18,10,9,17,19,5,16,6,20,11,8,17,10,14,7,11,8,4,3,6,9,3,4,3,7
173.482,0.92485,0.0128217,9,511,0,-109.581,8.71337,0.703744,0.317271,0.257897,0.595879,-0.424146,-0.228211,0.845026,0.878002,-0.380899,0.0517788,0.177355,0.229003,0.94766,0.317265,0.101017,-0.359148,-0.68864,0.279964,-1.29482,1.2819,1.009,-0.373724,-1.15186,0.0269456,-0.108749,-0.546198,0.13635,-0.243352,-0.455237,0.578178,0.205783,0.525666,-0.296081,0.168186,0.0356128,-0.16757,0.166427,0.269628,-0.0183948,-0.863155,0.673785,-0.175158,0.00704166,-0.645,-0.2665,0.483358,-0.413886,0.22339,0.0488838,0.545234,-0.151965,0.105197,0.0164907,-0.209302,-0.432204,-0.127799,-0.198602,-0.465016,0.264308,-0.69274,0.102829,0.183818,-0.320389,0.894432,0.462352,-0.282054,-0.0516868,0.381886,0.711932,0.548144,0.410222,-0.842805,0.347088,0.42234,0.40953,0.614708,0.213783,-0.726953,-0.493757,0.710127,-0.495829,0.880882,-1.08399,1.09643,-0.0226334,-0.123014,-0.54781,-1.27401,1.06478,-0.33668,0.393929,0.215148,-0.254835,-1.65189,-0.579251,-0.164919,0.666614,0.756219,0.0737399,0.103511,-0.190954,-0.163417,0.958496,-0.234317,-1.04456,-0.986318,-0.147436,-0.275293,0.756901,-0.63017,0.0392085,0.151238,0.618032,0.363603,0.247081,0.0371479,0.559809,0.404315,-0.0889464,0.0267457,0.100865,-0.511463,0.381715,0.458624,-0.156123,-0.525561,0.433707,0.211747,-0.134955,0.198964,-0.128578,-0.124479,0.0499136,-0.592835,-0.257019,0.100931,0.104732,18.7861,0.557413,0.630176,0.406279,0.449147,0.680445,0.686824,0.415642,0.511576,0.539575,0.551029,0.700067,0.570471,0.522573,0.420375,0.350705,0.562277,0.239007,0.758885,0.711459,0.417202,0.263034,0.506025,0.475702,0.380238,0.530451,0.445798,0.399589,0.626479,0.545885,0.615425,0.434178,0.537537,0.507963,0.4626,0.537146,0.56,0.495887,0.316039,0.646263,0.460913,0.501575,0.359644,0.440689,0.60643,0.408495,0.549786,0.529775,0.568444,0.45113,0.473646,0.596451,0.600115,0.456086,0.505985,0.520489,0.526445,0.607819,0.536606,0.511674,0.458582,0.421067,0.532315,0.354649,0.643982,0.614558,0.456909,0.369919,0.503115,0.487433,0.437199,0.515755,0.471901,0.447573,0.566435,0.523768,0.560463,0.46583,0.51943,0.504116,0.480641,0.519228,0.531125,0.497874,0.401533,0.577258,0.479765,0.500814,0.425993,0.469235,0.555639,0.452305,0.525798,0.461852,0.412593,0.562533,0.533771,0.377315,0.372733,0.556214,0.492327,0.473739,0.466112,0.36313,0.453117,0.485033,0.553029,0.600668,0.458602,0.683005,0.318656,0.354763,0.555164,0.664377,0.496007,0.516112,0.580251,0.479803,0.536005,0.567063,0.415138,0.469539,0.422716,0.543769,0.475094,0.494722,0.524815,0.475354,0.460124,0.502726,0.625207,0.401446,0.525937,0.498956,0.594447,0.539416,0.428848,0.561036,0.46694,0.483435,0.461787,0.527226,0.514659,0.445915,0.443822,0.524455,0.496673,0.488606,0.48529,0.439408,0.479625,0.49351,0.523061,0.544133,0.482019,0.582439,0.418369,0.435528,0.523995,0.573476,0.498269,0.506987,0.535038,0.49124,0.515631,0.529218,0.462918,0.486781,0.466275,0.519015,0.489195,0.497712,0.510766,0.489308,0.482682,0.501182,0.555235,0.456814,0.511253,0.499548,0.54135,0.517117,0.468982,0.526569,0.48565,8.98175,9.08286,6.93881,8.51939,8.5204,8.56077,8.21656,7.53428,8.88096,7.75625,9.60894,9.05595,7.59599,8.20921,7.83455,8.7831,7.06326,9.04941,8.72048,8.22551,7.23478,8.69251,8.20261,8.20793,7.64025,8.04925,7.78478,9.8846,8.91654,9.08935,8.32247,9.39121,8.47713,8.12893,9.01381,8.67659,8.76076,7.26568,9.1944,8.11943,8.66756,7.53415,8.35944,9.2975,8.07316,8.93858,2,3,4,1,1,9,12,11,4,2,6,7,5,3,7,11,4,12,5,11,7,6,3,2,4,5,5,1,1,4,10,7,22,7,16,2,3,2,14,10,10,2,1,8,13,8,13,7,6,9,3,2,1,3,3,1,1,5,1,20,8,11,8,5,4,2,6,11,6,9,5,1,6,9,10,12,2,3,2,3,2,3,3,3,1,6,4,5,7,2,6,17,23,18,20,13,23,14,20,5,7,16,6,7,3,3,2,7,3,6,7,7,5,2,13,11,10,6,4,2,2,0,3,4,1,2,4,1,1,2,2,12,10,13,17,15,18,15,8,6,19,5,8,18,12,15,7,6,10,9,11,6,4,1,7,3,4,10,8,3,6,4,5,7,8,10,10,9,11,6,4,10,8,7,6,10,2,11,9,9,4,5,4,3,6,9,7,5,4,5
188.129,0.97784,0.0128217,8,255,0,-120.36,8.98086,0.539343,0.302538,-0.197631,0.407692,-0.424161,-0.230139,0.312013,0.988065,-0.362617,0.0228684,0.534361,0.134389,0.885939,0.631208,-0.166231,-0.238188,-0.980511,-0.13473,-0.951986,1.01693,0.885033,-0.227135,-1.28938,-0.185055,-0.151449,-0.561502,0.0294167,-0.226286,-0.444939,0.377675,0.247102,0.463045,-0.41556,-0.058591,-0.00324204,0.245079,-0.0965436,0.40208,0.00635786,-0.477611,0.370887,-0.0417841,0.0249193,-0.825454,-0.198087,-0.42034,-0.194164,0.622926,-0.0322934,0.309158,-0.145193,0.104502,0.135857,-0.00598124,-0.0161431,-0.0530135,-0.307477,-0.566073,0.319331,-0.490027,0.144722,-0.138559,-0.225802,0.952248,0.1134,-0.276082,-0.0841887,0.361724,1.08781,0.76431,0.268396,-0.864149,0.245503,0.534013,0.85893,0.301604,0.43756,-0.921991,-0.103112,0.536155,-0.468739,0.650414,-0.667828,1.054,-0.153974,-0.483677,-0.818866,-0.599484,0.90013,0.276248,0.046216,0.371334,0.00466468,-1.22845,-0.835524,-0.278422,0.37597,0.533194,-0.0130691,-0.249584,-0.439123,0.0905729,0.907652,-0.153691,-1.13445,-0.517854,-0.0391857,-0.437131,0.608792,-0.0364341,-0.597701,0.0243331,0.599818,0.445737,0.137675,0.160608,0.686023,0.554558,-0.00466532,0.110261,0.123444,-0.0575421,-0.148984,0.327522,-0.0350722,-0.230385,0.173113,0.100072,-0.229584,-0.018844,-0.584499,-0.187662,0.045493,-0.260923,-0.582555,0.0504174,0.0877152,18.5123,0.45309,0.595855,0.400374,0.445431,0.573737,0.719278,0.414522,0.505444,0.624535,0.531949,0.69923,0.6459,0.460509,0.443538,0.282177,0.46797,0.287711,0.724794,0.699049,0.446138,0.226564,0.456059,0.464008,0.369424,0.507003,0.446337,0.395634,0.588953,0.558556,0.608481,0.402342,0.486055,0.499228,0.558081,0.477033,0.594567,0.501514,0.388219,0.587388,0.490054,0.505932,0.31302,0.452982,0.401248,0.453908,0.644094,0.494397,0.511556,0.487977,0.493476,0.508845,0.527982,0.489721,0.500648,0.515145,0.50381,0.525095,0.517887,0.495287,0.493248,0.472231,0.49618,0.473037,0.528798,0.52507,0.493561,0.463511,0.494754,0.495707,0.484087,0.500834,0.493585,0.487389,0.510705,0.507005,0.513124,0.488221,0.498339,0.499908,0.506948,0.497263,0.511397,0.50018,0.486463,0.510513,0.498815,0.500706,0.476615,0.494384,0.488086,0.494496,0.517653,0.512889,0.473431,0.52764,0.515008,0.479658,0.435902,0.523636,0.498508,0.4652,0.491235,0.442466,0.458919,0.510842,0.515532,0.563613,0.508788,0.561781,0.434051,0.442524,0.514812,0.583323,0.512069,0.509878,0.536562,0.498081,0.514757,0.528991,0.475384,0.483887,0.469832,0.527081,0.503822,0.500211,0.484019,0.506297,0.473796,0.499585,0.531115,0.475826,0.502726,0.498375,0.553638,0.512918,0.527392,0.512663,0.459455,0.528751,0.440902,0.561462,0.533467,0.454683,0.359945,0.552616,0.49667,0.422799,0.480438,0.373763,0.409094,0.524191,0.534634,0.63904,0.519612,0.635199,0.35608,0.373886,0.533032,0.679426,0.526925,0.522043,0.581055,0.495716,0.532908,0.56444,0.445217,0.464074,0.432969,0.560228,0.508532,0.500472,0.464367,0.514057,0.441708,0.499074,0.569113,0.446194,0.506085,0.496371,0.617954,0.528817,0.560914,0.528248,0.410261,8.36567,9.10605,7.08706,8.29246,7.99069,8.8075,8.21219,7.63558,9.26327,7.7727,9.52742,9.38077,7.40308,8.31589,7.46629,8.28325,7.45141,8.84171,8.68487,8.37821,7.0547,8.38111,8.41956,8.12117,7.64363,8.01171,7.74407,9.75863,8.91226,9.01675,8.14748,9.32287,8.44493,8.90694,8.45657,9.09919,8.67561,8.02018,8.74512,8.55438,8.63925,7.59961,8.41387,8.14164,8.06431,9.37074,1,2,3,1,2,12,9,5,11,16,3,5,11,15,14,3,21,6,8,10,4,12,10,12,13,1,2,1,7,4,4,6,17,12,13,2,1,3,10,6,3,5,1,7,16,5,10,3,5,7,0,1,0,0,5,4,1,2,2,11,14,12,6,7,8,5,6,4,5,9,7,8,8,2,8,7,8,4,1,1,2,4,5,1,5,3,2,4,2,2,4,15,10,14,9,13,7,16,25,7,2,4,2,2,1,6,1,4,3,7,3,5,4,11,10,14,6,10,2,4,1,5,12,3,6,4,5,9,2,3,4,6,11,17,5,18,9,11,10,6,12,14,9,8,20,12,21,6,6,1,8,4,8,4,8,6,5,3,0,11,5,4,10,9,5,3,9,8,8,17,6,14,7,7,4,10,6,7,11,14,10,9,12,4,3,2,2,1,8,9
176.226,0.968684,0.0128217,8,255,0,-123.498,9.29256,0.455205,0.343669,0.306548,0.398216,-0.667225,0.0994101,0.0365769,-0.0726077,-0.274351,-0.40834,-0.0749979,-0.0495179,0.993712,0.141772,0.610481,-0.58318,-0.311493,0.620745,0.399622,-0.359127,0.871574,-0.193089,-1.46616,0.103008,-0.336883,-0.749808,-0.152875,0.0520349,-0.244972,0.210412,0.195234,0.607581,-0.182166,-0.218474,-0.13291,-0.314405,-0.727762,0.63674,-0.265359,-0.137014,0.18552,-0.262739,-0.0779119,-1.01595,-0.10924,0.28525,-0.537113,1.35968,0.0313691,-0.0703731,0.031041,-0.0251385,0.455871,-0.162021,-0.00344307,0.15346,0.0378255,-0.850998,0.619331,-0.398698,0.189364,0.184782,-0.176509,0.461476,-0.32743,-0.230379,-0.0689349,0.344386,1.23666,0.568469,0.258895,-0.529901,-0.029497,0.253639,0.5297,0.536011,0.366602,-0.930087,-0.151041,0.611147,-0.582467,0.167903,-1.14102,1.14379,-0.0956606,-0.506682,-1.25575,-0.901563,0.919275,-0.243357,-0.116911,0.0693284,0.100241,-0.500805,-1.20784,-0.465627,0.710689,0.719158,0.189066,-0.0911975,-0.557577,0.0518057,0.32993,0.0911534,-1.13744,-0.569178,-0.514888,0.181533,0.467482,-0.0935951,-0.121543,0.322414,0.53383,0.260377,0.351031,0.867344,0.471349,0.0826785,-0.158962,0.200583,0.0355885,0.0484046,0.194134,0.0854975,-0.100181,-0.590621,0.334537,0.157194,-0.140138,-0.0848581,-0.60197,-0.182536,0.00654798,-0.301053,-0.88614,-0.0423482,0.183702,23.6532,0.535307,0.545813,0.423625,0.511467,0.50422,0.491624,0.468391,0.453029,0.491348,0.494287,0.612676,0.51635,0.569968,0.433122,0.464125,0.571129,0.545974,0.458663,0.599219,0.477738,0.337021,0.511882,0.461212,0.414348,0.48237,0.506003,0.471768,0.524256,0.522509,0.56964,0.478996,0.474816,0.484671,0.463791,0.416819,0.572936,0.469424,0.484198,0.52139,0.469725,0.491012,0.384892,0.4874,0.532862,0.438349,0.651913,0.474928,0.467449,0.554401,0.491863,0.497006,0.505943,0.522443,0.533376,0.506139,0.504053,0.419367,0.488397,0.450193,0.547593,0.525476,0.449362,0.467335,0.529363,0.429136,0.5158,0.617763,0.491569,0.527548,0.561071,0.512511,0.495741,0.520042,0.482783,0.484024,0.450428,0.514907,0.517876,0.510878,0.525714,0.559292,0.448066,0.521708,0.511214,0.484819,0.521494,0.506377,0.582404,0.508941,0.476667,0.543854,0.390503,0.476945,0.470065,0.550049,0.492519,0.497247,0.505464,0.520637,0.530694,0.505644,0.503727,0.425763,0.489331,0.454182,0.54378,0.523427,0.453416,0.469959,0.527003,0.434776,0.514528,0.608591,0.492248,0.525333,0.556195,0.511504,0.496084,0.518429,0.484169,0.48531,0.454399,0.513707,0.516437,0.510002,0.523645,0.554556,0.452223,0.519961,0.510311,0.486041,0.519764,0.505864,0.575873,0.508221,0.478544,0.540337,0.399072,0.432503,0.412685,0.643653,0.477991,0.491898,0.51608,0.560481,0.589487,0.516609,0.510968,0.29306,0.468634,0.367962,0.626394,0.568572,0.365849,0.412383,0.578894,0.315974,0.542672,0.785704,0.477196,0.574082,0.660256,0.533815,0.488475,0.554058,0.453521,0.456856,0.368559,0.540269,0.548249,0.52941,0.569205,0.65586,0.362567,0.558517,0.530316,0.458993,0.557944,0.517253,0.711005,0.524182,0.437142,0.616793,0.230611,9.01307,9.05316,7.06718,8.36104,7.82697,7.70904,8.24323,7.34652,8.60102,7.73398,9.56348,8.83513,8.44654,8.05239,8.20312,9.16152,9.11355,7.39965,8.72803,8.33098,7.10209,8.79327,8.25934,8.12281,7.62236,8.01971,7.69894,9.7594,8.89287,9.14732,8.34277,9.36829,8.34783,8.28361,7.46811,9.31055,8.66695,8.47517,8.16387,8.3394,8.59787,7.5271,8.42153,8.84757,8.07404,10.1477,2,5,3,6,1,6,4,4,7,7,3,6,16,13,17,11,9,12,10,5,6,8,6,7,4,2,0,2,7,3,7,8,8,7,8,4,3,3,6,7,9,2,1,2,32,21,14,6,4,4,1,2,0,4,0,6,3,0,3,14,12,12,6,3,10,8,3,6,0,8,6,5,2,6,6,5,5,8,4,2,0,2,2,2,3,3,0,3,7,4,7,9,14,12,17,20,16,20,11,11,9,2,3,3,1,4,3,2,9,5,4,2,5,2,7,4,3,6,8,1,2,8,2,1,2,4,1,1,2,1,4,7,3,5,8,5,5,6,10,13,6,4,8,14,5,4,8,3,8,8,15,7,10,7,5,7,6,5,3,14,4,3,7,4,2,12,6,4,10,7,8,9,3,4,1,7,5,4,4,2,9,5,5,5,5,4,9,8,17,8
178.566,0.977027,0.0128217,9,511,0,-114.713,8.6958,0.493393,0.180192,-0.519095,0.778237,-0.922908,-0.233762,0.140819,0.0496896,-0.100196,0.153783,0.492198,-0.0763372,0.807854,0.976023,0.118928,-0.076758,0.0369596,-0.531729,-0.448732,0.453529,0.632961,0.0697836,-1.0177,0.476079,0.0311904,-0.138366,-0.282331,-0.540346,-0.647921,1.30285,0.767568,0.24854,-0.111311,0.637977,-0.361851,-0.156265,0.194897,-0.674406,-0.141562,0.55712,-0.23987,0.357385,0.419474,-0.73384,0.0914216,-0.148155,0.0817054,-1.39673,-0.0235783,0.114062,-0.157903,0.100649,-0.214475,0.128742,0.0588239,-0.127765,0.295782,0.080192,-0.191115,0.212581,0.053953,-0.077854,0.497293,0.466108,0.170929,-0.235835,-0.0767536,0.375896,0.783829,0.843452,0.305468,-1.42209,0.644913,1.15418,1.51769,1.05654,0.761891,-0.75167,-0.76689,0.593231,-0.328599,0.851858,-0.197519,1.61154,-0.0474509,-0.397837,0.301029,-1.49539,0.971432,0.0529602,0.607529,0.541387,-0.0381772,-1.48393,-0.53491,0.580518,1.02887,1.03123,0.0878377,0.173813,-0.701751,0.638505,0.191401,-0.645999,-0.579981,-0.0261893,0.647353,-0.803015,1.00756,0.185677,0.0933757,0.423171,1.16407,0.948048,0.28244,-0.443712,-0.571388,0.0232572,-0.194459,-0.498575,0.127278,-0.17395,-0.16107,0.0321888,0.163249,0.429714,0.281818,-0.0577326,0.293482,0.313531,0.580113,-0.12444,0.109489,-0.575927,-0.523361,-0.192458,0.0652036,17.0371,0.439805,0.589704,0.394085,0.472787,0.516403,0.50579,0.488327,0.517912,0.557104,0.491106,0.59304,0.611811,0.513855,0.491057,0.504307,0.438354,0.4479,0.552652,0.573227,0.508131,0.383585,0.55525,0.503634,0.483882,0.467148,0.437366,0.425068,0.647317,0.5885,0.528929,0.487032,0.573798,0.457934,0.481799,0.522695,0.422054,0.48351,0.564557,0.472078,0.541549,0.548725,0.415312,0.510651,0.482743,0.50952,0.342759,0.477832,0.533207,0.460644,0.490012,0.506017,0.502123,0.495719,0.506571,0.52102,0.496738,0.534467,0.541611,0.505082,0.49672,0.501579,0.477294,0.480834,0.519371,0.527021,0.502982,0.456621,0.520333,0.501333,0.494088,0.487938,0.476926,0.472341,0.555445,0.532753,0.510619,0.495244,0.527235,0.484542,0.493323,0.508328,0.471213,0.493951,0.523789,0.489751,0.515267,0.517917,0.468682,0.503907,0.493669,0.503491,0.440597,0.574188,0.389787,0.629839,0.533607,0.479736,0.492846,0.514422,0.477873,0.429603,0.510989,0.385738,0.363058,0.482883,0.51105,0.494679,0.575967,0.564252,0.435069,0.409861,0.489954,0.642475,0.43188,0.495509,0.519912,0.540561,0.577178,0.592221,0.320746,0.39125,0.464276,0.516021,0.409163,0.551912,0.522484,0.471968,0.595899,0.520371,0.420466,0.534482,0.448724,0.439895,0.604114,0.48684,0.521319,0.488238,0.690917,0.567504,0.39956,0.618459,0.530547,0.481584,0.493499,0.513107,0.47989,0.435954,0.509987,0.395847,0.375003,0.484444,0.510042,0.495164,0.569126,0.558444,0.440937,0.417932,0.490871,0.630095,0.43803,0.495919,0.518096,0.536873,0.570231,0.583971,0.335846,0.4009,0.467527,0.51456,0.417294,0.547204,0.520434,0.474522,0.587335,0.518513,0.427618,0.531344,0.453376,0.445335,0.594853,0.488041,0.519375,0.489311,0.675023,7.58721,9.09617,7.00754,7.79442,8.13603,8.03929,8.16278,8.1498,8.66056,7.9055,9.6213,9.17341,8.11279,8.05667,8.30839,8.19985,7.66186,8.46792,8.65825,8.34323,7.05878,8.64346,8.30355,8.20012,7.68683,7.94513,7.83104,9.73674,8.95257,9.02803,8.15098,9.25482,8.38009,8.10455,8.24948,7.55478,8.68006,8.86172,8.26398,8.6498,8.5834,7.49177,8.3662,8.11187,8.09176,6.65798,0,2,1,1,2,9,16,13,9,15,14,15,18,14,28,11,19,18,12,15,13,17,12,10,13,0,2,1,5,1,17,11,9,7,4,4,5,3,6,8,9,7,0,3,17,22,22,0,3,2,1,2,3,2,1,0,0,1,1,26,18,15,21,4,1,4,2,6,5,2,4,5,7,5,4,8,6,3,1,0,0,1,2,1,2,2,0,7,8,10,3,12,9,4,8,10,9,11,10,9,5,9,3,6,1,2,2,6,7,9,7,3,3,0,8,6,1,0,0,1,2,0,4,8,2,4,3,1,6,9,9,6,12,6,10,9,11,15,7,1,4,13,5,5,8,3,9,1,0,1,0,1,2,3,2,4,3,7,6,8,5,3,3,3,10,2,10,4,6,4,4,11,6,7,2,4,5,4,15,3,7,8,2,6,7,11,3,4,2,2
177.713,0.771381,0.0128217,9,511,0,-105.64,9.46655,0.603589,0.156681,-0.275724,0.449438,-0.653553,0.748095,0.228567,1.21746,-0.19913,-1.50908,0.0148215,0.103551,0.768662,0.536765,-0.540273,-0.275353,-0.54679,-0.798721,-0.22979,1.08118,0.738136,-0.0396151,-1.21237,-0.131227,-0.32038,-0.600535,-0.128551,-0.749382,-0.833376,0.816702,0.43027,0.23706,-0.0821341,0.384068,-0.382353,-0.838354,0.0786374,0.36529,-0.388211,0.901065,-0.0787604,-0.364319,0.195793,-0.852074,0.0437015,0.0902794,0.103696,-1.51762,0.0443309,-0.242219,-0.0144717,0.0556395,-0.143121,-0.056125,0.00249992,0.256582,0.192089,0.114963,-0.107891,-0.077788,0.165901,-0.242741,0.170857,0.43894,-0.559253,-0.323872,-0.0784939,0.365878,0.329719,0.727256,0.245549,-0.484307,0.229159,-0.592646,-0.40149,0.0787897,-0.342536,-1.20321,-1.71913,1.08418,-1.54448,0.865918,0.0251818,0.683161,0.223809,-0.983351,-0.171664,-1.15837,0.166483,-0.783084,0.246481,0.2641,0.160845,-0.9495,-0.425683,-0.776984,0.298144,0.592588,-0.394787,0.376311,-0.28439,-0.20504,0.834708,-0.660331,-0.869557,-1.44132,0.61383,0.0677712,0.593731,-0.602817,0.109281,0.489391,0.705913,0.483447,0.299261,-0.220157,-0.0454709,-0.377207,-0.128505,-0.0116032,-0.115262,0.274521,0.0443035,0.384419,-0.0511349,-0.470534,0.161889,0.321874,-0.218182,-0.459267,-0.0802469,-0.325071,0.0339723,0.0622686,-0.398293,0.448179,0.0990859,17.3356,0.46978,0.54916,0.42877,0.581363,0.525061,0.630507,0.478162,0.340202,0.501626,0.511361,0.583558,0.558631,0.440989,0.469821,0.440284,0.413239,0.474805,0.616466,0.580298,0.495653,0.370014,0.485604,0.464901,0.434479,0.485897,0.4185,0.409556,0.588673,0.547076,0.52599,0.490988,0.542046,0.458141,0.409027,0.508628,0.539999,0.457502,0.597609,0.491358,0.460106,0.521472,0.407572,0.504795,0.509906,0.511377,0.33936,0.538474,0.437491,0.590372,0.396906,0.468087,0.336067,0.527812,0.699298,0.497928,0.485526,0.394156,0.425512,0.574968,0.538422,0.575858,0.609851,0.532083,0.35328,0.39824,0.505538,0.663297,0.518339,0.544674,0.583182,0.517965,0.603266,0.614453,0.387759,0.440131,0.466904,0.511481,0.446508,0.553255,0.615112,0.489007,0.449104,0.554065,0.376619,0.51101,0.550761,0.472653,0.616927,0.49389,0.48738,0.485506,0.700302,0.495708,0.506996,0.489827,0.511644,0.503558,0.518943,0.4969,0.476525,0.500231,0.501612,0.511964,0.508355,0.49159,0.495714,0.491489,0.487569,0.496423,0.516825,0.511489,0.499383,0.481136,0.497957,0.495013,0.490652,0.497999,0.488336,0.48703,0.512711,0.506698,0.50369,0.498721,0.505979,0.494048,0.486952,0.501224,0.505686,0.493957,0.514023,0.498774,0.494329,0.503048,0.486739,0.50068,0.501405,0.501614,0.476392,0.527427,0.455367,0.564711,0.426056,0.477257,0.381094,0.519818,0.645898,0.498524,0.48969,0.424054,0.446755,0.55359,0.52739,0.554232,0.578867,0.522865,0.393977,0.427026,0.503945,0.618428,0.513064,0.531858,0.559514,0.512797,0.574069,0.582229,0.419388,0.457261,0.476413,0.508178,0.461831,0.537999,0.582711,0.49217,0.463691,0.538579,0.411229,0.507842,0.536213,0.480514,0.584039,0.495649,0.491012,0.489676,0.646676,8.17001,9.04022,7.06015,8.62647,8.05293,9.16194,8.21565,6.10483,8.49721,7.91215,9.58646,9.08467,7.18741,8.17043,7.8245,7.82368,8.22172,9.00987,8.6258,8.3953,7.11976,8.33271,8.17347,8.19081,7.65072,7.96546,7.87128,9.61894,8.96493,8.9889,8.34741,9.41611,8.29141,7.59158,7.87358,8.94555,8.61286,9.54715,8.71965,8.12402,8.70103,7.5762,8.48915,8.54161,8.08809,6.78036,5,1,0,3,4,10,13,8,13,2,3,2,4,2,2,1,0,5,6,4,7,5,8,2,3,3,3,7,1,0,25,27,24,15,23,2,1,1,12,10,15,13,5,11,18,15,3,9,10,20,6,2,3,0,0,2,1,4,3,9,10,9,5,3,8,1,13,11,12,9,9,10,11,12,5,8,10,7,6,1,3,4,3,3,4,5,11,5,2,3,0,12,16,15,12,22,14,20,28,9,2,13,14,10,3,5,1,12,5,6,7,2,16,8,9,9,5,4,7,2,1,2,7,0,2,1,2,2,10,13,15,13,16,16,24,20,18,22,21,15,21,9,17,17,19,31,18,14,18,22,11,19,13,7,5,3,5,14,8,12,4,22,9,14,28,16,20,20,30,19,10,19,13,15,13,24,19,13,24,6,15,18,7,7,7,9,8,4,5,7
185.459,0.96507,0.0128217,8,511,0,-117.495,9.00126,0.434353,0.182077,-0.00125634,0.382823,-1.17826,-0.499365,0.0292601,-0.925412,-0.501633,1.15144,0.297441,-0.419928,0.969058,0.789811,0.360897,-0.307926,0.109494,0.72003,0.426613,-0.653127,0.368989,-0.428357,-1.20383,0.0692435,-0.205992,-0.444592,-0.553199,-0.229411,-0.516017,0.627323,0.406063,0.59575,-0.40515,0.271507,-0.0803257,0.403552,-0.157283,-0.200549,0.0358425,-0.234953,-0.111261,-0.0849845,0.187508,-0.965853,-0.282264,-0.15302,-0.514211,0.549236,0.200875,0.0673564,-0.207952,0.19592,-0.0834896,0.0252228,0.0236572,0.0673869,-0.409197,-0.40332,-0.0584686,0.103148,-0.00260541,0.217821,-0.280939,0.0618284,0.761817,-0.256045,-0.0761183,0.355324,0.887908,0.597612,0.279077,-0.648219,-0.0639417,0.193783,0.449132,-0.0686479,0.254316,-1.03175,-0.468611,0.731993,-0.629226,0.347463,-0.583181,0.595567,0.136516,-0.35896,-0.675022,-0.91137,0.672446,-0.709934,-0.232616,0.734468,0.304343,-1.08235,-0.290219,-0.602576,0.34147,0.838748,-0.35458,0.141284,-0.941235,0.134059,-0.382845,-0.0433034,-1.15072,-0.518018,0.0888553,-1.01773,0.524332,-0.22425,-0.334116,0.605005,0.646821,0.20578,-0.285832,-0.141203,0.06904,0.443992,0.0189567,-0.48506,0.228245,0.154878,-0.243424,0.486912,0.143001,0.101763,-0.0786978,-0.225849,0.555601,-0.240605,-0.079218,-0.0724973,0.154143,-0.598704,-0.0462472,-0.117791,-0.0104913,19.8022,0.499981,0.505917,0.481796,0.492282,0.500452,0.4857,0.492247,0.51779,0.504597,0.493509,0.514974,0.512206,0.505578,0.49524,0.501692,0.511128,0.506594,0.489906,0.505703,0.493379,0.481401,0.50107,0.496816,0.493128,0.49145,0.496454,0.492025,0.509695,0.506276,0.509208,0.493738,0.504197,0.498758,0.506237,0.497569,0.4969,0.500554,0.496368,0.49828,0.498686,0.502898,0.485075,0.495637,0.497635,0.492052,0.508489,0.499761,0.572398,0.28954,0.406024,0.505572,0.330706,0.405608,0.70624,0.556408,0.420698,0.676612,0.646043,0.568305,0.441622,0.520842,0.633795,0.580542,0.378113,0.569816,0.419134,0.285549,0.513185,0.460848,0.416126,0.396173,0.456419,0.402969,0.617253,0.576726,0.611555,0.423444,0.551526,0.484706,0.576258,0.47008,0.461879,0.506826,0.455371,0.478823,0.48382,0.535651,0.323922,0.446448,0.47089,0.4033,0.603105,0.500188,0.44295,0.66939,0.574191,0.495621,0.635074,0.574523,0.334172,0.455598,0.562524,0.358891,0.383939,0.446191,0.545959,0.483617,0.393867,0.436491,0.596531,0.444995,0.563766,0.67277,0.489637,0.530793,0.566155,0.582052,0.534284,0.576627,0.407193,0.43952,0.411764,0.560346,0.459451,0.512021,0.43989,0.523524,0.529981,0.494635,0.535109,0.516647,0.512717,0.471964,0.640667,0.542148,0.522887,0.576363,0.418525,0.500015,0.495574,0.513619,0.505773,0.499662,0.510698,0.5058,0.48669,0.496561,0.504855,0.488798,0.490869,0.495827,0.50356,0.498734,0.491676,0.495068,0.507551,0.495734,0.504952,0.513915,0.499199,0.502382,0.50514,0.506396,0.502652,0.505966,0.492748,0.495305,0.493112,0.504684,0.496861,0.500929,0.495334,0.501818,0.502319,0.499586,0.502716,0.501286,0.500983,0.497832,0.511165,0.503263,0.501769,0.505945,0.49365,8.44895,9.06462,6.8755,7.76016,8.24875,7.15995,8.15406,9.52488,8.79108,7.73448,9.47107,9.35221,8.6285,8.09769,8.85356,9.18918,8.93877,7.46861,8.63775,8.23771,7.08203,8.52974,8.39027,8.18987,7.5824,8.14256,7.81496,9.57614,8.91529,9.04784,8.26422,9.40633,8.27448,9.08831,8.15137,8.3965,8.55366,8.3571,8.27789,8.52889,8.66523,7.52537,8.40475,8.55274,8.05454,9.07869,3,1,0,2,1,8,4,4,9,9,5,8,4,2,7,4,11,8,12,7,3,19,10,1,12,2,2,1,4,9,9,10,15,6,4,3,4,4,16,5,18,5,1,2,16,13,15,1,5,5,5,10,4,3,7,2,1,0,2,24,11,16,19,3,5,8,9,6,4,4,2,6,3,4,5,3,6,8,3,0,7,1,4,2,0,3,0,6,4,6,2,6,4,2,7,4,10,6,8,0,7,5,3,2,4,2,2,3,3,8,2,6,9,2,3,4,12,11,1,1,0,0,7,8,1,4,10,9,4,4,2,16,11,9,22,15,13,15,5,11,10,12,10,17,15,15,10,3,1,1,1,1,4,4,6,6,1,3,2,15,10,21,15,8,7,10,13,13,12,12,5,10,3,11,6,18,6,7,11,9,6,8,6,0,4,5,0,6,5,1
182.914,0.959953,0.0128217,9,511,0,-123.855,8.98013,0.542275,0.260338,-0.363784,0.468773,-0.821826,0.450947,1.3475,0.93374,-0.250143,-1.37252,-0.433458,-0.0167457,0.916995,0.255091,0.998537,-0.14816,-0.482099,-0.789984,-1.18726,0.0475108,0.783591,-0.206337,-1.16731,0.224604,-0.238651,-0.780057,-0.241441,-0.556895,-0.824427,0.572279,0.595274,0.530881,-0.173283,-0.0285058,-0.173464,-0.680223,0.496651,-0.184473,-0.310987,0.0983902,-0.265245,-0.229007,0.303261,-0.92187,-0.0655112,0.450229,-0.479704,-0.298864,-0.131421,-0.0852104,0.399213,0.0100221,0.186836,-0.024978,0.198137,-0.0287955,0.331603,-0.248333,0.261151,-0.38694,-0.0473684,0.000190787,0.121528,0.475941,-0.0646983,-0.0881171,-0.0978684,0.364714,-0.91126,0.669296,0.289731,-0.47751,0.188783,-0.131777,0.610039,-0.159949,-0.293604,-0.5302,-1.36844,1.04201,-1.19617,0.418516,0.0925142,0.165604,0.185099,-0.421651,0.0685394,-0.732091,0.550104,-0.638838,0.837139,0.639986,0.113544,-0.969188,-0.15564,-0.330947,0.253586,0.202331,-0.429797,0.20909,-0.443967,0.233126,-0.292842,-0.63778,-1.18228,-0.919082,0.219314,-0.302819,0.703509,-0.873928,0.122209,0.450261,0.946069,0.803882,0.620102,-0.297117,0.682311,0.0142266,-0.519264,-0.216277,-0.334114,0.399084,0.0985886,0.354607,-0.382771,-0.395448,0.457729,-0.218244,0.202247,-0.251106,-0.0454856,-0.0851558,0.29863,-0.266942,-0.44031,0.0950397,0.0448817,17.8491,0.456823,0.555547,0.403443,0.553451,0.655054,0.609308,0.470272,0.34226,0.448607,0.498008,0.607409,0.530315,0.616624,0.482378,0.442888,0.407095,0.362376,0.505653,0.59217,0.475469,0.364573,0.526699,0.471635,0.408236,0.471304,0.434123,0.403145,0.567675,0.570359,0.562833,0.479394,0.496608,0.479372,0.419763,0.558821,0.478065,0.463065,0.511705,0.468482,0.472778,0.536021,0.392038,0.492206,0.553367,0.443169,0.464499,0.505884,0.492418,0.51329,0.492707,0.478219,0.484902,0.504046,0.522185,0.507011,0.500271,0.485172,0.495874,0.483855,0.502396,0.507797,0.512775,0.519194,0.499232,0.487328,0.503337,0.518872,0.496367,0.50386,0.512614,0.503905,0.509007,0.513332,0.490745,0.490373,0.491414,0.502803,0.500461,0.502806,0.511001,0.491968,0.502984,0.50503,0.498409,0.50429,0.503704,0.495095,0.514906,0.50106,0.492718,0.507758,0.504834,0.524258,0.468757,0.554626,0.469942,0.411031,0.438007,0.516687,0.590585,0.528895,0.501118,0.439108,0.482983,0.433754,0.509886,0.532129,0.552525,0.578576,0.496829,0.447897,0.513767,0.577277,0.485015,0.515921,0.55187,0.516107,0.537096,0.554798,0.461883,0.460358,0.464631,0.511562,0.501902,0.511574,0.545271,0.466904,0.512308,0.520742,0.493434,0.517694,0.515278,0.479773,0.561213,0.504372,0.46999,0.53197,0.519934,0.539959,0.448581,0.58949,0.450523,0.355874,0.39864,0.527507,0.646648,0.54757,0.501843,0.400409,0.47195,0.39182,0.516303,0.55287,0.586093,0.627794,0.49477,0.41459,0.522697,0.625738,0.475296,0.526246,0.585033,0.526552,0.560996,0.589767,0.437336,0.434846,0.441827,0.519065,0.503138,0.519085,0.574323,0.445547,0.520295,0.534179,0.489171,0.529164,0.525187,0.466667,0.600107,0.507211,0.450602,0.552609,0.532851,7.92909,8.99425,7.02889,8.88383,9.32024,8.88428,8.25665,6.4485,7.85543,7.87982,9.55718,8.58359,8.95262,8.1571,8.01141,7.75307,7.0598,7.94779,8.72581,8.30297,7.08082,8.55135,8.24615,8.12203,7.64218,7.93315,7.6506,9.76419,8.94319,9.14944,8.33793,9.19429,8.40464,7.77943,8.93213,8.30345,8.72554,8.60261,8.24146,8.25635,8.63453,7.52433,8.45191,8.9973,8.10754,7.99773,0,5,4,3,3,9,13,10,4,2,7,8,7,9,6,15,9,17,1,7,6,5,4,6,8,1,4,2,1,0,10,18,20,7,6,1,0,1,12,10,13,9,6,7,12,10,8,2,2,3,0,5,1,5,3,1,4,0,1,7,9,9,4,5,3,8,9,10,7,10,10,5,10,4,5,3,4,5,3,2,0,3,2,4,7,4,3,3,5,2,4,15,10,13,9,6,17,14,8,5,3,5,8,9,3,1,9,10,8,6,3,2,9,8,2,8,6,0,1,0,2,2,4,5,9,6,3,2,6,5,2,10,16,9,19,12,23,16,12,30,9,9,14,13,23,13,15,7,2,6,5,8,3,5,7,2,3,2,8,7,13,6,16,6,5,8,8,10,9,11,7,10,4,7,11,3,7,2,7,5,9,3,7,12,6,13,2,2,5,5
175.409,0.942415,0.0128217,8,511,0,-103.578,9.04276,0.656765,0.254699,-0.297773,0.41411,-0.593091,0.446472,0.0437947,0.800527,-0.335589,-0.269045,-0.158384,0.105919,0.707402,0.348226,1.19884,0.0943853,-0.292295,-1.20252,-1.16938,1.10877,0.77056,-0.122375,-0.895884,0.337898,-0.278385,-0.637366,-0.0931343,-0.561989,-0.70728,0.61319,0.603317,0.40613,-0.317642,0.108654,-0.130207,-0.603148,-0.703844,0.718244,-0.17997,-0.0742324,0.7155,-0.131564,0.374832,-0.748464,-0.0584085,-0.482943,-0.315285,-0.224969,-0.174274,0.492877,-0.0210693,0.0597366,0.152347,0.367085,-0.108138,0.0168545,0.0945743,-0.110232,0.10292,-0.104818,-0.193591,0.286125,-0.124985,1.00414,0.00953233,-0.37839,-0.0758883,0.375882,-0.0692324,0.625268,0.320369,-0.142118,0.54022,0.160696,0.397338,0.154006,-0.178238,-0.540623,-0.90807,1.04474,-1.13694,0.477502,-0.689276,0.533736,0.595038,-0.411129,0.387682,-1.0421,0.417348,-0.664542,0.627214,0.952833,0.500428,-0.901134,-0.30051,-0.130313,0.263126,0.00743404,0.105129,0.00611369,-0.643798,0.392617,-0.58821,-0.403961,-1.14428,-0.465474,0.162254,-0.669818,1.03987,-0.62953,-0.208729,0.000508021,1.11695,0.498287,0.875187,-0.549924,-0.208154,-0.20865,-0.366586,-0.280078,-0.388278,0.178982,-0.353073,0.405799,0.218608,0.110124,0.625731,-0.27265,0.0872659,-0.0289877,0.011776,-0.0115546,0.21512,-0.696804,-0.262937,0.225095,-0.0161839,20.4091,0.425801,0.602483,0.355364,0.610239,0.510992,0.690795,0.416544,0.432868,0.460324,0.526564,0.670474,0.586537,0.769201,0.523676,0.427146,0.230144,0.236094,0.752754,0.684331,0.469318,0.289135,0.584019,0.430567,0.345246,0.476637,0.36255,0.329553,0.649246,0.646985,0.600563,0.42093,0.527249,0.46736,0.353054,0.330316,0.672875,0.454944,0.481374,0.672268,0.467021,0.593,0.320481,0.485342,0.381086,0.421507,0.443764,0.49929,0.500987,0.498587,0.501064,0.500104,0.501908,0.4992,0.499359,0.499623,0.500252,0.501686,0.50083,0.502857,0.500225,0.499303,0.497134,0.497213,0.502642,0.501836,0.499708,0.497865,0.500805,0.499337,0.498481,0.499778,0.498661,0.498315,0.501461,0.501438,0.500968,0.499243,0.500259,0.49969,0.498563,0.498323,0.501712,0.499571,0.499823,0.501705,0.499686,0.500893,0.498216,0.499861,0.498849,0.499249,0.499464,0.551687,0.428358,0.601871,0.422845,0.492372,0.364054,0.558195,0.546731,0.527563,0.481557,0.379206,0.439634,0.302513,0.483564,0.550743,0.698027,0.693137,0.315918,0.368902,0.521305,0.651186,0.441408,0.548344,0.60924,0.516218,0.596667,0.620774,0.394778,0.396422,0.42972,0.555109,0.481081,0.522667,0.603549,0.62021,0.377429,0.53131,0.512928,0.377878,0.522903,0.435073,0.627506,0.510173,0.583344,0.554703,0.53911,0.519564,0.472806,0.538908,0.470685,0.497121,0.447571,0.522045,0.517678,0.51041,0.493038,0.453633,0.477126,0.421841,0.493796,0.519204,0.578395,0.576268,0.427628,0.44952,0.508044,0.55862,0.477803,0.518291,0.541799,0.506122,0.536875,0.546359,0.459779,0.460424,0.473329,0.520868,0.492858,0.508558,0.539565,0.546135,0.452927,0.511828,0.504879,0.453105,0.508647,0.475381,0.549042,0.503839,0.531703,0.520713,0.514784,7.81722,9.07044,7.01537,9.05414,7.80855,8.74584,8.07774,7.41725,7.99128,7.88631,9.40448,8.62464,9.2229,8.30767,8.13168,7.05236,6.75511,9.11631,8.70938,8.34395,7.08187,8.61178,8.2053,8.22446,7.63712,7.95211,7.77369,9.74283,8.94043,9.033,8.10009,9.5262,8.36289,7.8027,7.62272,9.44526,8.84295,8.46048,9.54063,8.38873,8.65773,7.62467,8.42401,7.89478,8.09955,7.90806,10,8,6,7,6,19,16,19,16,3,6,6,2,1,4,5,7,1,1,6,1,6,5,6,4,4,4,2,0,3,20,18,13,20,29,2,1,1,12,10,15,5,1,2,14,20,10,14,18,7,1,1,3,6,10,1,2,0,1,10,14,22,17,1,0,3,13,11,11,3,17,8,7,20,10,11,9,17,4,2,1,0,10,3,3,11,1,3,1,4,3,15,21,18,16,13,15,10,7,8,8,10,3,8,8,3,3,7,6,6,12,6,14,7,8,2,10,0,4,2,1,1,0,2,1,3,2,3,16,3,7,18,23,18,18,28,14,33,30,23,21,9,24,40,30,29,20,4,6,7,11,7,8,4,3,11,8,5,3,9,10,8,10,11,5,7,8,14,6,6,7,17,19,18,12,14,10,10,11,10,8,4,5,10,8,9,4,3,4,2
178.134,0.999011,0.0128217,8,255,0,-107.797,8.83621,0.666904,0.278403,0.0418304,0.559905,-0.634978,-0.0569109,0.263377,0.891631,-0.202859,0.00212,-0.449959,0.105385,1.03368,0.75283,1.53334,-0.12185,-0.720358,-1.47224,-0.864835,1.45944,0.779081,-0.170208,-0.999881,0.358689,-0.0528489,-0.264155,-0.0465377,-0.676186,-0.936673,0.639554,0.57144,0.517762,-0.142756,0.466916,-0.0705191,-0.748943,-0.725869,-0.174924,-0.144799,-0.500469,-0.224353,-0.259852,0.338705,-0.748579,-0.0343615,-0.730428,0.141918,0.207293,0.437892,0.158436,-0.244231,0.163358,-0.170461,0.376084,0.0130662,0.0778739,0.150109,0.203063,0.288427,-0.237292,0.034047,-0.250902,0.0284895,0.686701,-0.172757,-0.227061,-0.0652904,0.371459,0.417198,0.668975,0.287622,-0.458607,0.106791,0.488606,0.3671,0.245494,-0.0936872,-0.334046,-0.136648,1.13715,-0.446406,0.550697,-0.59264,0.179431,0.191912,-0.141573,0.12134,-1.22048,0.238675,-1.04499,0.62118,0.722939,0.446164,-0.798722,0.18,-0.350916,0.358222,0.274058,0.0819301,0.0536238,-0.506135,0.644313,0.195205,-0.685763,-0.876315,-0.560606,0.232609,-1.16579,0.873605,-0.737182,-0.11103,0.266075,1.11082,0.678274,0.922805,-1.16916,-0.191003,0.276503,-0.229407,-0.0870034,-0.270962,0.368417,-0.335019,0.559872,-0.176976,0.281311,0.41607,-0.445447,-0.0910575,-0.189834,0.209617,-0.169002,0.152366,-1.08066,-0.386773,0.245641,0.0368662,25.3508,0.507181,0.594955,0.392685,0.490231,0.545092,0.648462,0.46523,0.500364,0.423362,0.518084,0.670364,0.626439,0.74134,0.479093,0.378794,0.266786,0.355744,0.731491,0.630648,0.470813,0.334785,0.561269,0.490928,0.454775,0.492011,0.385957,0.34452,0.608064,0.596862,0.587962,0.475512,0.579478,0.487896,0.374186,0.377904,0.470006,0.475162,0.414918,0.46156,0.455508,0.557887,0.374244,0.494101,0.377168,0.524345,0.535527,0.498193,0.475837,0.527397,0.502458,0.488627,0.461567,0.50876,0.499908,0.519424,0.495449,0.455474,0.467532,0.434161,0.505262,0.531072,0.563244,0.537282,0.4373,0.466403,0.507351,0.543077,0.484513,0.502282,0.511407,0.50201,0.529171,0.540366,0.472406,0.47534,0.477653,0.506165,0.479845,0.503046,0.532301,0.531309,0.507554,0.506253,0.521601,0.509688,0.511221,0.485376,0.532286,0.501484,0.531505,0.493871,0.491048,0.488701,0.353185,0.665121,0.515371,0.429321,0.276167,0.554587,0.499427,0.619224,0.471559,0.246557,0.307133,0.160162,0.532872,0.685349,0.830757,0.718007,0.171197,0.30113,0.545855,0.746595,0.40429,0.514274,0.570885,0.51257,0.674965,0.733456,0.333779,0.350342,0.363657,0.538492,0.376465,0.519043,0.691972,0.686632,0.547118,0.53904,0.632007,0.560317,0.569745,0.409502,0.691888,0.509282,0.687691,0.461734,0.444229,0.495955,0.446072,0.561091,0.505503,0.474555,0.41463,0.519605,0.499795,0.543399,0.489811,0.40136,0.427716,0.355934,0.51178,0.569207,0.63863,0.582853,0.362513,0.425233,0.516452,0.595494,0.465373,0.50511,0.52552,0.5045,0.565012,0.589592,0.438473,0.444969,0.450103,0.5138,0.454975,0.506818,0.571916,0.569729,0.516908,0.513997,0.548241,0.52168,0.525105,0.467296,0.571881,0.503322,0.570161,0.486281,0.479967,8.33814,9.03552,7.00274,8.17798,8.01245,8.71636,8.25854,7.71853,7.78512,7.83473,9.61515,9.13633,9.42659,8.15395,7.67783,6.81347,7.32073,9.34538,8.59074,8.29527,7.17029,8.6945,8.34677,8.11705,7.66377,8.00715,7.71627,9.66414,8.93328,9.03881,8.32616,9.24201,8.37743,7.56532,7.4269,8.20941,8.65373,7.84361,8.51426,8.1139,8.67205,7.56573,8.44812,7.66657,8.13295,8.5243,5,7,6,3,5,16,12,15,6,7,2,5,6,4,3,3,3,3,6,8,3,7,4,10,4,3,2,5,2,4,14,13,12,17,13,5,3,1,6,12,19,7,6,6,8,9,9,8,7,8,3,5,3,2,2,0,3,2,2,18,18,18,5,4,3,2,8,9,9,9,9,8,5,14,8,12,8,13,7,4,1,5,5,5,7,7,6,1,3,2,2,9,4,8,14,14,12,5,16,2,3,4,7,12,1,3,6,8,6,7,8,5,14,12,9,8,4,6,5,1,0,2,2,2,3,5,2,4,8,4,12,20,12,21,24,13,28,18,10,19,15,17,20,10,25,11,17,1,5,4,8,7,2,4,4,5,2,6,4,16,10,10,11,11,10,16,13,11,17,5,6,10,4,13,8,4,8,16,7,9,7,16,11,7,17,10,3,7,3,2
177.301,0.949436,0.0128217,9,511,0,-101.16,9.26856,0.562375,0.287599,-0.0715459,0.513437,-0.82728,0.942619,-0.0212982,-0.478759,-0.147958,0.454636,0.729541,-0.229242,0.672773,0.580923,-0.775669,-0.285963,0.418656,0.946348,-0.620634,-0.429427,0.427632,-0.0720098,-1.20424,0.241173,-0.0937182,-0.656223,-0.355327,0.0898941,-0.158162,0.129315,0.337913,0.283252,-0.0012246,0.121657,-0.278388,-0.168027,0.856845,-0.16008,-0.143617,0.470661,-0.0397936,0.190927,0.074521,-0.654484,0.0280658,0.402071,-0.511125,-0.556559,0.347418,-0.318981,0.212113,-0.0549618,-0.35879,-0.361908,0.108963,-0.262137,-0.181405,-0.973961,0.426544,0.179557,0.319522,0.204084,0.181075,0.861976,0.423163,-0.288688,-0.171053,0.378192,0.0015673,0.656195,0.242097,-0.49773,0.385818,0.406802,0.642792,0.278648,0.450568,-0.978251,-0.346723,0.330926,-0.693922,1.05644,-0.541452,1.24837,-0.358076,-0.506894,-0.705873,-0.955786,1.04752,-0.41827,0.189325,0.222979,-0.135155,-0.463364,-0.630286,-0.159352,1.08892,0.765782,-0.068194,0.436916,-0.115467,0.182393,0.616244,-0.344592,-1.02095,-0.420349,0.393114,-0.328215,0.633325,0.0430309,0.373121,0.197696,0.970232,0.155027,-0.0852273,0.0346817,-0.295649,-0.146623,0.246856,-0.0725935,0.262759,-0.18611,0.256346,0.0546924,-0.120768,-0.693712,0.127847,0.3299,0.224863,-0.0557552,-0.366086,-0.228842,0.128629,0.080301,-0.703875,-0.0319217,0.128002,13.9334,0.484587,0.608871,0.328915,0.692645,0.49541,0.39827,0.468159,0.596736,0.652228,0.45076,0.641048,0.622634,0.338809,0.438687,0.589251,0.693329,0.369358,0.408503,0.591123,0.484487,0.261531,0.551785,0.479815,0.362241,0.424022,0.519362,0.46597,0.527838,0.572308,0.560738,0.499736,0.526192,0.440295,0.463854,0.676685,0.465558,0.469091,0.600056,0.491426,0.541051,0.516053,0.362588,0.506048,0.585787,0.391603,0.382313,0.492432,0.554104,0.413364,0.598419,0.497747,0.449524,0.484353,0.547948,0.576571,0.475767,0.570696,0.561149,0.41867,0.469785,0.544174,0.598798,0.434718,0.454695,0.545116,0.492383,0.37529,0.525492,0.490087,0.43102,0.46248,0.509509,0.483274,0.513677,0.535687,0.52993,0.49987,0.512867,0.470583,0.482232,0.589666,0.483072,0.484811,0.549628,0.49579,0.520187,0.507883,0.431201,0.502969,0.542433,0.446138,0.441392,0.498564,0.510306,0.483398,0.518914,0.499572,0.49039,0.49703,0.509126,0.514642,0.495398,0.513503,0.51166,0.484433,0.494259,0.508404,0.518989,0.487543,0.49138,0.508584,0.498554,0.475843,0.504841,0.498119,0.486829,0.492867,0.501805,0.496825,0.502596,0.506783,0.505686,0.499975,0.502442,0.494412,0.496627,0.517195,0.496786,0.497117,0.509448,0.499201,0.503833,0.501496,0.486864,0.500563,0.508071,0.48974,0.488829,0.512587,0.410622,0.641597,0.339957,0.503748,0.583458,0.526013,0.420674,0.374372,0.540252,0.383777,0.399177,0.633201,0.550151,0.426858,0.339368,0.607508,0.574996,0.425313,0.512669,0.700071,0.457663,0.516486,0.613465,0.562203,0.484187,0.527803,0.47726,0.440817,0.450321,0.500215,0.478605,0.548831,0.529533,0.353632,0.528139,0.525251,0.417928,0.507002,0.466453,0.48689,0.613174,0.495061,0.429717,0.588984,0.596703,8.47247,9.01534,7.07306,9.09255,8.05826,7.49667,8.23924,8.64278,9.45367,7.80253,9.51135,9.27301,7.13545,8.20891,8.93555,9.84188,7.79964,7.55701,8.60974,8.33266,7.09794,8.8571,8.26985,8.19625,7.64778,8.11967,7.81449,9.79848,8.97585,9.03535,8.41976,9.35757,8.34478,8.17846,8.98931,8.18823,8.64966,8.96307,7.96009,8.62002,8.6522,7.58312,8.4558,8.91524,8.09904,7.8777,3,2,0,7,4,8,5,4,4,12,11,3,10,13,25,14,11,13,12,4,6,15,3,9,16,3,3,1,9,2,13,7,8,4,4,1,0,2,9,13,12,2,4,1,18,6,17,3,0,0,0,2,3,1,1,2,0,1,1,9,19,8,15,4,5,7,1,2,6,3,8,8,4,2,0,2,6,3,4,1,5,5,4,1,4,4,0,1,4,10,6,4,3,11,15,13,6,12,11,5,9,5,7,4,8,1,8,8,3,3,5,2,0,8,5,6,2,2,4,3,4,1,3,6,3,4,4,8,4,2,3,10,6,6,16,7,9,2,10,10,8,8,6,7,7,3,17,4,0,3,3,4,1,5,5,2,11,6,6,7,4,4,5,7,5,11,12,4,13,12,3,12,6,9,7,10,11,7,5,9,3,4,8,6,3,6,7,6,4,1
167.684,0.977973,0.0128217,9,511,0,-112.592,8.43839,0.638657,0.485026,0.519439,0.611496,-0.417086,-0.647983,0.132132,0.0988509,0.0174137,-1.39238,-0.940931,0.389704,0.279804,0.775452,-0.139446,-0.0929126,-0.983472,-0.333537,0.166703,1.02215,1.20468,0.17964,-0.890831,0.412986,-0.169407,-0.286435,0.295738,-0.435508,-0.737524,1.20067,0.533535,-0.114157,0.0456131,0.293319,-0.708191,0.935203,0.202539,0.21806,0.219154,-0.694505,0.59089,0.164043,0.2823,-0.746658,0.224572,0.272387,0.635794,0.606615,-0.360584,0.290656,-0.437169,-0.0580868,0.537247,0.439263,-0.529654,0.309984,-0.166581,0.276559,0.16244,-0.471956,-0.0980705,-0.337375,0.582622,0.693695,-0.281603,-0.376193,0.0548502,0.352723,1.54871,0.674305,0.234489,-0.591927,0.441553,0.467727,0.516415,0.421747,0.377538,-0.818792,-0.706305,1.1286,-0.116264,0.631837,-0.317309,1.27791,0.718186,-0.429292,-0.0159741,-1.10119,0.928482,-0.00872669,0.562333,0.629066,0.452399,-0.769923,-0.25623,-0.146179,0.885643,0.684225,0.326827,0.147234,-0.900363,0.688109,0.307402,-0.0766906,-0.499179,-0.576607,0.404249,-1.36058,1.13951,0.00591958,0.15023,0.600687,1.163,0.250596,0.108317,-0.808314,0.754182,0.29102,-0.162509,0.0876429,-0.131471,0.165497,-0.103688,0.351327,0.166792,0.276643,0.227437,-0.19918,-0.316452,-0.0495414,-0.274486,0.0715519,-0.0632831,-0.95933,-0.115059,0.256009,0.0770971,30.9065,0.589121,0.604486,0.428168,0.389479,0.522899,0.517136,0.50302,0.2757,0.342377,0.567175,0.548373,0.63133,0.475836,0.483892,0.335764,0.442413,0.528878,0.670194,0.697555,0.531114,0.350244,0.571136,0.470655,0.450488,0.551109,0.425042,0.374815,0.696967,0.591486,0.480213,0.50791,0.550694,0.379595,0.656728,0.535067,0.537745,0.537934,0.381833,0.601063,0.528418,0.548802,0.373331,0.538868,0.547098,0.608509,0.603676,0.463496,0.457056,0.529329,0.545492,0.490699,0.493041,0.498774,0.596788,0.565857,0.472592,0.480312,0.445624,0.509816,0.506541,0.568798,0.523464,0.488266,0.428533,0.415994,0.487356,0.562388,0.470958,0.511924,0.520154,0.479192,0.530622,0.551736,0.416268,0.462509,0.508036,0.496789,0.479362,0.549692,0.434539,0.485745,0.484653,0.484576,0.548738,0.458497,0.488453,0.480136,0.552372,0.484195,0.480833,0.455359,0.457397,0.377937,0.357409,0.598717,0.650589,0.468353,0.47631,0.495824,0.791791,0.711497,0.40761,0.433294,0.322149,0.533394,0.522269,0.719801,0.579317,0.460104,0.272777,0.239452,0.457023,0.701531,0.402228,0.54054,0.568267,0.429544,0.602956,0.669855,0.240154,0.374763,0.527351,0.489062,0.430113,0.663602,0.289633,0.451577,0.447892,0.447632,0.660665,0.361962,0.460738,0.432706,0.67179,0.446348,0.435042,0.352074,0.358485,0.485063,0.482418,0.511995,0.518631,0.496199,0.497157,0.499499,0.539966,0.527039,0.488792,0.491952,0.477709,0.504011,0.502673,0.528259,0.509593,0.495205,0.470632,0.465403,0.494833,0.525602,0.488123,0.504873,0.508239,0.491494,0.512525,0.521202,0.465518,0.484658,0.503284,0.498688,0.491564,0.52036,0.473125,0.494174,0.493728,0.493696,0.519967,0.48301,0.495281,0.49188,0.521464,0.493541,0.492165,0.48172,0.482558,8.87656,9.03042,6.84058,7.20322,7.46639,7.42845,8.17567,5.74052,7.2162,7.75977,9.48089,9.16689,7.15678,8.17909,7.03904,8.7819,8.47506,8.47609,8.68114,8.3606,7.27274,8.75553,8.14123,8.21625,7.6528,8.01933,7.67653,9.71197,8.89258,9.03184,8.20782,9.32877,8.35628,9.39671,8.17156,8.58291,8.68921,7.54415,9.18814,8.52136,8.60677,7.48507,8.4118,8.46627,8.11663,8.97555,3,8,1,4,1,9,3,7,17,4,5,4,3,5,10,1,7,8,1,4,5,2,4,4,6,4,2,3,2,1,11,12,11,18,14,4,2,2,8,10,12,0,6,6,12,6,12,6,17,15,3,2,3,4,2,3,4,1,5,7,18,14,6,5,2,3,4,5,9,11,6,8,9,12,4,17,8,9,1,2,3,7,6,5,2,4,2,6,5,4,4,21,16,18,17,28,13,15,17,4,4,4,4,5,2,2,2,5,9,13,11,12,15,16,6,3,4,4,3,4,3,3,0,7,5,5,4,2,13,8,10,13,15,9,17,21,13,32,12,15,11,12,12,14,10,11,19,2,1,1,0,2,6,1,10,7,7,9,10,4,16,12,8,16,7,16,15,6,16,18,23,11,11,18,17,16,11,12,5,8,7,6,3,7,3,8,2,1,1,3
161.583,0.988883,0.0128217,9,511,0,-98.2448,8.45322,0.682724,0.532216,1.47476,0.90483,-0.827396,0.196536,0.0958013,0.511893,0.0315251,-0.794188,0.306535,0.0628454,0.181102,0.849947,0.0857493,-0.0749644,-0.497459,0.540557,-1.0444,0.839191,0.813717,-0.0217024,-1.0126,0.195851,0.237992,-0.395236,-0.0193013,-0.388403,-0.669847,2.01441,0.581823,-0.27735,-0.00814656,0.288632,-0.870577,1.14733,-0.17339,0.0884979,0.278391,-0.454562,0.157408,0.113126,0.244646,-0.489716,0.0809758,1.41928,0.587554,-0.322101,-0.776721,-0.022413,-0.336437,-0.0205773,0.51582,0.495608,-0.739223,-0.0557786,-0.34702,0.0170937,-0.682635,-0.247986,-0.107127,-0.466651,0.660331,0.48422,0.154604,-0.327332,0.0343212,0.34556,0.64759,0.723977,0.209208,-0.787191,0.554549,-0.0302233,0.411754,0.796259,0.503944,-0.622906,-0.364946,0.983709,-0.763855,1.12517,-0.239699,0.89988,0.117046,0.463205,-0.339106,-1.28854,0.758392,-0.582973,0.523231,0.736334,0.545636,-1.3286,-0.0636933,0.00810909,0.902023,1.40566,-0.618958,0.156822,-0.423818,-0.076234,1.0057,-0.00703906,-1.08954,-1.14941,0.699618,-0.804293,0.931475,-0.29614,-0.120607,0.69329,1.08763,0.919816,0.0715198,-0.350528,0.243433,-0.262517,-0.011774,-0.0541367,-0.163821,-0.128889,0.268253,0.286234,-0.236615,0.466439,-0.0549324,0.108904,-0.27667,-0.274376,0.262897,-0.0128155,0.031985,-0.654755,-0.353712,0.274736,0.0999798,19.317,0.671308,0.607815,0.401158,0.523774,0.511595,0.561652,0.503816,0.405027,0.53704,0.507607,0.521909,0.601462,0.510379,0.490926,0.44007,0.565066,0.376198,0.600213,0.59725,0.497373,0.379818,0.523691,0.528778,0.4523,0.497664,0.45312,0.419615,0.726198,0.56997,0.466476,0.499014,0.534884,0.396146,0.635425,0.479023,0.510711,0.53365,0.445194,0.519046,0.513691,0.529581,0.440994,0.509801,0.665353,0.570651,0.461087,0.556755,0.534916,0.468064,0.507596,0.503703,0.519775,0.501218,0.469342,0.511846,0.502429,0.506999,0.532804,0.503314,0.497103,0.480782,0.520881,0.459721,0.53239,0.53141,0.499161,0.460942,0.507569,0.509198,0.484729,0.499254,0.484992,0.474133,0.577235,0.522473,0.489282,0.499685,0.511154,0.466402,0.54423,0.493299,0.50342,0.510758,0.482438,0.506084,0.504372,0.509455,0.481081,0.50313,0.554637,0.522694,0.487553,0.275757,0.356075,0.632217,0.467874,0.484324,0.416984,0.49484,0.627147,0.449991,0.489714,0.47039,0.364356,0.485967,0.512268,0.580716,0.412429,0.664592,0.365989,0.369867,0.503552,0.659935,0.467985,0.461122,0.564337,0.503159,0.563237,0.607922,0.210994,0.405897,0.545275,0.501333,0.452894,0.638767,0.320555,0.528351,0.485518,0.454556,0.573862,0.474257,0.481491,0.46004,0.579481,0.486748,0.283071,0.404993,0.55253,0.372469,0.420664,0.572647,0.482628,0.491529,0.454858,0.497212,0.56977,0.47292,0.494443,0.483991,0.425402,0.492418,0.506629,0.543876,0.452345,0.591318,0.426332,0.428537,0.501919,0.588597,0.482688,0.478967,0.534893,0.501707,0.534292,0.558958,0.329042,0.448731,0.524506,0.50072,0.474499,0.576381,0.399914,0.515328,0.492175,0.475402,0.54011,0.486084,0.489998,0.47838,0.543197,0.49284,0.377067,0.44823,0.528452,9.91216,9.07347,6.81417,8.03841,7.79636,8.23917,8.34154,6.84945,8.67198,7.76127,9.48391,9.24983,7.78566,8.26588,7.77853,9.86641,7.23511,8.58709,8.56003,8.28487,7.26885,8.55417,8.36439,8.22057,7.67382,7.98464,7.6853,9.80736,8.96486,8.99588,8.29931,9.42018,8.36506,9.33078,7.64461,8.20525,8.63354,7.62722,8.56564,8.23147,8.60611,7.58982,8.39418,9.81577,8.09268,8.00281,4,5,3,3,8,13,8,11,16,2,2,1,7,9,3,3,6,5,4,13,4,2,9,2,6,3,1,2,4,4,8,14,11,19,16,0,2,2,17,7,10,8,7,6,12,17,6,7,6,5,13,13,4,7,7,1,3,1,3,8,9,9,5,5,1,3,5,9,10,7,7,8,3,13,11,8,8,14,3,3,1,4,5,6,5,5,4,2,5,2,8,22,15,15,17,9,35,27,23,6,5,10,4,9,5,5,2,5,5,4,3,4,5,8,17,21,3,3,6,0,1,0,2,0,1,0,5,3,23,15,24,15,9,11,11,9,16,8,14,27,15,7,18,13,21,10,17,6,4,4,3,5,6,2,2,2,2,5,0,16,12,9,13,11,17,21,16,15,10,14,12,14,9,8,12,13,7,6,15,23,8,8,10,8,2,9,4,7,4,3
157.573,0.926675,0.0128217,9,511,0,-93.7141,9.27526,0.604411,0.651809,-1.63915,0.666003,-0.947611,-0.101476,-0.0975163,-0.592196,0.301873,0.964015,-0.33547,-0.186018,0.176188,0.880817,0.326932,-0.240174,0.447608,-0.600953,1.09189,-0.809259,0.702492,0.292147,-1.15319,0.112438,-0.0735453,0.0612948,-0.235365,-0.352569,-0.77633,-0.50727,0.433528,-0.299801,0.270704,-0.11439,-0.891017,-1.06796,0.215895,0.204155,0.219388,0.4459,0.016029,-0.21068,0.215053,-0.908203,0.489083,-1.53516,-0.35598,0.350537,-0.526139,0.80416,-0.339828,-0.562319,0.326939,0.197566,0.27737,-0.134998,-0.264203,-0.448294,1.19758,-0.310012,0.198511,-0.282942,0.972173,0.237134,0.116227,-0.0916493,-0.151523,0.388401,1.15406,0.526309,0.301698,-0.604046,0.450549,-0.309422,0.535125,0.336173,-0.0518071,-1.13119,-0.861216,1.0991,-1.55649,0.87526,-0.708045,0.382112,0.00473743,-1.08589,-0.12344,-0.664431,0.461439,-0.324647,0.197179,0.582229,0.0182225,-0.0787191,-0.311723,-0.508401,0.276776,0.578342,0.131011,0.128933,-0.511041,-0.174041,0.0678893,-0.0311886,-0.397247,-0.700815,0.491056,0.140707,0.867735,-0.60325,-0.1463,0.503597,0.914931,0.536988,-0.0347491,0.0636114,0.403259,0.316576,-0.318268,-0.170787,0.15704,0.327918,-0.280922,0.391426,0.150832,-0.50512,0.503666,-0.157066,0.107823,-0.13587,-0.126591,-0.149535,-0.0529875,0.117336,-0.218881,0.225001,0.0660092,18.1528,0.404031,0.539401,0.444057,0.493984,0.494219,0.46495,0.517888,0.556903,0.480123,0.488974,0.510444,0.552029,0.519372,0.485765,0.526511,0.464434,0.564372,0.452171,0.54155,0.517313,0.432058,0.506665,0.49564,0.503634,0.48605,0.479111,0.454106,0.469963,0.525678,0.482234,0.516043,0.493219,0.447373,0.437024,0.512796,0.512101,0.513003,0.52641,0.50095,0.487513,0.512746,0.446366,0.528962,0.409982,0.478909,0.520769,0.452515,0.519342,0.472493,0.497051,0.497167,0.4828,0.508771,0.527982,0.490254,0.494595,0.505119,0.525571,0.509498,0.493022,0.513003,0.482545,0.531684,0.476503,0.520401,0.508488,0.466542,0.503267,0.497863,0.501781,0.493162,0.489757,0.477458,0.485265,0.512594,0.49129,0.507865,0.496676,0.474133,0.469008,0.506273,0.505932,0.506374,0.512953,0.500466,0.493879,0.506248,0.473635,0.514207,0.455511,0.489658,0.510184,0.452065,0.519527,0.472231,0.497023,0.497139,0.482636,0.508854,0.528248,0.490161,0.494544,0.505168,0.525815,0.509589,0.492955,0.513127,0.482379,0.531986,0.476279,0.520595,0.508569,0.466224,0.503298,0.497843,0.501798,0.493096,0.489659,0.477243,0.485124,0.512714,0.491207,0.50794,0.496645,0.473887,0.468713,0.506333,0.505988,0.506435,0.513077,0.50047,0.49382,0.506308,0.473384,0.514343,0.455089,0.489559,0.510281,0.588745,0.463621,0.551668,0.505553,0.505336,0.53236,0.483487,0.447444,0.518349,0.510178,0.49036,0.45195,0.482118,0.513139,0.475526,0.532837,0.440534,0.544167,0.461635,0.484019,0.56277,0.493848,0.504024,0.496646,0.512876,0.519283,0.542379,0.527729,0.476295,0.516399,0.485191,0.506259,0.548603,0.558174,0.488188,0.48883,0.487997,0.47562,0.499123,0.511526,0.488234,0.549534,0.473263,0.583223,0.519469,0.480828,6.7825,9.0653,6.92575,9.22456,7.79061,7.28732,8.23743,8.87058,8.10861,7.70056,9.53917,9.34606,8.22245,8.20557,8.3857,8.74849,9.56077,7.06649,8.60454,8.22754,7.27674,8.56433,8.31288,8.18846,7.65036,8.06891,7.63779,9.75277,8.89101,9.05488,8.20572,9.46157,8.45341,7.30121,9.54747,8.59542,8.72557,8.84137,8.44393,8.17335,8.66873,7.46372,8.4279,6.36862,8.05239,8.80657,3,4,4,7,1,23,11,7,3,1,2,4,2,4,5,2,5,5,9,7,7,7,4,3,4,1,2,1,1,2,12,24,11,19,10,1,1,0,6,5,14,3,4,1,9,11,11,3,7,3,3,3,6,2,5,4,0,5,3,5,8,5,15,3,3,4,14,13,8,8,8,7,4,3,13,4,5,8,5,5,11,2,2,3,5,1,3,2,4,1,0,11,11,16,21,5,6,22,19,3,6,7,8,4,4,1,2,4,1,5,6,6,8,10,3,7,5,5,5,4,2,1,1,3,2,5,9,3,4,3,4,14,9,11,12,16,9,18,22,18,8,25,17,6,8,18,14,27,7,13,14,7,18,4,3,2,5,6,4,10,6,13,5,8,17,11,23,24,17,10,32,11,24,14,15,10,20,12,8,5,8,12,8,5,3,3,7,7,9,8
149.541,0.739398,0.0128217,8,511,0,-77.0211,9.40543,0.620866,0.482552,0.510545,1.1008,-0.3509,0.643133,0.79907,-0.458138,0.191218,-1.25621,0.217836,0.310412,0.24732,0.491392,-0.0956739,0.0926467,-1.244,0.481592,-1.54818,0.862981,1.02196,0.359343,-0.838494,0.116832,0.455441,0.106218,0.21131,-0.134295,-0.26462,0.794368,0.698375,-0.0201528,0.143565,-0.237023,-0.613021,0.453685,-1.43106,-0.306936,-0.172907,-0.0273123,-0.949983,0.371535,0.403299,-0.169654,0.433378,1.35845,0.288049,-0.160881,0.647607,-0.650286,-0.092987,-0.0796699,0.372921,0.100574,0.277332,0.697689,0.435563,-0.360681,-0.12041,-0.024214,0.543541,-0.595551,1.22676,0.974517,-0.384135,-0.228141,-0.251005,0.335442,0.281944,0.682632,0.240057,-0.752382,0.401804,0.25904,-0.0331661,0.262641,0.1562,-0.638719,-0.785036,0.447176,-0.769339,0.914292,-0.351029,0.498559,0.0886251,0.137642,0.117583,-1.36435,0.555461,-1.36931,0.545741,0.214444,0.165308,-1.53578,-0.127252,-0.730822,0.840296,1.16878,-0.65207,-0.0184502,-0.219986,0.273566,0.66204,-0.199719,-0.902754,-0.127508,0.72125,-0.612214,1.04506,0.0562399,0.575535,0.125985,1.15735,0.521001,0.628515,-0.558069,-0.293676,0.00838686,-0.302426,0.00375639,-0.152223,0.18438,0.142205,0.476789,-0.166515,0.09144,-0.0481649,0.0894525,-0.0543007,0.218075,0.00703911,-0.295569,0.0569541,-0.57271,-0.246258,0.410127,0.0766777,22.0757,0.62188,0.745119,0.415334,0.651751,0.685401,0.390202,0.546452,0.227199,0.552873,0.575054,0.559964,0.617481,0.476708,0.522556,0.229295,0.615223,0.181128,0.698674,0.730256,0.586663,0.306374,0.528433,0.609172,0.525855,0.5513,0.467328,0.435886,0.684413,0.663868,0.49509,0.53492,0.44251,0.354939,0.608765,0.198676,0.425774,0.457974,0.493346,0.283783,0.589541,0.59701,0.458761,0.604042,0.789819,0.56972,0.460885,0.451127,0.395834,0.533647,0.43855,0.423859,0.543884,0.481645,0.618351,0.479093,0.470225,0.476267,0.452949,0.509187,0.491104,0.617243,0.453882,0.644445,0.417875,0.403098,0.465546,0.579835,0.488782,0.456374,0.489801,0.479718,0.512894,0.525391,0.4243,0.433332,0.501935,0.486216,0.522747,0.5586,0.456541,0.634071,0.529442,0.516599,0.502623,0.590231,0.46438,0.461347,0.516287,0.458477,0.372424,0.472366,0.515445,0.427418,0.347411,0.550073,0.408945,0.387547,0.565221,0.472649,0.672484,0.468851,0.455673,0.464648,0.430104,0.513695,0.486738,0.670942,0.431481,0.7082,0.378896,0.357717,0.448731,0.617798,0.483278,0.435158,0.484797,0.469782,0.519219,0.537815,0.388186,0.40132,0.502885,0.479456,0.533884,0.58688,0.435405,0.694148,0.543834,0.524736,0.50391,0.632758,0.447004,0.442512,0.524272,0.438267,0.314751,0.458851,0.523018,0.46861,0.432642,0.52159,0.460488,0.450964,0.528175,0.48823,0.576727,0.486592,0.480899,0.484779,0.469785,0.50589,0.494296,0.575993,0.470386,0.594175,0.44707,0.437413,0.477892,0.551439,0.492808,0.47199,0.493461,0.486994,0.508267,0.516285,0.45125,0.457111,0.501241,0.491162,0.514588,0.537669,0.472098,0.587202,0.518887,0.510643,0.501681,0.55822,0.477143,0.475191,0.510443,0.473345,0.417139,0.482274,0.509903,8.77379,9.0856,6.91168,8.07917,8.36701,6.77602,8.13032,5.7905,8.40309,7.75301,9.39541,8.74965,7.23612,8.24374,6.33394,9.69213,6.21129,8.44616,8.64159,8.34382,7.06785,8.27455,8.2845,8.10558,7.62711,8.10017,7.9344,9.84215,9.00938,9.05485,8.06967,9.39045,8.30364,8.28229,5.48834,7.31533,8.72717,7.67111,7.0759,8.17839,8.63838,7.48982,8.4375,9.57668,8.00061,7.92077,9,4,2,9,4,21,9,10,8,7,4,8,5,3,4,1,1,4,10,10,3,5,4,2,5,4,4,3,1,0,23,13,9,23,13,1,2,4,4,5,6,19,8,5,8,8,8,15,7,8,10,7,5,9,4,2,1,1,2,13,6,7,2,1,3,2,11,14,10,5,16,9,7,12,6,17,8,12,2,2,2,8,6,6,5,2,16,4,4,4,3,7,7,13,13,25,35,26,26,1,4,7,7,17,3,1,2,8,8,8,1,3,7,15,8,8,8,6,6,2,1,0,5,8,3,5,8,4,16,18,9,15,17,22,28,19,18,21,12,16,22,26,34,22,15,22,24,8,4,2,2,6,6,1,8,2,20,22,17,9,13,9,6,21,19,8,31,18,18,25,25,12,15,18,26,14,15,13,19,6,12,10,7,9,8,11,2,3,3,8
159.007,0.973475,0.0128217,9,767,0,-79.2304,9.68201,0.572927,0.625789,-0.297542,0.556348,-0.625828,2.36079,-0.404519,0.540446,0.0143137,0.589953,-0.613665,0.085979,0.315142,1.10314,0.556958,-0.180999,0.186999,0.304525,0.225096,-0.0367964,0.811411,0.273786,-1.1831,0.418542,-0.0957764,-0.279009,-0.0827949,0.182946,0.0436359,0.364809,0.508428,-0.0508706,0.121335,-0.439791,-0.75504,0.890617,-0.852373,-0.218203,-0.594116,-0.116963,0.214086,0.0364056,0.2616,-0.755259,0.309011,-0.122199,0.341418,0.699572,0.128607,-0.562106,-0.0520619,-0.0650594,0.368059,-0.270593,0.456267,0.611461,0.482904,-1.11836,0.229406,0.364311,0.485148,-0.481072,0.995047,0.252712,0.383182,-0.37607,-0.220469,0.369018,-0.806052,0.605914,0.122576,-0.644692,0.598783,-0.273687,0.383747,0.266996,0.0738314,-0.863294,-0.833549,0.966357,-0.911953,0.719787,-1.25723,0.94548,-0.406807,-0.493394,-0.304909,-0.772464,0.628121,0.297449,0.456145,0.213795,-0.00868719,-0.501306,-0.193168,-0.696067,0.852892,1.00791,-0.145101,-0.358528,-0.227452,0.407907,0.00133123,0.429937,-1.18187,-0.187742,0.638669,0.0688258,1.03382,0.392171,0.103449,-0.122272,1.40351,0.667108,-0.176956,-0.652676,0.64407,-0.00493139,-0.0897968,-0.132988,-0.0948497,0.00554049,-0.118154,-0.114626,0.120053,-0.0996943,0.108153,0.0200837,0.248523,0.0651093,0.0711906,-0.0842217,0.152204,-0.459552,0.246716,0.170226,0.151758,17.0825,0.481211,0.535091,0.460544,0.644878,0.474465,0.534091,0.500904,0.537203,0.461307,0.505432,0.5199,0.569246,0.53513,0.488567,0.511812,0.51923,0.514217,0.497675,0.551085,0.51729,0.425806,0.526418,0.493949,0.48238,0.494769,0.511556,0.502757,0.523032,0.532077,0.496786,0.507665,0.472243,0.452442,0.556031,0.446356,0.486218,0.462535,0.492611,0.513522,0.5023,0.516521,0.452429,0.519513,0.49228,0.521557,0.544083,0.471528,0.553095,0.440334,0.711896,0.461326,0.551588,0.501371,0.556275,0.441483,0.508236,0.530153,0.60413,0.553152,0.482668,0.517906,0.529139,0.52155,0.496475,0.577109,0.526203,0.388567,0.540009,0.490826,0.473298,0.492069,0.517518,0.50418,0.53489,0.548552,0.495127,0.511621,0.457969,0.428171,0.584499,0.419065,0.479109,0.443331,0.488797,0.520497,0.503487,0.525039,0.42815,0.529567,0.488296,0.53266,0.566617,0.534131,0.436428,0.571409,0.252579,0.546341,0.438226,0.498356,0.432634,0.570039,0.490123,0.463857,0.375909,0.436359,0.520783,0.478529,0.465071,0.474162,0.504227,0.407844,0.468587,0.632671,0.452062,0.511002,0.532011,0.509511,0.478994,0.494987,0.458186,0.441852,0.505844,0.486064,0.550355,0.585885,0.399084,0.596694,0.525048,0.567836,0.513434,0.475424,0.495818,0.469981,0.585909,0.464558,0.514036,0.460855,0.420313,0.481656,0.534261,0.461476,0.64163,0.47507,0.533285,0.500883,0.536324,0.462222,0.505303,0.519428,0.567623,0.534299,0.488838,0.511532,0.518774,0.51388,0.49773,0.549881,0.51688,0.427542,0.525792,0.494093,0.482798,0.494893,0.511282,0.502691,0.522486,0.531318,0.496862,0.507483,0.472901,0.453564,0.554712,0.447619,0.486545,0.463421,0.492786,0.513202,0.502245,0.51613,0.453551,0.51905,0.492463,0.521046,0.543042,8.01251,8.93197,7.10708,9.77694,7.33995,8.33457,8.09298,8.38666,7.67984,7.85625,9.51131,9.48624,8.35194,8.13518,8.27475,9.50014,8.56266,7.72701,8.61961,8.3661,7.08116,8.76626,8.24558,8.20679,7.67859,7.87198,7.72534,9.70757,8.86085,9.12603,8.20563,9.45863,8.385,9.28356,6.4014,8.11671,8.69043,8.22328,7.90476,8.38473,8.60108,7.55159,8.40318,7.94927,8.07668,9.06195,3,2,2,2,5,5,5,6,8,8,1,1,14,20,7,9,15,8,5,7,8,7,9,9,13,2,1,0,3,4,14,15,23,13,15,3,1,5,17,7,13,1,1,2,11,16,16,3,2,3,1,3,5,3,6,1,4,4,9,13,10,17,10,3,8,12,8,3,2,7,5,2,3,5,8,11,6,5,4,1,4,7,5,6,3,7,4,5,2,2,3,28,3,13,13,15,14,14,27,6,5,4,9,8,2,3,5,8,7,5,4,8,14,8,3,3,4,6,5,5,3,4,0,0,1,3,0,4,8,9,13,5,12,15,10,10,7,12,12,15,11,14,14,13,11,16,2,9,9,10,11,7,5,6,8,3,7,3,7,3,1,3,3,10,15,11,16,12,14,15,10,18,16,15,19,20,13,21,12,8,18,4,7,3,2,4,4,4,2,3
174.082,0.997934,0.0128217,8,255,0,-101.407,9.49372,0.580517,0.46241,-0.428531,0.751403,-0.831928,1.87644,-0.252071,0.727783,0.161396,0.71741,-0.670417,0.00661852,0.359154,0.858512,-0.0447367,-0.172851,-0.231997,0.09668,-0.285724,-0.385233,0.862018,0.232168,-1.17784,0.466377,-0.0191621,-0.288055,-0.0626952,0.447703,0.0878363,0.453466,0.611746,-0.136707,0.177646,-0.538395,-0.708582,0.273659,-0.591187,0.168234,-0.559074,0.042278,0.0662639,0.0863773,0.290956,-0.739074,0.40606,0.296619,0.232775,0.671819,0.00125167,-0.544538,0.0768491,-0.0724096,0.355683,-0.473614,0.478284,0.551591,0.516636,-0.938257,0.254317,0.309454,0.511852,-0.454777,1.06302,0.302669,0.360039,-0.309711,-0.215136,0.356779,-0.946428,0.604318,0.156232,-0.756182,0.571549,-0.151098,0.407729,0.374086,0.286867,-0.635269,-1.1793,0.787837,-0.975195,0.644103,-0.840645,0.986634,-0.453359,-0.501904,-0.27656,-0.810349,0.655216,0.20547,0.48605,0.170139,0.167573,-0.283205,-0.262621,-0.37699,0.849804,1.05248,-0.190033,-0.0849592,-0.339161,0.359061,0.0521974,0.483633,-1.07287,-0.322427,0.8088,-0.148324,1.43302,0.674543,0.152571,0.02099,1.15204,0.552618,0.289922,-0.437689,0.43829,0.0674654,-0.0597899,-0.119361,-0.0976623,-0.116852,-0.140872,-0.306218,0.183773,-0.0377291,0.076201,0.13143,0.184467,-0.0289709,0.115154,-0.128864,0.187227,-0.272925,0.120347,0.0914831,0.139312,18.8242,0.46762,0.556613,0.437381,0.638288,0.480936,0.554848,0.51221,0.554072,0.449445,0.500501,0.52715,0.564598,0.496615,0.486924,0.482453,0.507315,0.478393,0.470883,0.564859,0.51756,0.411808,0.535231,0.49855,0.478217,0.495256,0.533825,0.506646,0.534259,0.546157,0.489657,0.513439,0.459351,0.446588,0.520695,0.455385,0.512727,0.457797,0.503199,0.505014,0.506536,0.522002,0.444308,0.530687,0.522429,0.517606,0.55066,0.461504,0.567224,0.425673,0.662754,0.477327,0.565135,0.514523,0.564217,0.439947,0.500596,0.532282,0.576665,0.495973,0.484447,0.47913,0.508701,0.474305,0.465381,0.576973,0.520885,0.395544,0.54188,0.498275,0.474095,0.494357,0.540211,0.507905,0.540726,0.554842,0.487698,0.515984,0.45169,0.436564,0.524612,0.446987,0.515138,0.449847,0.503805,0.505964,0.507774,0.526165,0.433866,0.536484,0.526673,0.52094,0.560177,0.529206,0.44891,0.556521,0.374695,0.517192,0.450505,0.48899,0.451206,0.545616,0.499548,0.475514,0.441689,0.503052,0.511792,0.515824,0.493404,0.519485,0.526261,0.441453,0.484164,0.57968,0.468221,0.501307,0.519644,0.504278,0.469491,0.494007,0.469099,0.458356,0.509327,0.487881,0.536669,0.548197,0.481337,0.54025,0.488523,0.538072,0.497115,0.495479,0.494107,0.480158,0.550258,0.472322,0.479772,0.484123,0.454289,0.48711,0.522592,0.474991,0.556217,0.492417,0.521883,0.504856,0.521571,0.47984,0.500199,0.510804,0.525807,0.498654,0.4948,0.49302,0.502909,0.491404,0.488412,0.525912,0.506985,0.464622,0.514028,0.499423,0.491334,0.498114,0.513467,0.502643,0.51364,0.518397,0.495887,0.505345,0.483807,0.478694,0.508233,0.482221,0.505061,0.483186,0.501272,0.501994,0.502599,0.508753,0.477778,0.512215,0.508923,0.507003,0.520202,7.87491,9.07453,6.90445,9.35577,7.51609,8.54993,8.21971,8.53899,7.61977,7.78908,9.55857,9.23277,7.73488,8.1447,7.80457,9.2816,8.02559,7.37558,8.69145,8.29439,7.08497,8.81922,8.26157,8.18855,7.71593,8.27201,7.89228,9.75704,8.97257,9.0353,8.23686,9.21335,8.43198,8.57057,6.7551,8.45933,8.65298,8.32641,7.86952,8.37294,8.63414,7.50205,8.47787,8.3624,8.02399,9.03592,3,1,5,4,1,3,3,4,11,4,3,2,11,10,9,11,4,8,7,7,8,7,11,7,10,2,1,2,0,2,8,7,9,7,5,1,1,2,10,11,9,4,1,3,10,9,5,3,4,3,2,4,2,4,2,1,1,2,2,15,10,13,14,4,3,10,9,3,2,4,5,2,10,4,4,9,5,4,2,2,1,1,1,4,1,7,2,5,6,5,3,14,22,13,8,14,14,21,17,9,5,6,4,5,7,7,2,1,4,3,6,9,6,3,3,1,5,9,3,0,2,0,1,1,7,3,2,0,5,12,12,13,16,19,16,13,8,12,15,18,13,8,19,15,18,10,19,10,6,12,8,7,9,5,7,8,9,6,9,3,3,2,2,10,15,8,13,10,8,9,10,11,7,15,9,9,7,11,10,3,11,5,9,9,14,10,2,2,0,9
159.887,0.999633,0.0128217,9,511,0,-100.666,8.34921,0.559284,0.425163,-0.098584,0.610729,-0.679145,-0.758202,0.165246,-0.180658,0.0611894,-0.975794,0.948361,0.0206079,0.996395,0.559118,0.209699,-0.175296,-0.0362876,-0.239611,0.370177,0.503688,0.858711,0.137718,-1.03045,0.555626,-0.146791,0.259304,-0.0792163,0.36379,-0.139658,0.471263,0.559349,0.492032,0.0907142,0.0753219,-0.0682006,-1.16694,0.227045,0.19207,0.196406,0.451963,0.766554,-0.2134,0.302437,-0.881897,0.205475,-0.281699,-0.341464,-0.48654,0.231302,-0.745689,-0.328094,-0.0849896,0.388781,-0.600843,0.390712,0.94729,0.201891,-0.606742,0.761715,-0.349959,0.203622,0.0733054,0.320895,0.531317,0.229708,-0.0452585,-0.0779716,0.366591,1.42854,0.73526,0.175765,-0.814111,0.0991669,0.509923,1.05908,0.116184,0.576371,-1.55002,0.0465398,-0.0919774,-0.352795,-0.547348,-0.765192,0.622099,0.293647,-0.56072,-0.60923,-1.33229,0.486617,-1.26238,-0.268759,0.720947,-0.277495,-1.28457,-1.02202,-0.264837,0.356362,0.591665,-0.677818,-0.465515,-1.44334,-0.48379,-0.702928,-0.817439,-0.284073,-1.22212,0.316695,-0.68061,0.403479,-0.315169,0.310008,0.00333218,1.58351,-0.0223229,-0.066936,-0.745853,-0.244561,0.0381739,0.0236871,-0.145748,0.031387,-0.17196,-0.170168,0.213891,0.175485,0.0109523,0.0877364,-0.195205,-0.0931833,-0.266902,-0.128318,0.129496,0.133874,-0.944723,-1.80949,0.247268,0.0289027,19.2654,0.486908,0.580418,0.410756,0.400629,0.521935,0.476022,0.508127,0.373213,0.623371,0.502737,0.629343,0.573726,0.527825,0.476732,0.49518,0.468216,0.549012,0.566508,0.612124,0.518285,0.366445,0.573272,0.480512,0.534389,0.489479,0.548172,0.481458,0.562273,0.573756,0.564987,0.512047,0.510004,0.490942,0.349778,0.530122,0.52549,0.526065,0.559747,0.600436,0.471685,0.540086,0.384955,0.527266,0.462652,0.454768,0.435731,0.494339,0.535015,0.461078,0.456568,0.509488,0.489627,0.503514,0.444197,0.554247,0.501183,0.556971,0.532064,0.51204,0.489935,0.497916,0.486243,0.521245,0.528893,0.549154,0.507908,0.441099,0.531865,0.491571,0.514887,0.495451,0.520879,0.491981,0.527037,0.532078,0.528226,0.505209,0.504325,0.496084,0.433384,0.513036,0.511028,0.511277,0.525932,0.543908,0.487748,0.517361,0.449528,0.511798,0.483828,0.480401,0.472088,0.523267,0.35963,0.655116,0.67179,0.461051,0.542565,0.485552,0.71542,0.289886,0.495133,0.280634,0.370934,0.450634,0.541307,0.50857,0.556351,0.413452,0.383233,0.307625,0.467519,0.725816,0.371704,0.534614,0.439062,0.518701,0.414916,0.532937,0.390499,0.370883,0.38584,0.478588,0.482218,0.516102,0.750717,0.446581,0.454761,0.453745,0.394848,0.326473,0.550231,0.429052,0.69702,0.451623,0.566142,0.579955,0.61293,0.544479,0.248784,0.773628,0.797697,0.425799,0.581005,0.472348,0.853921,0.15238,0.490679,0.14149,0.266643,0.40626,0.578641,0.51641,0.606727,0.338534,0.286709,0.174533,0.43802,0.865832,0.267881,0.566016,0.384804,0.535774,0.341127,0.562843,0.298857,0.266562,0.291042,0.459055,0.465979,0.530813,0.892023,0.398711,0.413977,0.412075,0.306226,0.199875,0.595354,0.366501,0.831429,0.408105,0.624744,0.649735,0.706903,8.21196,9.0928,7.00603,6.69155,7.92062,7.54575,8.22101,6.68556,9.34518,7.76387,9.58329,8.92446,7.96878,8.12883,8.11536,8.24543,8.7199,8.2872,8.67111,8.30394,7.20386,8.92068,8.27222,8.17533,7.65568,8.2236,7.67807,9.80888,8.92471,9.03813,8.253,9.09794,8.43117,7.16924,7.75857,8.63944,8.7931,8.92096,8.65942,8.20004,8.64653,7.47668,8.37736,7.84943,8.05033,7.79171,1,1,2,2,3,15,17,28,26,3,0,1,11,3,4,3,8,5,8,6,8,8,8,1,3,4,3,4,1,3,24,27,28,14,9,4,3,5,12,18,15,5,7,4,11,7,18,7,5,3,4,5,3,6,4,1,7,3,4,12,14,9,20,0,5,3,2,6,1,6,12,9,2,4,4,2,14,9,0,2,1,1,3,7,4,6,5,8,6,4,4,15,20,14,14,18,9,13,11,5,3,2,5,8,4,2,3,4,7,5,3,3,7,6,3,8,8,3,5,1,1,2,3,3,1,1,2,0,13,15,20,23,24,15,26,12,23,9,17,14,21,17,37,14,15,33,27,5,8,6,8,5,15,7,5,11,12,1,1,12,19,9,13,13,16,14,15,17,22,17,9,16,18,34,22,10,19,15,24,10,15,11,9,3,4,3,5,0,1,2
167.55,0.999876,0.0128217,8,255,0,-96.1225,8.88503,0.394789,0.474375,0.115333,0.501598,-0.70339,-0.372353,0.154946,-0.524757,-0.0355018,-0.339709,0.165801,0.0209184,0.886484,0.54156,0.12281,-0.0123268,-0.631251,0.237367,-0.681889,0.730994,0.841793,0.107317,-0.962427,0.141981,-0.217743,-0.129761,-0.0458593,0.218323,-0.242704,0.246961,0.627249,0.396942,-0.0607099,0.126624,-0.133209,0.276866,0.0541582,0.442269,0.189294,1.22305,-0.188928,-0.0789329,0.380721,-0.830836,0.180812,0.257828,-0.227367,-0.30889,-0.346907,-0.893475,-0.39504,-0.204849,0.510233,-0.180845,0.0669692,0.125336,-0.02802,-0.609046,0.754757,-0.337037,-0.0710396,-0.00934459,0.0959219,0.347073,-0.0755027,-0.169541,-0.0582038,0.351686,-0.925695,0.655448,0.17753,-1.06802,0.151795,0.348656,1.00333,0.370509,0.549544,-1.6377,-0.0825167,-0.00564077,-0.309454,-0.546721,-1.30507,0.977843,0.196435,-0.40724,-0.512672,-1.27867,0.337687,-1.50109,-0.257103,0.567762,-0.181727,-0.609057,-0.186905,-0.612077,0.290142,0.649664,-0.808867,-0.388736,-1.5322,-0.221946,0.190137,-0.727497,-0.360819,-0.683254,0.00338723,-0.357407,0.234746,-1.30928,0.268323,-0.0121953,1.26022,0.106274,-0.148912,-0.209422,0.542077,0.115154,-0.433437,-0.00831429,-0.00074787,0.219577,0.103842,0.0258802,-0.319438,-0.364733,0.182445,0.156949,0.0160745,0.0169502,0.0702934,0.0978791,0.322212,-0.130928,-0.994528,0.129174,0.0577015,19.5572,0.510006,0.543413,0.439269,0.467736,0.513441,0.454593,0.49692,0.470558,0.514382,0.501815,0.576318,0.546852,0.510654,0.49893,0.445445,0.520584,0.441108,0.563089,0.572526,0.509311,0.41726,0.512317,0.481116,0.488743,0.496021,0.518934,0.478953,0.521415,0.554211,0.534388,0.494733,0.510985,0.488444,0.524005,0.504699,0.5383,0.516419,0.604556,0.483613,0.493152,0.532987,0.428405,0.515684,0.522356,0.480282,0.473224,0.497823,0.490533,0.513274,0.507028,0.497075,0.509904,0.50067,0.506412,0.49687,0.499605,0.483273,0.489779,0.497682,0.500233,0.511913,0.49552,0.512868,0.486206,0.484116,0.497974,0.518158,0.49732,0.50411,0.502449,0.500866,0.495879,0.504581,0.495339,0.488162,0.492508,0.501146,0.49761,0.502514,0.494774,0.498978,0.491653,0.496427,0.476931,0.503566,0.50149,0.492814,0.515677,0.496587,0.495133,0.504292,0.50583,0.496225,0.483588,0.523007,0.512185,0.494928,0.51717,0.501162,0.511118,0.494573,0.499315,0.471016,0.482281,0.49598,0.500403,0.52065,0.492231,0.522305,0.476091,0.472474,0.496487,0.531461,0.495353,0.507127,0.504247,0.501501,0.492854,0.507944,0.491917,0.47948,0.48701,0.501987,0.495855,0.50436,0.490939,0.498227,0.485528,0.493804,0.460052,0.506184,0.502584,0.487541,0.527168,0.494082,0.491562,0.507442,0.510109,0.471356,0.37781,0.668086,0.591535,0.461551,0.627589,0.508826,0.583668,0.45887,0.494799,0.292839,0.368514,0.469503,0.503065,0.65199,0.441256,0.663327,0.325855,0.302128,0.473343,0.722553,0.464757,0.553927,0.532218,0.5114,0.44593,0.560053,0.438905,0.348914,0.40257,0.51509,0.468559,0.533072,0.431594,0.486538,0.391777,0.453074,0.228578,0.546836,0.519615,0.406455,0.69557,0.455165,0.436245,0.556291,0.576202,8.37923,9.00251,7.04747,6.95009,7.93277,7.23168,8.15561,7.42253,8.43129,7.79452,9.47442,8.81885,7.89962,8.24754,7.54115,8.80503,7.55696,8.52687,8.64111,8.30293,7.26774,8.40672,8.26052,8.10612,7.72564,8.21421,7.73865,9.68932,8.90721,8.96963,8.12961,9.49918,8.42277,8.77072,7.39004,8.94132,8.83075,9.7462,7.79412,8.4037,8.65297,7.62826,8.37874,8.45819,8.09757,7.94163,4,3,3,0,2,10,6,15,9,8,7,4,7,5,6,5,5,7,7,8,6,5,13,5,8,1,1,0,4,3,5,2,14,2,10,6,8,5,2,10,12,0,3,7,11,29,19,5,11,9,1,3,6,7,2,0,1,0,1,12,7,12,16,0,3,2,6,6,6,3,4,11,18,5,5,5,9,6,1,3,0,4,4,7,6,6,8,1,2,0,3,13,10,10,6,8,12,7,16,4,4,2,8,7,3,0,1,3,5,9,5,5,3,12,8,10,6,4,6,5,10,9,4,3,2,0,1,1,6,2,3,25,24,11,26,11,17,24,8,13,17,9,20,12,14,10,18,6,9,3,11,12,13,3,2,2,15,11,8,2,5,5,6,18,16,13,12,21,13,21,21,18,8,8,16,11,15,14,14,5,7,4,5,10,8,10,6,5,4,8
195.217,0.996111,0.0128217,8,511,0,-113.547,8.97054,0.433539,0.257951,-0.259837,0.632208,-0.776864,-0.375917,-0.130627,1.26027,0.0366719,-0.149083,0.494689,-0.0877201,0.511092,0.7507,-0.375347,0.0885449,-0.0989006,-0.226782,0.0458634,0.578372,0.523935,0.107854,-0.98697,0.272289,0.0561808,-0.14398,-0.128984,-0.291783,-0.601057,0.475439,0.504046,0.143719,0.0253711,-0.0240584,-0.399007,-0.324073,-0.0308434,-0.334038,-0.124364,-0.441849,0.198461,0.170115,0.309165,-0.489591,0.206065,0.345058,-0.421224,0.460064,-0.0923285,-0.628698,-0.297982,-0.336317,-0.121601,0.0294183,-0.0421224,-0.100796,-0.0963831,-0.345202,0.0698183,-0.0672946,0.0271757,0.0860435,0.443941,1.0373,0.266017,-0.207206,-0.148555,0.36964,0.0845801,0.712682,0.198192,-0.13709,0.630589,0.382081,0.0437662,0.595478,-0.252781,-0.575938,-1.092,0.455198,-1.42067,1.47576,-0.183151,1.31603,0.0174871,-0.438061,-0.0503792,-0.58231,0.426327,-0.00855366,0.338529,0.941549,0.255889,-0.80994,0.00478249,0.0509953,1.20391,1.22594,0.0412007,0.0715527,-0.000231548,0.0686383,0.592492,0.715147,-1.1492,-1.00327,0.5519,-0.382103,1.3705,0.359965,0.236486,0.56726,1.16902,0.389952,0.116474,-0.0216669,0.413804,-0.130124,0.241952,-0.0712967,0.0576814,-0.0395545,-0.059957,0.182506,0.309412,0.178837,0.147904,-0.049284,-0.205573,-0.178055,-0.0694063,-0.264831,0.120452,-0.740964,-0.781369,0.321835,0.100646,21.2633,0.433023,0.658314,0.308777,0.403732,0.466177,0.787058,0.509509,0.461416,0.625543,0.477268,0.62952,0.6854,0.403874,0.522946,0.474375,0.441459,0.511891,0.645644,0.632621,0.52794,0.264291,0.570146,0.514565,0.462732,0.466601,0.424906,0.348991,0.620854,0.627813,0.537201,0.506579,0.493761,0.39798,0.416742,0.492002,0.414232,0.467794,0.387382,0.551285,0.544001,0.579494,0.375697,0.553235,0.588539,0.392471,0.617092,0.482727,0.541946,0.448518,0.475021,0.491314,0.583037,0.502439,0.490087,0.532852,0.494167,0.533938,0.549759,0.475059,0.505888,0.493423,0.484923,0.50305,0.538388,0.534788,0.507172,0.434737,0.5181,0.503736,0.490426,0.491423,0.480605,0.460112,0.531577,0.533471,0.509557,0.501687,0.4984,0.473489,0.478461,0.497949,0.4778,0.49173,0.470649,0.513195,0.511311,0.520549,0.467486,0.513701,0.522932,0.472016,0.530558,0.547984,0.384985,0.640061,0.569189,0.524179,0.282151,0.493207,0.527588,0.409376,0.516244,0.40644,0.364418,0.569085,0.483604,0.518312,0.541911,0.491505,0.394472,0.404147,0.480032,0.675092,0.449731,0.489595,0.526646,0.523875,0.553841,0.609536,0.412829,0.407701,0.473402,0.4953,0.504456,0.573379,0.559745,0.505713,0.561564,0.523021,0.581125,0.463303,0.468529,0.442979,0.589711,0.461902,0.436427,0.577401,0.415593,0.550583,0.378955,0.64726,0.572909,0.525495,0.271953,0.492837,0.529089,0.404552,0.517129,0.401468,0.357421,0.5728,0.48271,0.51931,0.544184,0.491042,0.388904,0.399059,0.478944,0.683778,0.44701,0.489027,0.528096,0.525175,0.556752,0.6153,0.40818,0.402792,0.471955,0.495044,0.504699,0.577318,0.562969,0.506025,0.564884,0.524274,0.585464,0.46131,0.466818,0.439899,0.594488,0.459834,0.433001,0.581548,0.411086,7.93897,8.99607,6.96289,7.21959,7.78379,9.53194,8.16957,7.76007,8.90653,7.83896,9.54818,9.22913,7.47012,8.38679,7.99516,8.60219,8.33189,8.69147,8.62257,8.26113,7.02405,8.62275,8.26077,8.16618,7.7859,8.1614,7.76793,9.75787,8.91841,9.07855,8.15503,9.19814,8.38182,7.77232,7.66232,7.75957,8.61176,7.62201,8.79141,8.40725,8.66997,7.5613,8.38732,8.56539,8.08807,8.86253,5,3,7,3,4,14,17,10,4,4,4,4,6,6,2,2,5,4,6,4,10,6,5,6,2,6,2,4,1,0,6,18,16,11,18,1,1,0,28,22,24,12,9,6,12,12,12,6,10,16,7,5,2,1,2,1,7,2,3,9,6,5,10,1,3,9,11,7,9,8,15,12,18,8,15,14,6,10,0,4,1,10,8,3,6,4,5,6,1,5,6,17,28,18,20,34,15,15,15,2,6,9,2,6,2,1,3,16,12,4,9,4,2,12,8,6,3,12,10,1,0,0,0,1,1,1,1,2,11,10,6,11,14,23,21,16,20,17,20,18,34,8,20,20,19,25,13,6,7,3,3,7,4,9,6,6,10,12,5,5,9,7,13,27,13,7,25,20,14,19,23,16,21,16,11,34,7,19,11,5,7,15,4,8,6,5,5,4,1,3
186.45,0.779282,0.0128217,8,255,0,-114.751,8.77772,0.451218,0.193115,0.295999,0.487274,-0.724805,-0.265134,-0.653586,0.843507,0.0281203,0.350818,-0.0319989,-0.0677953,0.471082,0.45323,-0.922906,-0.173586,-0.68768,-0.112655,-0.259819,0.920351,0.503881,0.106703,-0.782093,0.160153,-0.00235889,-0.0550475,-0.222577,-0.608025,-0.67481,0.258144,0.449569,0.178469,0.0897223,-0.0827131,-0.258308,-0.337632,0.159158,-0.130133,-0.0128326,-0.627572,-0.630496,0.0577581,0.246777,-0.535985,0.201561,0.521792,-0.597961,0.683566,0.00475102,-0.315292,-0.416963,-0.285826,-0.0923238,-0.0639036,0.124217,-0.266194,-0.107863,-0.161157,0.179466,-0.0492072,0.0572496,0.347722,0.379818,1.08663,0.801935,-0.201297,-0.166332,0.359164,0.149758,0.779671,0.249937,-0.27186,0.556803,0.305576,0.361395,0.702548,-0.307183,-0.879954,-1.42357,0.77102,-1.44509,1.61317,-0.145068,0.837259,-0.459104,-0.0851304,0.18363,-0.926336,0.672683,-0.727051,0.501574,0.744489,0.388982,-1.09853,-0.427615,-0.249726,0.891827,0.828812,-0.0651956,-0.267216,0.0192707,0.22932,1.06568,0.264335,-0.635201,-1.18751,0.86128,-0.6771,0.990997,0.117396,0.0552233,0.490669,0.94407,0.49039,-0.341276,-0.729636,0.288627,-0.0128402,0.340175,0.0399851,-0.00263797,-0.227301,0.0112369,0.452679,0.0423483,0.239799,0.0698786,0.186101,0.123477,-0.0431375,-0.0392711,-0.288156,0.0818573,-0.351026,-0.456547,0.310434,0.0795069,24.4059,0.579724,0.629364,0.312685,0.428468,0.329553,0.714345,0.507639,0.594165,0.491308,0.481591,0.62525,0.620694,0.268379,0.452983,0.32142,0.469434,0.429883,0.731075,0.633563,0.528954,0.299465,0.543397,0.499359,0.48505,0.439828,0.340582,0.324477,0.569671,0.619757,0.548331,0.524355,0.477545,0.430286,0.409295,0.543129,0.464707,0.496514,0.335828,0.33512,0.515685,0.56664,0.358376,0.554538,0.63807,0.343043,0.677605,0.559066,0.596466,0.358646,0.447044,0.371886,0.662943,0.505637,0.569873,0.493585,0.486411,0.593337,0.589878,0.32298,0.465255,0.365522,0.47743,0.448098,0.676572,0.599667,0.521379,0.348148,0.532064,0.499527,0.488966,0.455495,0.38046,0.367919,0.55157,0.589168,0.535719,0.51798,0.483423,0.448398,0.432721,0.531865,0.473934,0.497427,0.376772,0.376222,0.511577,0.549314,0.394168,0.540322,0.603111,0.382364,0.633712,0.474048,0.457343,0.563265,0.52325,0.557106,0.426513,0.497532,0.469252,0.502808,0.505949,0.458754,0.46031,0.58029,0.515229,0.560057,0.509885,0.522785,0.419929,0.455896,0.490637,0.568206,0.485949,0.500207,0.504831,0.519523,0.553156,0.558944,0.477362,0.460629,0.484343,0.492127,0.507258,0.522653,0.529595,0.486036,0.511418,0.501126,0.554852,0.555105,0.494932,0.478357,0.546898,0.482319,0.454337,0.552283,0.440299,0.466267,0.444612,0.58198,0.530225,0.57405,0.404897,0.49679,0.460044,0.503652,0.507737,0.446439,0.448454,0.603806,0.519802,0.577851,0.512855,0.52962,0.396473,0.442741,0.487824,0.588329,0.481729,0.500269,0.506283,0.525382,0.568956,0.576417,0.47057,0.448867,0.479641,0.489761,0.509439,0.529448,0.53846,0.481842,0.514849,0.501465,0.571143,0.57147,0.493408,0.471863,0.560872,0.477011,0.440724,0.567829,0.422607,8.72022,9.01325,6.93441,7.67512,7.03457,9.1832,8.23273,8.48529,8.24364,7.87742,9.50488,8.94668,6.65956,8.03769,7.20221,8.65888,7.9126,9.28916,8.70505,8.3471,7.16845,8.52325,8.30461,8.13723,7.65246,7.90038,7.80603,9.71282,8.94144,9.08248,8.32239,9.22477,8.44741,7.8179,8.29203,8.11866,8.77261,7.40326,7.86857,8.39214,8.64896,7.5333,8.48495,8.9463,8.08671,9.27401,4,3,7,4,7,3,10,15,13,2,7,3,1,6,10,11,7,5,6,6,5,3,2,3,5,2,3,1,2,0,12,5,12,10,12,1,1,0,16,17,12,4,6,9,8,6,11,5,0,7,5,2,1,2,4,2,6,3,3,9,5,7,21,4,2,0,5,9,17,9,8,15,16,14,15,11,9,9,3,2,2,3,5,2,1,4,3,7,7,5,4,10,11,11,11,27,16,24,19,4,7,5,3,5,5,3,8,6,13,4,6,7,9,7,5,13,8,6,7,1,3,3,2,5,5,1,1,2,12,9,16,15,13,14,12,8,17,9,30,10,28,19,19,15,18,7,10,4,4,4,5,6,7,9,6,3,3,9,10,6,21,9,6,4,11,4,9,13,15,11,11,6,15,12,10,15,12,10,15,6,7,13,12,9,1,2,3,6,1,2
180.431,0.694034,0.0128217,9,511,0,-107.648,9.76777,0.447149,0.330701,-0.0353444,0.773386,-0.694432,0.441507,0.350252,-0.118473,-0.100139,-0.150973,0.0103989,-0.0661896,0.761021,0.7384,0.258284,0.0237755,-0.652292,0.590425,0.235041,-0.609924,0.535199,-0.0247825,-0.81493,0.330879,0.115526,-0.648059,-0.26393,-0.726131,-0.872515,0.144587,0.556966,0.338333,-0.0410862,-0.388998,-0.162969,0.389399,-0.784216,0.177215,-0.555835,-0.428344,-0.795541,0.308114,0.350115,-0.338376,0.0327036,0.0879346,-0.424367,-0.885386,-0.265563,-0.12329,0.0877453,-0.272692,-0.196344,0.287007,-0.171927,0.235076,0.027144,-0.373118,-0.152104,0.0208686,-0.120878,-0.211213,-0.0807694,0.985476,0.634689,-0.324819,-0.255641,0.361253,-0.885576,0.70216,0.313162,-0.909441,0.332699,-0.100628,-0.325053,-0.0827208,0.320287,-0.710275,-0.691298,1.29087,-0.51279,0.536808,-0.641792,1.02654,0.917279,-0.586736,-0.315353,-1.02542,0.909256,-0.275834,0.223659,0.661657,0.611308,-0.131178,-0.281176,-0.329383,0.659057,1.27126,-0.743558,0.637231,-0.382542,0.106322,0.755082,-0.3732,-1.28212,-1.08814,0.185759,-0.0147653,1.03545,-0.0395112,-0.128868,1.07223,1.11941,0.632037,0.64228,-0.272902,-0.915219,-0.170923,0.248563,0.146928,-0.20459,-0.219023,0.215799,0.440587,-0.276288,-0.27093,0.111084,-0.302682,-0.118692,-0.489166,-0.145488,-0.223974,0.195927,0.039402,-0.553125,0.393426,0.0557268,18.5175,0.491293,0.681821,0.335292,0.60709,0.585444,0.470845,0.475349,0.462873,0.502562,0.483699,0.679172,0.674295,0.563292,0.505857,0.34461,0.641493,0.557649,0.3541,0.628882,0.493895,0.309364,0.580804,0.528431,0.345552,0.43534,0.328366,0.297372,0.535562,0.633875,0.582591,0.489879,0.40532,0.459936,0.594776,0.315868,0.54355,0.366384,0.396009,0.313461,0.575332,0.585412,0.417399,0.508056,0.521651,0.396947,0.294729,0.494392,0.620309,0.391563,0.5696,0.555348,0.48121,0.484116,0.476063,0.50165,0.489499,0.618459,0.615065,0.540891,0.503772,0.397953,0.592603,0.537225,0.404413,0.584114,0.496068,0.373501,0.552309,0.518323,0.398597,0.458219,0.38678,0.364989,0.522926,0.587466,0.553479,0.493481,0.438588,0.474164,0.561474,0.378073,0.52809,0.412708,0.432449,0.376385,0.548734,0.555326,0.446514,0.505189,0.513949,0.433069,0.363098,0.499652,0.507618,0.49316,0.504349,0.50345,0.498833,0.499014,0.498513,0.500102,0.499348,0.507496,0.507273,0.502544,0.500234,0.493575,0.505816,0.502315,0.493992,0.505272,0.499756,0.491973,0.503259,0.501138,0.493617,0.4974,0.492848,0.491406,0.501424,0.505486,0.503333,0.499595,0.496168,0.498395,0.503836,0.492276,0.501746,0.494525,0.495781,0.492164,0.503035,0.503449,0.496667,0.500322,0.500866,0.49582,0.491279,0.504887,0.394657,0.594863,0.439249,0.451718,0.516377,0.513844,0.520865,0.498562,0.509152,0.396292,0.399289,0.464345,0.496712,0.589234,0.419073,0.467544,0.58355,0.426528,0.503427,0.610819,0.454373,0.48403,0.588667,0.536432,0.599082,0.618364,0.480017,0.423585,0.453351,0.505681,0.553585,0.52252,0.446361,0.606773,0.475514,0.576262,0.558956,0.608267,0.457496,0.451736,0.546655,0.495478,0.487843,0.558414,0.620043,8.09472,9.06075,7.01606,8.9265,8.41122,7.7825,8.22878,7.73888,8.15617,7.85271,9.52719,9.12539,8.28824,8.17414,7.49309,9.30305,8.45768,7.12726,8.65723,8.32999,7.05912,8.58591,8.187,8.12849,7.58746,8.01049,7.81973,9.73095,8.88661,8.96808,8.30809,9.41317,8.29557,8.55364,7.29223,8.26979,8.58663,7.45813,7.91979,8.44511,8.6116,7.5781,8.40722,8.48141,8.03186,6.96763,0,1,2,0,3,18,17,18,6,2,2,4,4,1,4,1,7,5,11,5,4,4,6,3,2,3,5,5,6,2,15,26,10,23,16,3,3,2,5,6,4,3,2,1,16,12,14,15,21,4,4,6,4,4,4,1,1,0,1,7,7,5,12,2,4,1,11,3,11,8,3,12,10,8,8,8,8,4,3,7,5,7,10,6,9,4,9,5,3,1,2,14,15,12,11,14,14,18,33,2,3,12,11,17,5,5,3,1,8,10,10,4,10,8,15,9,5,5,3,0,0,1,3,2,1,0,5,1,5,2,6,21,25,15,13,8,28,9,14,14,15,24,21,19,23,23,15,7,11,7,9,5,8,4,6,6,4,4,4,17,27,18,24,12,23,18,26,15,13,17,21,14,17,8,23,9,24,27,13,12,8,13,6,6,3,4,4,1,6,2
180.606,0.999226,0.0128217,9,511,0,-113.091,8.8656,0.474514,0.296993,-0.705643,0.299211,-0.578683,-0.285942,-0.279578,0.334603,-0.136125,-0.355406,0.421428,0.0712297,0.760365,0.412076,0.0630208,-0.200526,0.113918,-0.491486,-0.425837,0.949414,0.862061,-0.113364,-0.845823,0.136292,-0.312176,-0.345329,-0.053117,-0.0823871,-0.291511,0.880732,0.525938,0.367426,-0.160873,0.567359,-0.176034,-0.430148,0.743422,0.0642373,0.280716,0.0391349,0.558052,-0.483506,0.2674,-0.930573,0.0158347,0.0919772,0.140307,0.137628,-0.230505,-0.353192,-0.327721,0.32471,-0.101779,0.368526,-0.0145251,0.0482052,-0.398634,-0.170928,0.215603,0.180102,0.0731034,0.191875,0.110299,0.916184,-0.472656,-0.478997,-0.00687424,0.360616,1.3723,0.757833,0.381612,-1.27366,0.847613,-0.134866,1.39053,0.375037,0.25089,-0.869135,-0.315514,0.477001,-0.6938,0.59445,-0.746163,1.22483,-0.344476,-0.465209,-0.72477,-1.13036,0.415636,-0.0504272,0.341616,0.206841,-0.254066,-1.07286,-0.581663,0.0106701,0.40774,0.944265,-0.820034,-0.365815,-1.44384,0.103062,-0.216107,0.150375,-0.240689,-0.186735,0.710902,-0.872972,1.24541,-0.816649,0.731142,0.20957,1.48711,0.757552,0.412531,-0.592839,0.853582,0.295299,-0.380881,-0.0409639,0.094018,0.400023,-0.155336,-0.246065,0.286272,0.290033,0.413593,-0.049938,0.455407,0.442503,0.366338,-0.0176521,0.0591908,-1.11283,-0.239932,-0.182803,0.0740594,19.3975,0.343779,0.568107,0.370475,0.434878,0.436312,0.576045,0.468861,0.419308,0.595345,0.516309,0.667441,0.593279,0.514431,0.454199,0.526069,0.389291,0.403682,0.704712,0.68779,0.474058,0.315414,0.531177,0.428981,0.421557,0.487836,0.481139,0.433625,0.691451,0.618186,0.583372,0.463219,0.627102,0.459767,0.402732,0.663987,0.514709,0.563945,0.508963,0.625106,0.391031,0.560942,0.298893,0.503627,0.521055,0.532093,0.531481,0.582617,0.464703,0.567956,0.533737,0.532988,0.460544,0.51608,0.541898,0.450366,0.491584,0.411107,0.451461,0.492554,0.523677,0.486542,0.557816,0.550149,0.389659,0.399522,0.513392,0.598636,0.483901,0.536821,0.540715,0.506276,0.509734,0.534392,0.397406,0.438171,0.456692,0.519,0.433357,0.520789,0.550654,0.413047,0.49241,0.466878,0.495376,0.434438,0.556886,0.468445,0.608221,0.498129,0.489133,0.483427,0.483743,0.686813,0.417518,0.655652,0.578887,0.577159,0.407972,0.537799,0.597607,0.384858,0.480194,0.30024,0.387325,0.482474,0.555557,0.46835,0.633426,0.616303,0.257972,0.277013,0.531497,0.719354,0.462155,0.585987,0.594908,0.514773,0.522905,0.580397,0.272871,0.357719,0.39918,0.544637,0.347199,0.548818,0.617437,0.304216,0.482136,0.422532,0.489114,0.34955,0.631361,0.426151,0.737994,0.495595,0.474434,0.461045,0.461785,0.542226,0.48206,0.534655,0.517145,0.516764,0.47994,0.508164,0.521305,0.474743,0.495728,0.454517,0.475303,0.49622,0.512026,0.493167,0.529447,0.525521,0.443296,0.448475,0.506799,0.550562,0.491826,0.518717,0.520702,0.503186,0.504942,0.517479,0.447367,0.468494,0.477975,0.509648,0.466021,0.510557,0.525779,0.455525,0.496147,0.483168,0.497653,0.466576,0.52897,0.483966,0.555588,0.49905,0.494483,0.491585,0.491745,7.41096,9.08163,6.96171,6.78728,7.33766,8.1141,8.29411,7.24204,8.83102,7.78133,9.58285,8.81926,7.77094,8.0451,8.61052,8.00682,7.761,8.8803,8.77278,8.3229,7.23722,8.47125,8.30869,8.25354,7.62395,8.07378,7.80947,9.70181,8.96222,9.09134,8.26281,9.39026,8.40434,8.16013,8.0836,8.78463,8.68021,8.75286,8.88171,8.0931,8.63693,7.53736,8.4864,8.58277,8.04553,8.47294,0,2,2,2,2,9,9,7,15,3,3,2,21,11,22,5,11,11,2,3,19,9,10,9,8,1,2,0,3,3,13,5,19,9,11,0,4,3,7,4,10,0,4,3,15,34,25,4,2,4,2,0,1,0,1,1,1,0,0,19,17,7,13,6,12,15,9,5,3,5,3,2,4,4,4,3,7,3,0,0,1,1,0,0,0,5,2,5,9,6,5,5,7,4,3,11,8,8,13,3,4,3,5,6,3,0,2,2,3,3,4,3,4,5,8,2,6,3,4,2,3,3,1,4,6,0,2,2,12,9,22,11,6,12,13,18,9,22,15,7,9,13,14,11,11,13,5,1,2,0,4,4,2,1,0,6,6,5,6,4,6,1,5,14,11,2,11,12,9,8,10,13,15,10,10,7,10,8,4,6,3,3,16,10,14,8,2,2,2,3
192.054,0.981422,0.0128217,8,255,0,-126.113,8.61966,0.49791,0.322837,-0.0922186,0.160334,-0.419894,0.150744,0.223137,0.586182,-0.284479,-0.167907,-0.643182,0.113952,0.598282,0.535663,-0.354524,0.10269,0.0575525,0.158213,-0.673748,0.461068,0.864699,-0.104696,-0.947961,0.104732,-0.371538,-0.435529,-0.00438228,0.0522643,-0.159291,0.535574,0.47015,0.252918,-0.197662,0.35163,-0.210443,-0.0185936,0.304757,0.279323,-0.0184673,-0.167456,-0.176145,-0.31348,0.243375,-0.978447,-0.0380395,-0.245114,0.357,-0.317319,0.0244545,-0.0564381,-0.0496115,0.413013,-0.131041,0.454558,0.364509,0.22224,-0.1985,-0.335148,0.397616,0.214209,0.272737,-0.141915,0.300803,1.21921,0.141975,-0.484519,-0.059705,0.363787,1.37793,0.803436,0.291681,-0.747443,0.830849,0.540334,1.22657,0.458313,0.0937321,-0.829035,-0.369225,0.60521,-0.441085,0.531711,-0.564816,0.981238,-0.42455,-0.33494,-0.555244,-1.28445,0.81977,-0.183086,0.436424,0.165667,-0.281456,-0.371523,-0.654935,-0.0306092,0.619969,0.634108,-0.914986,-0.323725,-1.3166,0.399258,-0.181428,0.248195,-0.922972,-0.304607,0.782506,-1.14227,1.24703,-0.64193,0.601543,-0.0318222,1.39229,0.818766,0.376962,-0.665341,0.761387,0.0684196,-0.334265,-0.0895499,-0.169864,0.201556,-0.136265,-0.00111346,0.216164,0.373953,0.137996,0.0488327,0.292589,0.399633,0.410567,-0.181758,0.0597574,-0.7458,-0.00972809,-0.0858037,0.00794999,24.0118,0.471921,0.548715,0.374739,0.545819,0.567597,0.671435,0.414149,0.448999,0.31342,0.534677,0.674681,0.657706,0.393591,0.53126,0.517535,0.548075,0.305457,0.636948,0.741591,0.468132,0.239437,0.531879,0.388651,0.370283,0.498664,0.515925,0.4516,0.657682,0.639505,0.576485,0.440042,0.605566,0.436206,0.494333,0.591837,0.584325,0.494371,0.449135,0.446516,0.405597,0.573642,0.232734,0.488407,0.42584,0.607129,0.404469,0.496727,0.505691,0.485101,0.50535,0.507919,0.520794,0.489904,0.494041,0.477187,0.504044,0.521223,0.519004,0.487419,0.503645,0.502043,0.505615,0.476104,0.516359,0.530653,0.496284,0.466404,0.503717,0.486816,0.484546,0.499844,0.501855,0.494346,0.519,0.516681,0.508976,0.492985,0.512478,0.492531,0.49934,0.510815,0.509913,0.499345,0.494057,0.493748,0.488875,0.508637,0.465327,0.49865,0.491301,0.512669,0.488739,0.517187,0.470141,0.577656,0.471923,0.458492,0.392414,0.552843,0.531265,0.617673,0.478766,0.390265,0.401433,0.565719,0.480863,0.489271,0.470535,0.623042,0.414871,0.344141,0.519511,0.669736,0.480483,0.568833,0.580498,0.500817,0.490257,0.529665,0.401449,0.413228,0.452983,0.536787,0.434812,0.539157,0.503467,0.443421,0.448108,0.503443,0.531182,0.532795,0.558184,0.454747,0.674745,0.507092,0.545575,0.433828,0.55889,0.500224,0.49961,0.501021,0.499633,0.499457,0.498574,0.500692,0.500408,0.501564,0.499723,0.498545,0.498697,0.500862,0.49975,0.49986,0.499615,0.501639,0.498879,0.497897,0.500255,0.502305,0.499745,0.500904,0.501059,0.500011,0.499873,0.500387,0.498697,0.498857,0.499385,0.500481,0.499145,0.500512,0.500045,0.499259,0.499321,0.500045,0.500407,0.500428,0.500762,0.499408,0.50238,0.500093,0.500596,0.499132,0.500772,8.21074,9.0652,7.01146,7.62809,7.89287,8.38434,8.09271,7.35526,7.46375,7.743,9.50275,9.06829,7.10015,8.47898,8.56251,8.9061,7.42333,8.21655,8.7498,8.33921,7.06724,8.48178,8.3355,8.2427,7.58016,8.13747,7.84642,9.62821,8.98026,9.03592,8.21153,9.28741,8.3992,8.81907,7.83898,9.2282,8.49239,8.61435,7.82328,8.41451,8.67204,7.53544,8.43093,8.14653,8.05011,7.90226,1,3,3,3,2,17,6,6,7,7,6,7,7,11,17,10,12,7,10,10,4,7,7,5,4,0,2,0,2,4,12,5,4,13,5,1,3,3,7,6,11,2,8,2,17,15,15,4,1,1,1,1,1,2,0,0,1,1,0,15,16,9,12,3,5,5,1,1,7,7,5,4,1,7,10,7,2,0,2,4,2,2,1,2,2,2,0,5,10,6,6,5,4,10,9,8,8,5,6,1,4,6,4,3,0,0,1,5,0,7,1,2,6,4,2,4,4,4,3,1,0,2,3,6,2,2,1,4,10,14,8,15,17,24,11,14,19,5,16,12,13,8,14,21,7,14,8,1,3,2,1,1,0,3,2,2,13,11,16,3,1,2,3,5,6,14,17,10,6,7,5,10,8,13,12,8,15,8,9,7,8,11,2,7,7,4,1,4,2,1
204.161,0.999389,0.0128217,8,511,0,-129.386,9.05271,0.387842,0.264484,-0.294865,0.332558,-0.523603,0.240117,0.421326,-0.245681,-0.140838,-0.1974,0.0776382,-0.0237228,0.522271,0.64418,-0.175375,0.0310477,-0.168747,-0.0773535,0.364637,-0.042302,0.72232,-0.0580037,-0.84295,0.272516,-0.225514,-0.943574,-0.0858919,-0.705117,-0.886656,0.763948,0.434451,0.167557,-0.0899499,-0.180789,-0.292992,-0.323801,-0.44127,0.160346,-0.492111,0.171295,-0.0464022,-0.06454,0.214563,-0.72885,0.0444505,-0.0373699,-0.204977,0.235146,0.11689,0.135399,0.00930695,-0.242178,0.152217,-0.40491,-0.480168,-0.226863,0.0320176,0.207671,-0.287648,-0.209007,-0.329281,0.113901,-0.188849,0.150868,1.28028,-0.458035,-0.0508457,0.355602,-0.14002,0.721987,0.147754,-1.07691,0.495386,0.394941,0.460171,0.73659,0.624204,-1.11471,-0.454692,0.534347,-0.571091,0.354433,-1.1304,1.69438,-0.0944486,-0.652735,-0.449865,-1.66853,1.70702,-0.279998,0.116146,0.285919,-0.0774914,-1.04942,-0.456436,-0.138591,0.807161,1.08257,-0.22868,-0.500053,-0.789242,-0.0258872,0.057569,-0.825499,-0.0866653,-0.168507,0.426047,-0.43254,0.979596,-0.061093,0.23198,0.109524,1.23508,0.353518,0.384951,-0.348968,-0.558474,0.0460053,0.309015,-0.046163,0.0554397,-0.0760355,0.165043,-0.0232375,-0.226411,-0.279745,0.0872135,-0.00307531,-0.128729,0.223065,0.020622,-0.0186207,0.194347,0.354178,-0.733965,-0.042176,0.0528446,21.589,0.48888,0.51254,0.480262,0.509055,0.515886,0.490735,0.494688,0.492555,0.502928,0.499105,0.519688,0.524277,0.493386,0.501171,0.493636,0.497082,0.51375,0.498405,0.527217,0.497812,0.468249,0.510277,0.491495,0.464471,0.49676,0.47343,0.466608,0.528782,0.51638,0.506319,0.496607,0.493182,0.488951,0.48779,0.483363,0.506047,0.481448,0.50646,0.49825,0.497566,0.508092,0.472538,0.501677,0.498591,0.49227,0.508868,0.406728,0.604862,0.338417,0.576254,0.631676,0.422007,0.455044,0.437153,0.524829,0.492408,0.661201,0.695239,0.444103,0.509936,0.446198,0.475262,0.614635,0.486464,0.716013,0.481443,0.253656,0.58635,0.428317,0.230049,0.472536,0.288487,0.243209,0.726724,0.635577,0.553425,0.471242,0.442392,0.407307,0.397821,0.362404,0.551142,0.347502,0.554608,0.485152,0.479355,0.568246,0.282291,0.514223,0.488041,0.434767,0.5747,0.473915,0.529412,0.45377,0.521248,0.537237,0.47826,0.487532,0.482528,0.506874,0.497899,0.546113,0.556793,0.484476,0.502749,0.485063,0.493151,0.532242,0.496254,0.563611,0.494864,0.425911,0.524111,0.480043,0.417221,0.492395,0.437888,0.42213,0.567234,0.538393,0.514832,0.492036,0.483998,0.47408,0.471361,0.461007,0.514194,0.456536,0.515163,0.495891,0.494286,0.518989,0.43582,0.503936,0.496691,0.481858,0.520809,0.553895,0.43928,0.594911,0.456054,0.423301,0.544959,0.52582,0.536158,0.485758,0.504353,0.405324,0.383952,0.532135,0.494303,0.530924,0.51419,0.433489,0.507761,0.37048,0.510642,0.649922,0.450162,0.541286,0.666534,0.515755,0.62657,0.657185,0.363383,0.420951,0.469293,0.516499,0.533125,0.553555,0.559136,0.580269,0.470612,0.589329,0.46861,0.508514,0.51184,0.460711,0.630637,0.491844,0.506857,0.537541,0.45696,7.89381,9.02888,7.03836,8.54262,8.36412,7.42488,8.19316,7.49283,8.41964,7.73823,9.48393,9.20757,7.52387,8.35371,8.15376,8.64285,8.82324,7.71194,8.77479,8.31026,7.14664,8.69439,8.24161,8.12974,7.65027,8.16182,7.92128,9.7919,8.92026,8.98922,8.26507,9.32618,8.33898,8.10372,7.58357,8.78692,8.58106,8.80237,9.07606,8.46884,8.61293,7.54846,8.45527,8.33946,8.10025,8.64189,1,1,3,1,1,16,3,8,11,13,3,6,18,7,17,13,9,11,11,6,10,5,7,5,3,1,0,3,2,2,15,12,10,8,13,5,3,2,2,6,8,2,1,1,19,17,21,5,13,1,3,2,7,8,1,1,3,2,1,19,15,21,25,5,2,4,8,8,7,4,7,8,5,10,6,5,3,5,1,2,1,5,0,1,2,1,0,5,6,2,1,7,10,12,11,9,10,11,11,3,4,7,4,2,4,1,6,7,4,6,2,7,3,1,4,2,0,2,3,8,3,5,7,5,0,5,2,2,7,5,5,17,16,9,14,3,9,10,15,9,11,12,12,21,15,9,21,2,5,6,1,2,3,4,5,4,4,4,9,3,1,7,3,9,12,6,15,5,8,10,13,11,12,7,11,14,8,17,9,8,7,4,2,10,3,7,4,3,3,4
187.925,0.983929,0.0128217,9,511,0,-120.396,9.05878,0.297697,0.56441,-0.394086,0.596042,-0.594563,-0.206361,0.00400201,-0.162548,-0.142886,-0.102161,0.257539,-0.0372681,0.499867,0.648226,-0.069995,-0.0337559,-0.0147524,-0.276011,0.292184,0.285737,0.669893,-0.0696878,-0.833268,-0.0128626,0.153122,0.232761,-0.0589873,0.364064,0.164392,-0.10193,0.514932,0.155939,-0.100283,0.199732,-0.400651,0.0687999,-0.408299,0.351444,0.175625,-0.354342,0.0850726,0.106002,0.272435,-0.412061,0.0138294,0.1652,-0.0100842,0.0584935,-0.0778861,-0.0109241,-0.380572,0.367933,-0.344909,0.752835,0.596506,0.356435,-0.0303673,-1.02204,0.916835,0.446001,0.678044,-0.0594427,0.950599,1.14116,0.149526,-0.276239,-0.230942,0.370987,2.09291,0.665683,0.281829,-0.650612,0.43225,-0.0326804,-0.314008,0.407229,0.0643798,-1.42239,-1.07,0.442606,-1.13375,0.721841,-0.998963,1.15355,-0.0569447,-0.233219,-0.268532,-0.914591,0.996064,-0.924974,0.151719,0.194066,-0.0660903,-0.889089,-0.388528,-0.219238,0.0691141,0.659857,0.250373,-0.0157769,-1.02554,0.0213833,0.524544,-0.41014,-1.5155,-0.54026,0.454729,-0.702612,0.629255,-0.493343,0.40652,0.487327,0.66102,0.505733,0.0453569,-0.407545,0.0389167,-0.177976,-0.0799522,0.0922273,-0.047462,0.143829,-0.300792,0.264718,0.308263,0.321705,0.358533,-0.028096,-0.475164,-0.186228,-0.196263,-0.267161,-0.142565,-0.376949,-0.20996,0.283243,0.100275,19.5091,0.389429,0.663778,0.336598,0.441398,0.501142,0.453759,0.459326,0.470887,0.572949,0.489369,0.638862,0.676936,0.480042,0.490371,0.495791,0.421902,0.582593,0.580803,0.68232,0.480129,0.278706,0.496331,0.543573,0.566016,0.483178,0.602395,0.546762,0.470953,0.642819,0.544371,0.471422,0.556736,0.387649,0.519618,0.385579,0.598941,0.549937,0.400265,0.524251,0.530204,0.577103,0.384563,0.503945,0.546991,0.497123,0.516681,0.485273,0.522266,0.477789,0.492287,0.50015,0.493924,0.494659,0.496181,0.509626,0.498607,0.518677,0.524213,0.497384,0.498738,0.499449,0.489684,0.510921,0.51068,0.525021,0.497395,0.468891,0.499519,0.505724,0.5087,0.497795,0.513606,0.506145,0.49619,0.519239,0.505829,0.496251,0.507466,0.485028,0.502572,0.484742,0.513134,0.506565,0.486757,0.50318,0.503962,0.510183,0.484601,0.500517,0.506175,0.499623,0.502187,0.537069,0.444066,0.555797,0.519437,0.499623,0.515313,0.513462,0.509626,0.475749,0.503512,0.453033,0.439215,0.506596,0.503181,0.50139,0.525987,0.472493,0.473099,0.437204,0.506567,0.577886,0.501212,0.485574,0.478079,0.505559,0.465745,0.484513,0.509604,0.451626,0.485309,0.509449,0.481187,0.537685,0.493517,0.538401,0.466929,0.483456,0.533343,0.491984,0.490012,0.474349,0.538754,0.498697,0.484437,0.50095,0.494488,0.520674,0.468755,0.531168,0.51083,0.49979,0.508531,0.507499,0.505362,0.486485,0.501956,0.473786,0.466027,0.503674,0.501772,0.500774,0.514484,0.484668,0.485006,0.464895,0.503658,0.543627,0.500675,0.491963,0.487785,0.503096,0.4809,0.491372,0.50535,0.472998,0.491816,0.505264,0.489518,0.521018,0.496389,0.521418,0.481561,0.490783,0.518591,0.495535,0.494436,0.485704,0.521616,0.499274,0.49133,0.500529,0.49693,7.7978,8.95335,7.02043,7.56017,7.8101,7.58855,8.16037,7.66882,8.66249,7.75517,9.54364,9.17402,7.71161,8.27533,8.33083,8.51585,8.70834,8.18432,8.68647,8.25771,7.22981,8.30314,8.37078,8.12295,7.72626,8.08227,7.81799,9.70715,9.00105,9.08997,8.21701,9.23185,8.35142,8.25865,7.29341,8.63339,8.76715,7.69694,7.71254,8.30814,8.68221,7.62098,8.36888,8.57021,8.08541,8.39812,4,4,2,5,5,9,11,10,6,3,5,8,0,3,2,3,5,8,7,12,5,7,5,9,2,2,1,0,1,3,12,8,12,11,8,0,2,0,4,5,8,4,1,1,10,17,9,6,8,10,4,7,3,3,5,4,2,3,1,9,10,10,9,3,3,0,6,10,8,9,6,11,4,7,8,10,6,9,2,1,4,8,12,6,14,11,8,3,4,1,3,16,12,5,11,12,17,28,44,2,6,6,9,4,0,3,1,7,5,12,7,9,7,4,11,5,2,5,3,0,0,0,3,4,5,4,7,3,11,13,14,13,17,18,7,7,6,9,15,14,17,15,18,16,17,18,15,4,4,1,5,6,5,3,3,5,13,8,10,14,11,3,8,14,10,17,5,17,15,13,16,12,17,15,10,24,18,14,14,6,6,12,12,7,4,8,6,6,4,4
179.537,0.997754,0.0128217,8,255,0,-119.972,9.21962,0.390219,0.632689,0.485046,0.505148,-0.274899,0.339065,0.00544162,0.324075,-0.158042,0.218441,-0.366469,0.207831,0.427958,0.126646,0.039558,-0.350617,0.128242,0.0571022,-0.285383,-0.18879,0.890282,-0.0252226,-1.11736,0.123748,0.0991099,0.2659,0.172603,-0.0593284,-0.256525,-0.412676,0.190013,0.202735,-0.084697,0.0870656,-0.24658,-0.0244515,0.583682,-0.426507,-0.0497001,0.383388,-0.117642,0.153066,-0.0251895,-0.508184,0.0214834,-0.227076,-0.114803,-0.100108,0.239497,0.288061,-0.623096,0.152091,-0.243139,0.863935,0.411987,0.168474,0.00594501,-0.590008,1.2111,-0.241312,0.827122,-0.106224,0.615938,1.40595,-0.353815,-0.244439,-0.207868,0.353656,0.451416,0.733263,0.191269,-1.27964,0.513937,0.0654303,0.00223134,-0.131937,0.275028,-0.957904,-0.583042,0.725625,-0.949184,0.740212,-0.0571611,0.482912,-0.243852,-0.5646,-0.738725,-1.46215,0.311433,-0.688365,-0.200906,-0.148654,0.29929,-0.878549,-1.0745,-0.56206,0.957724,0.606558,-0.28828,-0.0172637,-1.43118,-0.361409,-0.588416,-0.0607491,-0.825568,-2.00819,0.641166,-0.700523,1.00536,-0.432127,-0.0360592,0.227745,1.32774,0.23293,0.178615,-1.20241,0.464259,0.00933913,0.126173,0.211508,0.0165844,0.571578,-0.136769,0.089934,-0.278216,0.117186,0.119058,0.183372,-0.120778,-0.164699,0.2797,0.171729,0.0655871,-0.315665,-0.390311,0.359765,0.0798063,15.0348,0.664174,0.670448,0.404561,0.616971,0.501913,0.611978,0.444677,0.576182,0.373966,0.572535,0.646043,0.544397,0.513901,0.379199,0.544954,0.52006,0.401016,0.434029,0.777593,0.491135,0.172081,0.543387,0.53478,0.592387,0.560372,0.479159,0.410799,0.358886,0.566393,0.57078,0.470265,0.530564,0.414188,0.491406,0.69437,0.354424,0.482538,0.631586,0.458744,0.553594,0.491147,0.328609,0.507551,0.420856,0.459735,0.464871,0.457201,0.455436,0.524297,0.470044,0.499519,0.471366,0.513976,0.480688,0.53237,0.481625,0.462218,0.4888,0.496501,0.530974,0.488658,0.494949,0.525222,0.516693,0.421896,0.502231,0.597567,0.489056,0.491234,0.476497,0.484737,0.505248,0.522675,0.536438,0.483199,0.482075,0.507491,0.492299,0.521797,0.502163,0.448554,0.537655,0.504396,0.46614,0.510404,0.486464,0.502228,0.54483,0.4981,0.520075,0.510153,0.508854,0.461797,0.46022,0.52168,0.473268,0.499571,0.474448,0.51247,0.482768,0.528888,0.483605,0.466278,0.490007,0.496878,0.527641,0.489881,0.495494,0.522506,0.514894,0.430201,0.50199,0.587275,0.490236,0.492179,0.479028,0.486382,0.504682,0.520233,0.532521,0.485009,0.484006,0.506684,0.49313,0.519449,0.50193,0.454068,0.533608,0.503922,0.469781,0.509283,0.487923,0.501988,0.540018,0.498305,0.517912,0.509059,0.507899,0.452811,0.450868,0.526798,0.466963,0.499469,0.46842,0.515417,0.478698,0.535698,0.479731,0.458338,0.487645,0.49614,0.534159,0.487489,0.494428,0.527818,0.518413,0.413992,0.502461,0.607333,0.487927,0.49033,0.474077,0.483164,0.505789,0.52501,0.540181,0.481467,0.480228,0.508264,0.491505,0.524042,0.502386,0.443291,0.541522,0.504849,0.46266,0.511477,0.485069,0.502458,0.549425,0.497904,0.522143,0.5112,0.509767,9.45507,9.00059,6.98912,8.88858,7.4151,7.89844,8.11541,7.73918,8.16894,7.72311,9.41777,8.91709,7.46714,8.19265,8.55164,8.85821,8.29059,7.11935,8.715,8.31771,7.11115,8.91268,8.39114,8.1678,7.66968,8.09691,7.79744,9.63849,9.01336,9.0797,8.22703,9.28429,8.39617,8.20273,9.24962,7.59553,8.6525,8.8204,8.00807,8.47323,8.68564,7.47502,8.38895,8.01073,8.08524,8.57143,1,4,4,4,1,9,15,17,14,7,8,6,6,4,7,5,10,6,6,5,4,16,7,8,7,5,0,2,7,1,14,15,19,26,23,1,1,5,12,11,15,15,13,4,7,13,3,6,3,4,4,5,1,2,1,1,1,7,2,8,8,13,9,2,1,4,8,7,7,4,8,3,7,7,4,4,18,13,3,3,3,5,7,3,5,6,5,3,2,1,2,23,30,52,24,37,8,25,19,4,5,7,7,8,3,1,7,3,13,10,8,5,16,6,8,5,4,13,9,3,3,1,1,0,1,0,0,1,10,6,11,12,23,13,15,10,16,12,15,19,9,9,16,14,26,18,7,6,7,6,3,7,7,2,7,9,12,4,12,12,4,10,13,42,46,17,44,42,32,30,36,33,29,33,39,18,36,33,21,11,9,9,10,5,7,7,0,2,1,1
175.814,0.947211,0.0128217,9,511,0,-102.862,9.25779,0.354309,0.531005,0.434824,0.535315,-0.38977,0.127896,-0.220011,0.0139301,-0.104089,0.48509,-0.121094,0.249263,0.585771,0.26307,-0.115984,-0.464796,-0.093939,0.121512,-0.135866,-0.111416,0.757838,-0.03335,-0.943623,0.141023,0.0555467,0.232128,0.108648,-0.15372,-0.230527,-0.285381,0.1321,0.28258,-0.031143,0.137478,-0.194434,-0.182304,0.674689,-0.441467,-0.0541595,0.221342,-0.10619,0.200152,-0.0874449,-0.400901,0.0373805,-0.125737,-0.185268,-0.102669,0.31257,0.350894,-0.577159,0.19359,-0.294256,0.85591,0.432032,0.0799878,0.0234212,-0.586948,1.22827,-0.171981,0.832184,0.00854478,0.510808,1.45151,-0.486232,-0.228851,-0.213327,0.351733,0.00311547,0.754664,0.281956,-1.32679,0.344782,0.0169035,-0.152049,-0.0968408,0.321629,-0.778442,-0.491878,0.677954,-0.750176,0.717298,-0.198104,0.537558,-0.128459,-0.785025,-0.809548,-1.58559,0.411869,-0.80261,-0.157908,-0.0547763,0.191652,-0.955921,-1.04239,-0.782863,0.604122,0.485798,-0.339987,0.0126819,-1.53273,-0.309535,-0.939104,-0.148348,-0.829045,-1.78755,0.550302,-0.809692,1.08083,-0.448976,-0.0757624,0.129006,1.21695,0.237552,0.348408,-1.23861,0.657427,-0.0173078,0.138801,0.381566,-0.0942194,0.627994,-0.145841,0.0287172,-0.284213,0.20008,0.158074,0.188622,-0.135443,-0.203792,0.320547,0.12924,0.107992,-0.350773,-0.496933,0.412604,0.103241,15.8638,0.652751,0.685037,0.362217,0.546278,0.420834,0.505055,0.4623,0.669099,0.456171,0.589478,0.70062,0.594319,0.458011,0.337455,0.465964,0.54398,0.450856,0.459657,0.750262,0.4879,0.202672,0.550996,0.520146,0.583446,0.539345,0.444449,0.417119,0.397897,0.54779,0.601128,0.488701,0.549723,0.429909,0.434229,0.726973,0.345067,0.480357,0.579636,0.461542,0.572124,0.468311,0.358493,0.513561,0.454499,0.433172,0.462812,0.44734,0.435293,0.547238,0.484458,0.526719,0.498307,0.51265,0.441305,0.514716,0.469737,0.429272,0.468065,0.514095,0.55626,0.511417,0.485234,0.51651,0.51354,0.408907,0.504054,0.612734,0.482864,0.493248,0.471813,0.486796,0.518677,0.527993,0.534635,0.483948,0.465704,0.503786,0.483295,0.523617,0.522146,0.418714,0.553459,0.506583,0.47312,0.512905,0.475689,0.510628,0.548579,0.495456,0.51528,0.522506,0.512478,0.461943,0.453194,0.534127,0.488786,0.519284,0.498778,0.509127,0.457563,0.510617,0.478155,0.448812,0.476947,0.51017,0.540669,0.508237,0.489346,0.511912,0.509769,0.433931,0.502925,0.582002,0.487636,0.495129,0.479655,0.490473,0.513477,0.520205,0.525005,0.488418,0.47524,0.502731,0.487946,0.517044,0.515981,0.441109,0.538636,0.504749,0.4806,0.509311,0.482455,0.507668,0.535098,0.496722,0.511024,0.516241,0.509002,0.44619,0.433886,0.548272,0.484116,0.527306,0.498269,0.512928,0.440026,0.515039,0.469073,0.427737,0.467364,0.514405,0.557488,0.511668,0.484909,0.516873,0.513838,0.406949,0.504143,0.615127,0.482487,0.4931,0.471194,0.486506,0.519088,0.528608,0.535394,0.483595,0.464952,0.503869,0.482927,0.524136,0.522633,0.416958,0.554626,0.506728,0.47253,0.513189,0.475155,0.510862,0.549641,0.495356,0.515616,0.523,0.512752,9.39488,9.05412,6.87348,8.66262,7.1383,7.5083,8.22879,8.24529,8.52086,7.88007,9.55453,9.12823,7.30243,7.98464,8.24486,8.83569,8.4975,7.30966,8.6516,8.34087,7.28272,8.93611,8.30683,8.13679,7.65839,7.94935,7.82834,9.83763,8.922,9.08921,8.34437,9.31768,8.33551,7.93022,9.50366,7.52641,8.64318,8.56876,8.0245,8.53542,8.57412,7.58884,8.45303,8.19454,8.10415,8.55001,0,0,2,3,2,8,10,10,3,4,10,6,5,4,3,6,4,7,8,4,4,7,9,8,10,1,4,7,4,4,13,13,16,14,21,5,1,1,12,24,10,6,8,4,8,9,3,3,7,9,3,3,5,1,2,2,0,2,2,5,4,15,8,4,2,4,3,11,2,4,8,7,4,13,6,5,20,5,1,5,0,5,5,7,6,8,7,0,5,0,1,25,29,22,23,19,30,17,28,1,5,6,2,13,1,2,1,6,4,1,5,5,27,17,3,4,5,8,2,3,1,5,2,0,0,1,2,1,7,13,20,11,15,26,22,22,18,23,15,26,22,4,11,15,25,26,24,1,7,2,7,7,9,3,1,1,4,7,10,7,11,12,3,24,19,14,28,22,18,22,32,40,27,10,29,22,17,24,31,13,15,2,10,17,17,13,4,4,4,3
190.568,0.99252,0.0128217,9,511,0,-107.438,9.13683,0.360124,0.413991,-0.494384,0.66141,-0.454283,0.163201,-0.527322,0.397984,0.11192,-0.0445995,0.472974,0.145059,0.427695,0.455471,-0.0683077,-0.359966,-0.276517,0.0837978,0.101522,-0.317351,0.778186,0.180634,-0.910517,0.0599588,0.0490354,-0.0107535,0.0618373,0.101723,-0.201687,0.628591,0.222446,0.0282549,0.0764756,0.159283,-0.418064,0.196866,-0.538259,0.0931586,0.0407814,0.294934,0.221716,0.116523,0.0576481,-0.545531,0.30739,0.197037,-0.177191,0.252609,0.193202,1.05988,-0.378614,-0.0845981,0.0566754,0.572348,0.0309865,0.494065,0.0217958,-0.478627,0.192801,-0.0527544,0.596512,0.272788,0.741534,0.946034,-0.800392,-0.276575,-0.106972,0.364764,0.739649,0.823421,0.210513,-0.593309,0.277382,0.296715,-0.245434,0.724695,0.301315,-1.67338,-0.99768,0.449526,-1.47801,-0.124774,-1.11439,1.20003,-0.034463,-0.469213,-0.216507,-1.73876,1.04266,-0.411242,0.236537,0.73463,0.059141,-0.753009,-0.477064,-0.0308934,0.61226,0.648206,-0.555477,-0.0817339,-0.891894,0.136332,0.924739,-0.90702,-0.924711,-1.21281,0.220725,-0.887354,0.77883,-0.237411,0.190058,0.277141,1.13436,0.362809,-0.364561,-0.802826,-0.236346,0.0118065,0.276934,-0.0994217,-0.182406,-0.04801,0.219551,0.232764,0.0896671,0.234237,0.0542717,-0.144621,-0.549822,-0.15444,0.303076,0.174517,0.117058,-0.625818,-0.897549,0.293506,0.0454567,28.6003,0.38516,0.651518,0.394182,0.538522,0.377808,0.59303,0.526445,0.489453,0.610033,0.534254,0.599796,0.606086,0.48385,0.415678,0.434972,0.519809,0.523992,0.425503,0.676162,0.542618,0.297051,0.514177,0.511595,0.497457,0.514621,0.52404,0.452444,0.644436,0.552417,0.506682,0.518079,0.537601,0.402393,0.546426,0.375378,0.522019,0.509644,0.569305,0.552246,0.527531,0.513631,0.373767,0.572192,0.546467,0.458191,0.559461,0.597654,0.37066,0.589913,0.46739,0.603977,0.421031,0.47762,0.508923,0.406473,0.471007,0.415245,0.409857,0.513665,0.571534,0.555106,0.483239,0.479697,0.563162,0.349133,0.463918,0.674535,0.488005,0.490189,0.502152,0.487629,0.479657,0.54027,0.376808,0.455606,0.494346,0.484702,0.468171,0.582882,0.460689,0.606069,0.481368,0.49184,0.441257,0.455751,0.476701,0.488467,0.607458,0.4388,0.460655,0.535396,0.449625,0.576737,0.397972,0.5706,0.474489,0.581761,0.438054,0.482497,0.506977,0.426537,0.47732,0.433482,0.429218,0.510685,0.556081,0.543155,0.486892,0.484122,0.549488,0.3806,0.471769,0.638721,0.49062,0.492329,0.501682,0.490326,0.48409,0.531513,0.402903,0.465253,0.49558,0.488037,0.4751,0.565037,0.469238,0.583426,0.485429,0.49362,0.453987,0.465367,0.481778,0.490982,0.584531,0.452055,0.469212,0.527694,0.46056,0.609148,0.355798,0.600546,0.463445,0.616164,0.411635,0.474908,0.510006,0.395436,0.467497,0.405192,0.399198,0.515323,0.580076,0.56173,0.481206,0.477235,0.570732,0.332154,0.459557,0.693649,0.486549,0.488999,0.502413,0.486128,0.47719,0.545133,0.362578,0.450251,0.49366,0.482847,0.46432,0.592723,0.45594,0.618483,0.479109,0.49085,0.434204,0.450413,0.473878,0.487067,0.620022,0.43146,0.455902,0.539676,0.443559,7.91725,9.06405,6.96859,9.15134,6.8688,8.14415,8.20009,7.53323,9.25037,7.79562,9.55676,9.22642,7.50042,8.10145,7.66309,9.08278,8.73891,7.15656,8.66054,8.29507,7.35623,8.68141,8.22364,8.10893,7.68052,8.1473,7.72765,9.69034,8.90601,9.00592,8.15106,9.21027,8.39008,8.42803,8.18454,8.28468,8.65571,8.5633,8.31311,8.31699,8.67821,7.40482,8.46991,8.31772,8.09032,8.94762,4,6,3,4,3,10,9,5,9,4,7,2,3,4,8,6,4,2,13,6,3,4,8,4,4,3,1,1,0,1,13,20,12,25,6,0,1,0,6,10,14,6,1,2,10,13,9,11,11,6,1,3,7,4,4,1,0,1,2,14,6,11,7,7,5,3,6,6,25,15,9,10,12,7,7,13,5,9,5,0,3,9,3,7,5,2,1,3,5,1,2,14,14,13,20,21,17,20,19,3,1,5,9,9,4,5,2,8,7,10,8,8,11,15,19,19,1,3,3,2,3,3,0,1,0,0,2,0,9,10,13,21,16,21,12,10,19,25,13,15,21,18,13,17,11,9,22,6,3,3,4,4,1,7,9,3,6,5,6,11,7,11,14,13,22,18,9,25,14,6,19,17,22,16,26,26,7,9,11,7,10,9,6,5,6,6,2,1,7,5
200.809,0.975748,0.0128217,9,511,0,-118.848,8.01312,0.441172,0.282955,-0.521416,0.374982,-0.754772,-0.526294,-0.398151,0.828804,-0.10827,-0.66353,0.556979,-0.130127,0.689774,0.603565,0.0278524,0.0213057,-0.253639,-0.0735077,-0.416186,0.133821,0.451784,-0.0462209,-0.619935,0.368584,-0.192742,-0.6017,-0.267511,-0.3847,-0.484388,1.00617,0.548475,0.332979,-0.155255,0.703331,-0.161024,-0.399033,-1.31071,0.165363,-0.012215,0.255152,-0.202131,-0.0723915,0.301209,-0.65994,0.0228748,0.87153,-0.0376672,0.433834,-0.517247,-0.590817,0.167735,0.0880788,-0.497608,-0.316603,-0.182382,-0.0787022,-0.0368325,0.0418194,-0.168357,0.144024,-0.12032,0.129601,0.0413109,1.23671,0.579317,-0.316148,-0.00623663,0.377585,2.2621,0.534092,0.185925,-0.171467,0.370211,0.148421,0.850058,0.484077,0.201567,-1.21446,-0.702482,0.643532,-0.918145,0.312261,-0.728933,0.879686,0.337325,0.0204303,-0.568537,-0.95037,0.814293,-0.0240485,0.485983,0.0364436,0.197806,-0.556974,-0.523481,-0.270815,0.616653,0.906037,0.302687,0.391358,-0.435989,0.082634,0.510155,-0.391682,-0.74023,-0.190531,0.480141,-0.680664,0.987459,-0.591178,0.274448,0.413845,1.04628,0.659851,0.0797505,-0.383245,-0.169036,-0.00670917,-0.093529,-0.325147,-0.161495,0.158256,-0.14467,-0.0193504,0.00493707,0.0365255,0.22226,0.0617674,0.130768,-0.132507,-0.138395,-0.0120423,-0.066928,-0.684571,-1.05781,0.0369407,0.10989,25.4732,0.344153,0.613902,0.282228,0.342792,0.379329,0.735944,0.466575,0.305637,0.665705,0.459854,0.701207,0.678402,0.508611,0.506587,0.422217,0.477289,0.374092,0.54128,0.636158,0.485713,0.317197,0.612025,0.440689,0.322102,0.418037,0.383253,0.354561,0.77632,0.663361,0.601519,0.452145,0.704708,0.450379,0.379072,0.165071,0.550949,0.496223,0.578239,0.437829,0.477633,0.592065,0.30658,0.507072,0.746084,0.488356,0.631004,0.425053,0.554096,0.392396,0.424362,0.44259,0.617781,0.484325,0.405067,0.579974,0.481163,0.598591,0.586534,0.504034,0.503086,0.463332,0.489356,0.440014,0.519372,0.565061,0.493306,0.411168,0.55318,0.472114,0.413728,0.461334,0.444514,0.430303,0.641733,0.578774,0.548076,0.47753,0.600477,0.476696,0.442464,0.318795,0.523931,0.498231,0.536886,0.470759,0.489517,0.543514,0.405569,0.503313,0.623608,0.494545,0.562503,0.588301,0.436175,0.626375,0.58911,0.567722,0.361843,0.518521,0.611645,0.405815,0.522256,0.384096,0.398149,0.495233,0.496354,0.5433,0.512578,0.570749,0.477113,0.423291,0.50791,0.604533,0.437252,0.532939,0.601545,0.545655,0.565461,0.582148,0.334301,0.40722,0.443259,0.526546,0.381903,0.52753,0.56787,0.710389,0.47173,0.502091,0.456443,0.534538,0.512387,0.448632,0.611061,0.496085,0.355116,0.506446,0.426293,0.634497,0.402115,0.689633,0.635693,0.603763,0.293859,0.528601,0.668606,0.356823,0.534358,0.325272,0.345595,0.492635,0.494366,0.566676,0.51943,0.608318,0.46467,0.382748,0.512221,0.65831,0.403743,0.550795,0.653958,0.570276,0.600354,0.625367,0.256481,0.358891,0.412842,0.540966,0.322132,0.54248,0.603986,0.80003,0.456381,0.50323,0.432931,0.553251,0.519135,0.421012,0.667764,0.493951,0.284568,0.50996,0.387244,7.46279,9.02768,6.92759,6.51236,7.43338,9.20286,8.21753,7.05513,9.02861,7.82334,9.57076,9.0947,8.05486,8.25161,8.00514,8.46727,7.61372,8.21012,8.67189,8.30845,7.3229,8.7583,8.19825,8.1602,7.62275,7.90946,7.76605,9.71418,9.01651,9.06142,8.14876,9.23161,8.33914,7.89857,5.447,8.72273,8.61952,8.85377,8.17473,8.37437,8.66064,7.52664,8.40976,9.62369,8.05857,8.85243,1,4,7,3,3,12,9,4,3,6,15,9,18,7,8,21,11,9,8,3,11,8,5,8,3,0,1,1,6,0,13,12,12,20,8,2,1,3,7,7,10,3,1,5,18,23,17,5,11,9,3,5,8,1,1,0,1,2,2,13,10,13,7,10,4,13,5,5,7,5,9,3,1,7,4,4,10,8,1,1,1,0,2,3,1,1,1,4,4,4,4,7,19,9,11,12,19,5,10,4,8,9,8,6,6,2,4,7,6,4,5,6,7,3,8,10,2,3,1,1,1,2,2,1,2,3,2,2,14,7,5,16,14,8,14,9,13,11,17,34,9,5,11,10,16,9,9,3,1,3,5,5,1,1,1,1,3,6,2,4,1,10,5,8,4,8,13,3,11,5,10,9,6,7,3,7,8,7,9,8,9,5,5,5,3,10,1,4,0,2
194.467,0.991294,0.0128217,9,511,0,-127.941,8.53865,0.324032,0.791948,0.299803,0.398335,-0.462557,-0.136837,0.0581979,0.0542124,-0.00310913,-0.324121,-0.192611,0.0938568,0.550324,0.376724,-0.157229,-0.0752386,0.0361964,0.00900743,-0.394002,-0.0433709,0.615706,0.0630297,-0.807715,0.119994,0.0199972,-0.0311713,-0.0362987,0.265621,0.0102283,0.0690467,0.350843,0.278677,0.0284819,-0.386119,-0.0746771,0.125084,0.296592,-0.293228,0.0478269,-0.00731055,-0.153194,0.0371213,0.14668,-0.500152,0.141267,0.336297,-0.098242,-0.135662,0.757108,1.88866,-0.774,0.0325093,1.41588,-0.213691,-0.499522,0.458031,0.0586624,-0.537416,1.45356,-0.057223,0.0832698,0.495537,0.0190465,1.33254,-0.931843,-0.396126,0.0394018,0.330254,-1.73202,0.691583,0.173195,-0.884741,0.773166,0.565473,-0.0553368,0.141505,0.620679,-0.738839,-0.95952,0.906555,-1.44848,0.753575,-0.60629,0.894591,-0.166758,-1.19296,0.141287,-1.13978,0.778769,-0.463752,0.156643,0.188691,0.296315,-0.304475,-0.251585,-0.323513,0.655441,1.1486,0.201415,-0.162018,-0.6955,-0.125965,0.251449,0.0410516,-0.872824,-1.50358,0.916854,-0.419015,1.21612,-0.356286,0.412006,0.255967,1.54048,0.274751,0.489976,-0.133608,-0.636197,0.301877,-0.0153607,0.027174,-0.063529,-0.134154,-0.0731721,-0.0476687,-0.01484,0.0344315,0.276696,-0.0326756,0.0831617,0.149998,-0.0802597,-0.330474,0.30436,-0.325904,-0.0575728,0.179699,0.100167,18.6486,0.598567,0.629669,0.350606,0.454541,0.519378,0.518052,0.498964,0.393672,0.436184,0.531226,0.675536,0.622929,0.447812,0.474956,0.512056,0.503001,0.371678,0.485556,0.694333,0.520985,0.254204,0.539889,0.506661,0.489617,0.48791,0.587575,0.503407,0.522986,0.614795,0.591785,0.509487,0.374135,0.475143,0.541574,0.597539,0.40354,0.515927,0.497565,0.449142,0.512364,0.548709,0.339287,0.546923,0.610195,0.467319,0.454929,0.430609,0.408255,0.60612,0.531834,0.486446,0.487373,0.500724,0.574939,0.544751,0.478149,0.374534,0.413128,0.536563,0.51752,0.491568,0.497902,0.59077,0.510102,0.360374,0.485321,0.679759,0.472075,0.495342,0.507261,0.508455,0.438435,0.497617,0.48392,0.418988,0.435442,0.493365,0.588992,0.51739,0.470893,0.431342,0.567889,0.48886,0.501703,0.535628,0.491353,0.465883,0.614451,0.467138,0.422291,0.522871,0.531562,0.475593,0.467591,0.537616,0.511147,0.495258,0.495583,0.500253,0.526384,0.515688,0.492354,0.455282,0.469345,0.512808,0.50613,0.497051,0.499266,0.532058,0.503534,0.450002,0.494865,0.565432,0.490225,0.498371,0.50254,0.502957,0.478372,0.499167,0.494375,0.471446,0.47731,0.497679,0.531418,0.506084,0.48981,0.475854,0.523873,0.496103,0.500596,0.512479,0.496976,0.488051,0.54066,0.488492,0.472627,0.508004,0.511051,0.495685,0.494267,0.506657,0.50197,0.499162,0.49922,0.500045,0.504665,0.502772,0.498649,0.49208,0.494578,0.502263,0.501083,0.499479,0.49987,0.505671,0.500624,0.491139,0.499093,0.511624,0.498273,0.499712,0.500449,0.500522,0.496177,0.499853,0.499006,0.49495,0.495989,0.49959,0.505557,0.501075,0.4982,0.495731,0.50422,0.499312,0.500105,0.502205,0.499466,0.497889,0.507198,0.497967,0.49516,0.501414,0.501953,8.91634,8.97199,6.90299,9.27712,7.76016,7.75354,8.21789,7.12787,8.10118,7.81934,9.47398,9.04201,7.40267,8.29559,8.28317,8.58779,7.77095,7.59148,8.66828,8.32772,7.11777,8.6197,8.34859,8.14758,7.60322,8.16113,7.73843,9.79727,8.99983,9.03397,8.27036,9.3037,8.44882,8.52298,9.99474,7.83035,8.76135,8.30323,7.46727,8.37703,8.6639,7.49442,8.45747,8.7786,8.04974,8.19539,1,4,1,4,2,5,7,4,11,12,4,7,4,6,8,5,4,8,6,4,5,8,11,7,9,3,0,5,0,3,15,10,18,14,18,1,1,2,16,10,10,2,3,3,12,11,15,4,5,9,3,0,4,1,0,5,1,1,1,13,7,10,9,6,1,4,8,4,2,4,9,11,4,5,3,4,7,3,4,4,2,2,5,6,4,6,1,2,1,5,5,15,29,17,11,23,26,17,38,8,8,9,6,8,1,2,2,4,2,6,2,9,5,5,1,7,2,7,7,2,4,2,1,2,2,1,1,2,21,11,14,25,22,15,19,16,8,16,8,10,15,9,11,4,6,17,17,7,8,6,7,9,11,2,0,1,11,10,9,2,5,4,5,24,24,20,12,28,4,10,15,14,17,17,11,16,21,18,25,3,11,7,11,11,8,3,12,4,5,3
174.953,0.910821,0.0128217,8,511,0,-104.748,8.60672,0.313165,0.511967,-0.275703,0.524451,-0.457257,-0.0885743,0.320137,-0.29042,-0.0180268,0.247804,-0.114607,-0.00561956,0.355875,0.174261,0.143248,-0.29107,-0.206759,-0.250424,-0.0601794,0.451783,0.544943,0.0753073,-1.12223,-0.0993371,0.109289,-0.18383,-0.0192295,0.0570987,-0.131038,-0.123319,0.0950588,0.0383964,0.0354015,-0.239164,-0.337751,0.00150341,0.176177,-0.151764,0.00989217,-0.391847,-0.0919509,0.151934,-0.0746978,-0.391593,0.162298,-0.753672,-0.0169449,0.0277471,0.532474,1.18922,-0.586183,-0.0935183,0.953307,-0.182376,-0.614952,0.335224,-0.21154,-0.530012,1.48975,-0.0329557,0.407879,0.153777,0.322385,1.50859,-0.466341,-0.411768,-0.00677801,0.378822,-0.476935,0.745579,0.194543,-1.39632,0.147976,0.0335854,0.496751,0.267247,0.111837,-0.716082,-0.594102,0.451013,-1.36913,0.766618,-0.256914,0.748006,-0.0717539,-1.44314,-0.0489141,-1.10245,0.659288,-0.697489,0.354317,0.390147,0.414385,-0.645599,-1.08152,-0.357713,0.854639,0.632974,-0.961524,-0.444316,-1.02094,-0.0630248,0.403104,-0.501133,-1.96958,-1.53843,0.914292,-0.289491,0.933205,0.652187,0.318326,-0.229939,1.14825,0.339081,0.546317,-0.329638,0.276644,-0.199803,-0.190668,0.210225,0.0610269,-0.0230831,0.115618,0.109386,0.310093,-0.423717,-0.196907,-0.27761,-0.0185177,-0.0753206,-0.253956,-0.231347,0.208112,-0.00678941,-0.57012,0.211394,0.0554154,14.5301,0.397492,0.688086,0.334074,0.466644,0.618446,0.392188,0.493202,0.592386,0.456884,0.497881,0.631084,0.565347,0.553816,0.391954,0.422647,0.406661,0.477319,0.664086,0.694681,0.528372,0.155382,0.462605,0.541125,0.43111,0.492748,0.521521,0.45074,0.453624,0.53579,0.514477,0.513348,0.410765,0.375304,0.500567,0.566057,0.443011,0.503731,0.356374,0.465376,0.557052,0.471858,0.356461,0.560907,0.242874,0.49361,0.510463,0.532099,0.43916,0.553108,0.510325,0.462746,0.533807,0.502102,0.471142,0.513358,0.500655,0.458605,0.479695,0.483306,0.533882,0.524086,0.529163,0.507016,0.447523,0.436807,0.491221,0.627929,0.511579,0.487261,0.521419,0.502242,0.493344,0.515272,0.514373,0.488919,0.495524,0.495873,0.527854,0.539296,0.499825,0.479472,0.517686,0.498847,0.545557,0.510718,0.482294,0.508708,0.545528,0.481087,0.586974,0.501976,0.496765,0.500468,0.49911,0.500776,0.50015,0.499457,0.500493,0.500031,0.499579,0.500195,0.50001,0.499396,0.499704,0.499757,0.500494,0.500351,0.500425,0.500102,0.499233,0.499075,0.499872,0.501905,0.500169,0.499814,0.500312,0.500033,0.499903,0.500222,0.500209,0.499839,0.499935,0.49994,0.500406,0.500573,0.499997,0.499701,0.500258,0.499983,0.500665,0.500156,0.499742,0.500127,0.500665,0.499725,0.501279,0.500029,0.499953,0.539215,0.425802,0.564806,0.512622,0.454497,0.541299,0.502569,0.464739,0.516329,0.500801,0.44945,0.475183,0.479594,0.541391,0.529435,0.535632,0.508577,0.435961,0.422948,0.489268,0.65471,0.514155,0.484428,0.526177,0.502741,0.491862,0.518668,0.517569,0.486455,0.494528,0.494954,0.534035,0.547992,0.499786,0.474911,0.521617,0.49859,0.555619,0.513103,0.478358,0.510645,0.555583,0.476884,0.605798,0.502415,0.496045,8.34368,9.02447,7.00201,8.80691,8.25054,7.26552,8.18759,8.13498,8.60311,7.72522,9.52713,9.0713,7.96657,8.31912,7.88216,8.54936,8.69132,8.45814,8.60245,8.33905,7.08721,8.62784,8.36517,8.17841,7.70313,8.05324,7.74809,9.80947,8.94321,9.01652,8.27431,9.42653,8.41,8.19034,9.23603,7.94192,8.61634,7.55813,7.81139,8.43416,8.66778,7.55853,8.47985,7.03472,8.03814,8.83403,2,0,3,2,4,3,9,10,18,1,2,9,5,8,2,8,5,2,7,14,6,9,1,7,4,1,3,3,2,2,9,10,10,6,8,2,0,1,7,15,10,7,9,8,4,16,12,1,2,2,1,0,5,2,6,2,3,2,2,15,17,12,13,0,4,4,4,15,11,7,8,8,5,5,10,7,10,13,4,0,3,4,2,2,2,3,6,1,3,5,5,14,16,14,9,13,6,9,6,0,1,3,4,7,4,2,3,12,2,4,3,11,6,8,2,9,5,7,4,1,1,1,1,3,4,2,0,1,10,11,9,10,9,9,9,18,20,9,13,4,12,8,8,10,18,6,16,2,4,3,2,4,5,2,8,6,6,9,8,8,3,7,4,16,27,10,27,25,15,15,11,20,18,6,20,16,16,8,17,10,8,8,9,0,5,3,6,11,4,2
161.503,0.81709,0.0128217,9,511,0,-99.5036,8.59165,0.514576,0.527722,-0.777761,0.1716,-0.56895,0.217045,-0.0420904,0.00175063,0.134956,0.453356,0.352037,-0.047142,0.934047,0.381921,0.510151,-0.10583,-0.607948,0.142095,0.626689,0.0647148,0.605541,0.222665,-0.942824,0.157622,-0.34506,-0.613028,-0.123667,-0.534563,-0.583691,0.289563,0.406377,0.565597,0.133193,0.694827,0.167551,-1.10841,-0.765278,0.573648,0.0566208,0.726139,0.877694,-0.400009,0.177445,-0.869934,0.28196,0.00882561,0.316769,0.651064,-0.591894,-0.326162,0.469369,0.0700837,-0.749714,-1.02135,0.79606,0.436633,-0.102085,0.309248,0.669875,0.761551,0.654877,-0.0525194,0.0219721,1.35602,0.470576,-0.494682,-0.137196,0.351099,0.396919,0.651271,0.239641,-0.186036,0.569417,-0.114261,0.096864,0.0460013,-0.283599,-1.31667,-0.92882,0.928713,-1.1784,0.321493,-0.578412,0.376732,0.368415,-0.376127,-0.484463,-0.809741,0.273145,-0.930569,0.859891,0.829859,0.0163383,-0.399295,0.232735,-1.00257,0.860955,0.602976,-0.0388999,0.896296,-0.371732,0.352839,1.01588,0.135952,0.0185828,-0.88055,0.428228,-0.419326,0.855265,-0.585973,0.673887,0.685272,1.36357,0.447509,-0.131294,-0.641881,-0.292694,0.269403,0.152794,-0.349689,-0.194745,0.285798,-0.178712,0.00885622,-0.344193,0.212242,0.652076,0.192879,0.0999521,-0.353264,0.0939825,0.201311,-0.0110693,-1.13228,-0.430786,0.339191,0.237077,25.1121,0.258331,0.557912,0.316153,0.573053,0.485735,0.500593,0.545623,0.649026,0.617127,0.484024,0.780158,0.626655,0.666362,0.464185,0.304832,0.548023,0.700526,0.521925,0.694475,0.574916,0.217807,0.553232,0.385111,0.303375,0.458174,0.326319,0.311847,0.596921,0.63438,0.682863,0.545031,0.719544,0.556558,0.181975,0.261588,0.685223,0.519185,0.728032,0.766772,0.367625,0.559866,0.235115,0.594438,0.502992,0.605765,0.707414,0.409509,0.520177,0.433463,0.525512,0.495048,0.500206,0.515871,0.553133,0.541321,0.494454,0.608149,0.54481,0.55973,0.487552,0.428962,0.51671,0.573196,0.507613,0.57076,0.526171,0.390867,0.518535,0.459495,0.428377,0.485455,0.437441,0.431761,0.534013,0.547663,0.566149,0.515664,0.581022,0.519701,0.372481,0.41093,0.567079,0.506661,0.584604,0.601812,0.45308,0.520863,0.399063,0.533122,0.501038,0.537197,0.576,0.706955,0.451578,0.655704,0.438869,0.511912,0.499504,0.461872,0.374414,0.401648,0.513341,0.257769,0.393544,0.359478,0.529921,0.665603,0.459864,0.329691,0.481689,0.335004,0.437302,0.744128,0.4555,0.596452,0.666882,0.534949,0.646862,0.659462,0.41876,0.386955,0.345153,0.462369,0.31287,0.452713,0.778168,0.704018,0.343096,0.483978,0.305299,0.270164,0.611333,0.449939,0.7281,0.420857,0.497502,0.411281,0.32362,0.582987,0.481528,0.560969,0.476642,0.504533,0.499811,0.48547,0.45133,0.462159,0.505077,0.400742,0.458961,0.445279,0.511396,0.565102,0.484702,0.432915,0.493031,0.435153,0.476038,0.600166,0.483031,0.537093,0.56564,0.513315,0.557318,0.562532,0.468855,0.456346,0.439387,0.48566,0.425723,0.481963,0.617154,0.581679,0.438533,0.493902,0.422429,0.406586,0.542973,0.480899,0.592608,0.469671,0.49905,0.465938,0.430339,7.22489,9.07829,6.9658,7.32837,7.7516,7.81801,8.12849,8.4958,8.90325,7.74394,9.47532,8.94769,8.57921,8.21268,7.01817,8.32556,9.30599,7.91339,8.71791,8.26077,6.9961,8.61147,8.29875,8.14656,7.62813,7.87558,7.80415,9.6702,8.98397,8.95517,8.12582,9.34254,8.364,7.219,5.86977,9.67504,8.57988,9.89383,9.96245,8.21707,8.64138,7.54204,8.3498,7.93757,8.05311,9.34102,5,1,4,6,6,3,8,10,3,2,3,5,4,13,7,6,12,9,7,5,5,2,6,7,4,2,0,4,0,5,20,13,20,16,8,3,2,1,8,6,9,3,0,6,12,7,6,6,13,8,1,5,1,1,1,3,1,1,4,10,5,4,10,1,2,7,12,7,5,12,9,10,7,5,18,12,4,8,5,1,2,3,5,5,8,6,5,6,3,4,0,32,34,45,34,49,35,38,26,4,2,18,12,14,4,5,7,13,3,6,4,6,23,16,22,18,6,2,1,6,1,3,2,1,0,3,0,2,13,19,4,8,16,10,6,7,10,15,7,14,7,11,14,16,13,17,4,2,9,8,12,11,11,3,0,3,8,9,11,9,9,15,4,17,17,15,9,10,10,15,8,18,12,12,10,9,14,16,11,7,6,12,4,3,6,9,1,3,4,1
154.684,0.997308,0.0128217,9,511,0,-78.7251,9.47534,0.655851,0.23716,0.882922,0.667354,-1.0673,0.100267,0.521111,-0.280837,-0.413518,-1.09153,-0.14759,-0.131504,0.955199,0.599895,0.357712,0.0461302,-0.613335,-0.783708,-0.974827,0.677177,0.654687,-0.170226,-1.10171,0.197233,-0.104478,-0.639549,-0.304781,0.173363,-0.219471,1.08772,0.676716,0.590051,-0.137343,0.317348,-0.205986,0.613545,0.37835,-0.85241,0.39411,-0.448073,-0.87255,-0.174943,0.389317,-0.859019,-0.0443695,-0.284959,0.00153647,-0.220397,-0.346034,-0.217576,0.196854,0.135364,0.0651968,-0.339824,0.0619782,0.487432,-0.298433,-0.620764,-0.163734,0.137777,0.0234245,-0.208954,0.154719,-0.138046,-0.302489,-0.233206,-0.0990357,0.367456,1.47568,0.794902,0.277966,-1.08154,0.816893,0.204135,0.109409,0.24889,0.407307,-0.282872,-0.528562,1.15451,-0.620387,1.55849,0.0425724,0.825118,0.255197,-0.0767102,0.974032,-0.820781,0.638198,-0.343366,-0.099377,0.217809,0.71072,-0.662452,-0.156465,0.0928477,1.01947,1.77036,-0.337461,-0.327806,-0.423621,0.207083,0.498709,-0.0237751,-0.970888,-1.70458,0.957531,-0.518344,1.19067,0.467362,0.139275,0.719605,1.22937,0.698543,0.696981,-0.340055,0.343763,-0.150337,0.188248,0.510686,0.0365353,-0.468559,-0.062222,0.664598,0.0364171,-0.172815,-0.450033,-0.097203,0.0778278,0.262888,0.131182,-0.446779,0.0319603,-0.903815,-0.204451,0.223789,-0.0391981,13.9804,0.469567,0.476985,0.536768,0.49654,0.482023,0.509691,0.514267,0.537599,0.505093,0.504538,0.467082,0.479309,0.487657,0.498408,0.521154,0.527021,0.533592,0.476647,0.477421,0.505874,0.537948,0.493194,0.503606,0.522057,0.510517,0.494017,0.507574,0.462532,0.476663,0.479648,0.50474,0.48905,0.507108,0.478838,0.486946,0.529384,0.486402,0.515459,0.530077,0.506037,0.486567,0.529611,0.501531,0.509833,0.499947,0.507606,0.433626,0.449704,0.580018,0.492418,0.460674,0.521225,0.53123,0.581802,0.511159,0.509943,0.428264,0.454759,0.472975,0.496512,0.546249,0.55899,0.573189,0.448969,0.450652,0.51287,0.582551,0.485089,0.5079,0.548214,0.523032,0.486893,0.516591,0.418478,0.449003,0.455497,0.510385,0.47602,0.515572,0.453735,0.47142,0.564106,0.470232,0.533833,0.565604,0.513227,0.470593,0.564598,0.503355,0.521536,0.499884,0.516661,0.310454,0.35362,0.724051,0.47736,0.384383,0.563118,0.592363,0.728403,0.533299,0.529679,0.296645,0.367677,0.41987,0.489578,0.635142,0.670031,0.707042,0.351593,0.356241,0.538388,0.73022,0.455552,0.52359,0.640615,0.568434,0.460908,0.549428,0.272278,0.351688,0.369748,0.530993,0.428782,0.546409,0.364814,0.415334,0.683612,0.411879,0.599882,0.687536,0.539447,0.412929,0.684902,0.510024,0.564034,0.499653,0.549636,0.454994,0.465943,0.554337,0.494875,0.47339,0.51435,0.521123,0.55556,0.507543,0.506721,0.451332,0.469376,0.481725,0.497642,0.531308,0.539972,0.549662,0.465443,0.466587,0.5087,0.556074,0.48992,0.50534,0.532643,0.515573,0.49114,0.511216,0.444632,0.465466,0.469877,0.507019,0.483785,0.510527,0.468681,0.480671,0.543459,0.479867,0.522886,0.54448,0.508941,0.480111,0.543794,0.502268,0.514561,0.499921,0.511263,9.10642,9.01328,6.92332,7.97057,8.55539,7.73131,8.00921,6.89844,8.04755,7.88477,9.50504,8.81566,8.3875,8.24663,7.8039,7.71831,7.19762,8.71574,8.69264,8.25922,7.06731,8.4019,8.22017,8.14119,7.7067,8.17602,7.77233,9.70881,8.89459,9.12992,8.29301,9.40501,8.31192,8.95799,8.25633,7.45167,8.79236,7.86709,7.10132,8.14775,8.59929,7.44489,8.38855,8.14132,8.05203,7.97273,0,0,0,2,4,18,18,27,20,0,6,1,4,5,4,4,6,6,8,5,9,5,2,4,4,6,3,4,2,2,25,29,17,22,9,5,3,1,12,10,14,11,5,12,9,5,7,3,11,7,4,5,7,7,4,4,1,2,4,10,11,23,6,4,2,4,5,7,5,13,7,6,4,4,7,9,24,13,4,1,0,8,4,1,6,11,11,4,6,5,6,17,9,8,19,6,27,16,25,4,5,5,5,13,5,5,2,9,8,4,12,8,3,9,3,7,12,5,7,0,1,1,1,1,2,2,1,2,1,8,15,25,25,12,27,20,20,19,18,30,25,32,22,25,28,20,24,0,2,4,2,1,1,9,12,11,5,8,6,11,3,27,23,11,14,11,15,13,19,22,22,20,15,21,24,15,23,8,18,21,7,24,14,9,6,5,4,7,8,6
158.358,0.929577,0.0128217,9,511,0,-74.4001,8.95898,0.490805,0.388085,0.176141,0.318745,-0.682379,0.426649,-0.0715088,-0.293973,-0.482556,-0.757451,0.443522,0.153833,0.965032,0.757189,-0.0988117,-0.018842,-1.11366,-0.45601,-0.530838,-0.697892,0.901624,-0.257125,-1.00241,0.373691,-0.299839,-0.764857,-0.114104,-0.11693,-0.425361,1.00905,0.562566,0.624818,-0.445621,0.0112702,-0.0168943,-0.389123,0.112221,0.468018,0.179351,-0.154317,0.227705,-0.103017,0.363619,-0.818104,-0.139151,-0.521711,-0.131106,-0.12395,0.0657718,-0.165669,0.0355412,0.190585,0.297768,-0.928073,0.0539323,0.0949822,-0.515958,-0.37316,-0.288135,-0.184077,-0.0699846,0.0618883,-0.195263,0.754402,0.221861,-0.34097,-0.081764,0.359166,-1.24124,0.679559,0.333139,-0.31985,0.508564,0.353836,-0.0729373,0.295346,0.387973,-0.840768,-0.768962,0.963632,-1.48091,1.06229,-0.317251,0.87861,-0.569616,-1.16919,0.311511,-0.811167,0.94937,-0.781475,0.359892,1.189,0.445696,-0.852956,-0.596064,-0.494821,0.926146,0.843771,-0.452156,1.0077,0.0167424,0.141974,0.549523,0.440624,-0.914724,-0.82433,0.622349,-0.584322,1.09641,0.114118,0.271106,0.666402,1.28978,0.424566,0.190834,-0.503341,-0.974685,0.0383357,0.0746123,-0.0795024,0.0631675,-0.48878,-0.0485674,0.396857,-0.551114,0.25356,-0.0812212,-0.0734779,0.0444104,-0.305325,-0.606896,-0.595104,0.260733,0.145471,0.110944,0.28255,-0.0105649,26.6566,0.533172,0.559828,0.374072,0.579779,0.486517,0.444783,0.409982,0.360909,0.582877,0.52898,0.674371,0.639046,0.481373,0.496446,0.301503,0.414835,0.4012,0.371336,0.66378,0.451658,0.319468,0.570015,0.44369,0.359621,0.478493,0.477961,0.420458,0.68162,0.604536,0.615707,0.416738,0.502126,0.496814,0.427134,0.521152,0.587363,0.533774,0.470929,0.54284,0.480581,0.568152,0.350423,0.47378,0.402856,0.475294,0.47664,0.509768,0.517672,0.462224,0.523647,0.496034,0.4837,0.47326,0.458086,0.52458,0.508532,0.553322,0.541899,0.49452,0.498955,0.438543,0.474729,0.470591,0.461368,0.549843,0.485742,0.444629,0.520715,0.483375,0.457678,0.493672,0.493515,0.476425,0.555734,0.531162,0.5346,0.475304,0.500625,0.499063,0.478431,0.506224,0.525935,0.509946,0.491442,0.512627,0.494286,0.520157,0.454748,0.492283,0.471095,0.492729,0.493125,0.506406,0.51159,0.475204,0.515511,0.497399,0.48931,0.482458,0.472481,0.516124,0.505594,0.535039,0.52751,0.496406,0.499315,0.459587,0.483422,0.480704,0.474641,0.532743,0.49065,0.463609,0.513587,0.489097,0.472212,0.49585,0.495748,0.484535,0.536631,0.520448,0.522708,0.483799,0.50041,0.499386,0.485852,0.504081,0.517014,0.506522,0.494388,0.50828,0.496254,0.513221,0.470282,0.49494,0.481036,0.495232,0.495492,0.504885,0.50884,0.481083,0.511831,0.498017,0.491847,0.486619,0.479004,0.512299,0.504267,0.52674,0.520989,0.497259,0.499477,0.469151,0.487355,0.485281,0.480653,0.524987,0.492869,0.472226,0.510363,0.491684,0.478799,0.496835,0.496757,0.488204,0.527958,0.515598,0.517323,0.487643,0.500313,0.499531,0.489209,0.503113,0.512978,0.504974,0.49572,0.506315,0.497143,0.510084,0.477325,0.496141,0.485534,0.496364,0.496562,8.43707,8.95541,6.86877,8.32518,7.57197,7.31529,8.00976,6.78285,8.74523,7.83212,9.46533,9.10512,7.54046,8.21198,7.28911,7.83106,7.62184,6.85101,8.69077,8.2694,7.08285,8.66484,8.2416,8.05513,7.5228,8.19086,7.83525,9.6893,8.88208,9.07671,8.05224,9.46436,8.33742,8.13873,7.96266,9.12729,8.56429,8.40946,8.58868,8.46868,8.65324,7.64663,8.40551,7.96475,8.10515,8.09064,7,5,1,3,3,17,14,10,11,5,4,4,1,2,3,0,2,3,3,3,6,13,5,9,1,4,4,2,2,1,5,18,8,10,13,0,0,2,13,14,8,5,3,1,4,8,8,4,4,1,2,4,3,2,2,0,1,0,1,6,16,4,12,3,2,0,9,8,11,4,9,15,7,14,7,7,9,8,3,2,1,2,2,3,5,5,3,2,3,8,0,16,15,21,13,22,9,15,7,1,8,16,13,14,2,4,3,8,9,4,7,6,3,5,7,3,8,7,6,1,4,0,1,3,3,1,5,2,11,7,10,11,25,16,9,21,27,19,18,24,22,16,25,32,15,20,23,4,6,5,3,3,9,10,5,9,7,7,6,13,19,11,9,26,13,23,14,20,19,17,20,18,35,21,17,20,15,14,9,19,10,6,9,0,0,5,2,3,2,2
146.809,0.915456,0.0128217,9,1023,0,-65.9591,9.1103,0.540651,0.690347,-0.112325,0.953958,-0.822342,-0.413988,-0.255249,-0.438466,0.318957,-0.833665,0.17836,-0.022579,0.218121,0.450299,0.207043,-0.179332,0.207258,0.549089,-0.469766,0.982353,0.680889,0.215284,-1.30353,0.149327,0.257648,0.233291,-0.105093,-0.262207,-0.538506,-0.0470371,0.552021,-0.308817,0.195388,0.49659,-0.993281,-0.38997,-0.177807,-0.0499932,-0.206966,0.271738,0.0856505,0.422242,0.208237,-0.528627,0.35877,-0.45229,-0.105027,-0.514342,-0.3534,0.426187,-0.39596,-0.198563,0.103424,1.38475,-0.0962346,-0.0590266,0.504128,-0.31146,1.06192,-0.110847,0.346734,-0.122985,1.0535,0.134331,-0.199856,-0.156056,-0.102457,0.358753,1.90061,0.557685,0.418548,-1.04125,0.211167,0.0365668,-0.166966,0.423999,0.227893,-0.648352,-1.38657,0.479829,-0.868373,0.411266,-0.39302,0.736735,-0.317466,-1.52794,-0.939281,-1.36189,0.325038,-0.663296,0.573494,0.116315,-0.499986,-0.781891,-0.442554,-0.541986,0.344275,0.707515,0.400686,0.105241,-0.352908,0.281224,0.580424,-0.595199,-1.58898,-1.12206,-0.107003,0.306378,0.333768,-0.0553415,-0.463498,-0.0721168,0.55223,0.656266,0.390034,-1.22291,0.591802,-0.0424292,0.396874,-0.462081,-0.353866,0.712731,0.0685703,0.235043,0.510128,-0.13198,0.770503,0.393297,-0.039848,-0.0808865,-0.28343,0.509374,-0.142583,-0.761687,-0.989957,0.243041,0.23571,23.5384,0.496228,0.531993,0.472411,0.486101,0.491429,0.485279,0.51071,0.472032,0.50599,0.499242,0.507325,0.515118,0.506953,0.493978,0.50696,0.518432,0.484229,0.532942,0.52285,0.507229,0.456335,0.505015,0.508652,0.507834,0.496471,0.491195,0.481923,0.49842,0.51853,0.489631,0.506561,0.516671,0.466692,0.486907,0.494029,0.498321,0.49305,0.509125,0.502876,0.514176,0.506993,0.482255,0.512046,0.484816,0.496473,0.482734,0.505612,0.45248,0.540995,0.520673,0.512751,0.521894,0.484069,0.541557,0.491089,0.501128,0.489104,0.477516,0.489657,0.508959,0.489646,0.472593,0.523454,0.451075,0.466032,0.489245,0.564764,0.49254,0.48713,0.488346,0.505251,0.513098,0.52688,0.50235,0.472447,0.515425,0.490239,0.475209,0.549466,0.519475,0.508883,0.502498,0.510339,0.486426,0.495721,0.478916,0.489597,0.526388,0.482082,0.522583,0.505247,0.525676,0.521376,0.325938,0.651665,0.578186,0.548452,0.582726,0.439561,0.65362,0.466089,0.504299,0.45856,0.415084,0.460656,0.534096,0.460615,0.396939,0.588511,0.321204,0.373174,0.459097,0.729656,0.471596,0.451095,0.455693,0.520001,0.549765,0.601129,0.508956,0.396405,0.558536,0.462862,0.40655,0.680608,0.573717,0.533807,0.509519,0.539329,0.448439,0.483696,0.420282,0.46043,0.599324,0.432104,0.585284,0.519989,0.596708,0.527771,0.280017,0.692979,0.601047,0.562837,0.606843,0.421711,0.695359,0.455972,0.505588,0.446226,0.390365,0.448938,0.544266,0.448885,0.367356,0.614211,0.274385,0.33759,0.44692,0.784221,0.46311,0.436578,0.442518,0.525986,0.564531,0.630205,0.511639,0.366682,0.575839,0.451794,0.379516,0.727764,0.595332,0.543892,0.51237,0.551043,0.43315,0.478815,0.396995,0.448645,0.627923,0.41213,0.610104,0.52597,0.624613,8.33861,8.98074,6.98473,8.15027,7.56002,7.37415,8.37512,6.97325,8.63351,7.79607,9.52923,8.90938,8.02902,8.27063,8.2618,9.86499,7.97599,8.81553,8.50972,8.26995,7.13022,8.60405,8.27436,8.24659,7.71236,7.96945,7.68915,9.69793,9.01258,8.99466,8.24976,9.48914,8.30031,7.61736,8.38987,7.96226,8.8424,8.28866,8.32235,8.44134,8.66382,7.4767,8.41551,7.5927,8.06503,7.93077,0,1,4,2,4,4,10,13,13,7,7,12,7,3,10,3,15,4,12,9,9,10,8,10,11,5,2,3,0,2,7,10,12,8,15,2,5,1,8,10,9,4,7,3,12,16,11,4,6,11,1,0,1,4,4,6,2,0,2,7,10,13,15,4,5,7,4,9,5,8,4,5,3,9,7,10,6,5,6,1,3,5,5,4,8,3,6,7,6,2,3,21,21,29,27,18,24,53,29,5,9,9,11,1,6,1,5,8,2,7,5,4,23,34,16,8,2,3,6,3,5,3,2,2,3,1,0,7,6,7,4,6,7,2,17,14,10,8,6,3,15,11,9,9,10,3,14,11,12,22,16,22,22,4,8,0,5,8,3,10,3,4,5,5,7,9,5,2,8,9,3,10,5,4,6,8,9,2,3,7,6,9,9,5,3,5,2,3,6,4
170.202,0.893441,0.0128217,9,511,0,-84.0659,9.25726,0.457905,0.445364,0.0948305,0.482808,-0.701341,0.917967,0.32667,0.399862,-0.122253,-0.497636,0.541477,-0.12628,0.310097,0.813473,0.429864,0.0679388,-0.411815,-1.00041,0.102948,-0.519825,0.627109,0.142733,-0.797432,0.535122,-0.0803846,-0.483265,-0.273619,0.292325,0.0891152,0.376811,0.742728,-0.0419964,-0.0364688,-0.472527,-0.611616,-0.197972,0.0540963,-0.363705,-0.0663577,0.13647,0.64088,-0.00491886,0.53039,-0.624015,0.195948,0.00706124,0.0350903,0.141222,-0.40028,-0.130958,-0.461266,-0.231015,0.201133,-0.060976,-0.334177,-0.72563,-0.579116,-1.02353,0.21956,0.326852,-0.35916,-0.0364594,0.406972,0.88417,0.38583,-0.522772,-0.0952547,0.362713,-0.381959,0.841684,0.181459,-0.832646,0.463575,0.359271,0.119376,0.317993,0.130329,-1.52105,-1.2938,0.567837,-0.730103,0.908834,-1.41737,1.13334,-0.110982,0.693034,-0.517812,-1.26733,1.16845,-0.296932,0.138829,0.116373,0.0762702,-1.02636,-0.767654,-0.00714878,0.384474,0.998851,-0.993762,-0.672156,-1.2407,0.0684503,0.0953753,-0.0913369,-0.428277,-0.707216,0.327877,-1.01402,1.04675,-0.610544,0.276819,0.00279325,1.23144,0.740791,-0.0571215,-0.512771,-0.781439,0.0395372,0.122013,-0.00767271,0.0287119,-0.232771,-0.0172807,0.015586,-0.2547,0.096095,-0.12632,-0.139125,0.0824514,0.156534,-0.3509,-0.264077,0.278405,-0.49688,-0.0748638,0.0248958,0.000876792,14.923,0.520949,0.60513,0.349758,0.692459,0.57171,0.587477,0.473003,0.391742,0.617454,0.472116,0.568118,0.672441,0.593891,0.515013,0.409964,0.29224,0.52274,0.387078,0.635172,0.531508,0.33069,0.616126,0.482239,0.394774,0.439812,0.564259,0.519688,0.582529,0.658518,0.490718,0.49194,0.397045,0.368008,0.456351,0.511955,0.420291,0.485336,0.530129,0.637989,0.498913,0.615136,0.365462,0.543205,0.501561,0.507756,0.531176,0.509146,0.546436,0.43276,0.587631,0.531468,0.538493,0.48821,0.452146,0.55204,0.487822,0.529876,0.577828,0.541369,0.506553,0.460361,0.404684,0.509929,0.450026,0.560196,0.513764,0.423683,0.551434,0.492247,0.45352,0.473632,0.528167,0.508595,0.536282,0.571155,0.495949,0.496482,0.454547,0.441277,0.480913,0.505218,0.464975,0.4936,0.513161,0.561505,0.499526,0.550982,0.440098,0.518892,0.500681,0.503385,0.513619,0.488222,0.440312,0.586249,0.387907,0.45951,0.450492,0.515182,0.561503,0.433141,0.515681,0.461556,0.400304,0.446804,0.491561,0.550978,0.621773,0.487215,0.564216,0.422725,0.482277,0.597781,0.433916,0.509984,0.559744,0.533937,0.463751,0.488932,0.453329,0.408771,0.505217,0.50453,0.558429,0.575396,0.524572,0.493281,0.545057,0.508242,0.483054,0.421056,0.500611,0.434494,0.5769,0.475679,0.499123,0.495641,0.482465,0.498225,0.490965,0.513123,0.482826,0.493886,0.492517,0.502288,0.509313,0.489867,0.502363,0.494196,0.48478,0.491955,0.498728,0.507707,0.518715,0.498073,0.509728,0.488265,0.497329,0.51492,0.489986,0.501504,0.509044,0.505121,0.494529,0.498332,0.492948,0.486103,0.500786,0.500683,0.508843,0.511445,0.503705,0.498988,0.506807,0.501242,0.497446,0.488008,0.500092,0.490075,0.511677,0.496333,0.499868,0.499343,0.497357,8.10451,9.00601,7.08335,8.78792,8.34569,8.43554,8.0237,7.33166,8.65303,7.78784,9.5004,8.9836,8.47232,8.07137,7.66766,7.89767,8.11451,7.30453,8.71333,8.35027,7.01105,8.64527,8.31325,8.19248,7.60647,8.16889,7.91872,9.66183,8.89797,9.06678,8.12942,9.09061,8.36757,8.16841,7.73265,7.96464,8.47488,8.58052,8.5955,8.40627,8.63949,7.64625,8.41581,8.18308,8.07583,8.16167,2,3,3,1,3,8,9,9,12,4,9,4,8,11,10,16,19,7,14,12,15,6,6,7,5,3,0,0,3,2,9,10,19,10,13,3,3,4,5,12,13,2,8,2,17,14,13,6,4,0,17,17,3,4,3,2,3,0,3,13,18,15,13,2,6,6,10,6,3,4,14,1,4,7,7,6,13,9,3,1,2,1,3,2,0,4,4,4,6,4,4,10,7,3,4,15,10,17,10,2,0,6,5,2,2,1,0,0,16,3,10,2,4,2,8,6,5,6,3,2,1,5,2,1,5,3,3,2,3,4,6,29,14,10,15,25,19,18,18,17,16,16,13,18,17,23,28,0,2,3,3,4,2,0,2,3,14,8,10,7,7,6,2,28,9,8,12,14,12,32,15,10,13,25,15,18,14,17,12,12,11,10,10,1,2,1,2,7,5,7
168.81,0.993699,0.0128217,9,511,0,-88.8755,8.98863,0.400222,0.350535,-0.0245834,0.537428,-0.684422,-0.158246,0.339573,0.683324,0.0244448,0.151231,-0.118783,-0.0174017,0.351214,1.2558,-0.527888,0.173294,-0.803019,0.455371,-0.437147,-0.102378,0.817948,0.0424016,-0.829411,0.237702,-0.115891,-0.252094,-0.198411,-0.163743,-0.352687,0.197213,0.718295,-0.00934745,0.0222256,0.0250808,-0.648061,-0.425584,-0.297951,-0.922065,0.155613,0.318574,-0.423937,-0.0899597,0.506564,-0.753275,0.174106,-0.182145,0.108506,-0.0511539,-0.377976,-0.042151,-0.313869,-0.00398223,0.298479,-0.075811,0.0727575,-0.723348,-0.42096,-0.237886,0.652711,0.373761,-0.00864593,0.0285356,0.711675,0.392438,0.690823,-0.429663,-0.105548,0.355115,0.37235,0.605531,0.183693,-0.949385,0.627033,0.324563,-0.0120007,0.556126,0.15653,-1.13278,-0.739237,0.703841,-0.499712,0.467078,-1.04986,1.18301,0.411173,-0.162591,-1.31635,-1.44046,1.30291,-0.0747675,0.535382,0.347854,0.435653,-1.34701,-0.852587,-0.052555,0.132589,0.351083,0.0301332,0.0433557,-0.803456,-0.0210384,-0.245225,-0.516511,-0.386513,-1.42021,1.17785,-1.10421,0.74256,-0.581036,0.465182,-0.0274524,1.07256,0.372393,0.000105742,-0.108162,-0.0537482,-0.124141,0.162886,-0.0644637,-0.404579,-0.127169,-0.412577,0.125708,-0.0406934,-0.32697,0.276705,-0.414674,-0.310704,-0.0476408,-0.193473,-0.00148774,0.179426,0.0513117,-0.561007,0.101191,-0.0101951,17.4567,0.497588,0.552532,0.433253,0.48448,0.533266,0.566642,0.502398,0.514833,0.488348,0.498293,0.534403,0.620771,0.448394,0.516995,0.421862,0.544558,0.457217,0.489957,0.579566,0.50416,0.419338,0.523304,0.488632,0.475287,0.480544,0.483941,0.465453,0.519339,0.570009,0.499083,0.502181,0.502461,0.43676,0.458343,0.470801,0.410511,0.515262,0.531214,0.458503,0.491175,0.549536,0.42663,0.517075,0.482137,0.510644,0.494981,0.495754,0.591765,0.38395,0.472697,0.558379,0.61587,0.504222,0.526095,0.479497,0.496995,0.560361,0.704233,0.409828,0.529893,0.364765,0.578003,0.425071,0.482326,0.637622,0.507322,0.36055,0.54096,0.479996,0.456572,0.465787,0.471751,0.439389,0.534007,0.621569,0.498386,0.503838,0.504331,0.389909,0.427024,0.448723,0.345929,0.526849,0.554798,0.427302,0.484468,0.586604,0.372763,0.530033,0.468584,0.518731,0.491166,0.499685,0.506894,0.491221,0.49797,0.504356,0.508765,0.500314,0.50194,0.498476,0.499777,0.504505,0.516104,0.493229,0.502223,0.4897,0.505841,0.494393,0.498687,0.510491,0.500544,0.489362,0.503049,0.498513,0.496766,0.497455,0.4979,0.495476,0.50253,0.509213,0.49988,0.500285,0.500322,0.491687,0.494541,0.496178,0.488174,0.501996,0.504087,0.494562,0.498846,0.506498,0.490338,0.502233,0.497663,0.501392,0.499344,0.503448,0.425191,0.594829,0.52218,0.452518,0.405319,0.496572,0.478802,0.516653,0.502441,0.4509,0.330812,0.573501,0.475714,0.610758,0.436478,0.561005,0.514355,0.387253,0.494053,0.614272,0.466711,0.516248,0.535298,0.527799,0.522949,0.549304,0.472369,0.400599,0.501311,0.496883,0.496482,0.589904,0.559407,0.541691,0.626513,0.478189,0.455438,0.559179,0.512614,0.429428,0.604104,0.475601,0.525524,0.484787,0.507174,8.03499,9.05214,7.07042,7.46936,8.25416,8.65072,8.19127,8.03628,7.92594,7.84105,9.50464,9.50774,7.25077,8.26407,7.23586,9.62497,7.55776,7.74267,8.80545,8.21206,7.10606,8.3386,8.29653,8.21855,7.63152,8.15284,7.93428,9.61567,8.89321,9.08741,8.1887,9.48552,8.3493,7.93835,7.30773,7.36708,8.55596,8.79938,7.85195,8.32655,8.64929,7.56073,8.36453,7.95211,8.09802,8.00423,1,7,3,9,3,7,16,16,13,3,3,4,5,3,3,2,6,9,12,6,9,6,3,2,5,1,1,3,6,1,15,15,14,15,7,2,1,8,14,9,9,6,3,3,7,10,4,14,15,14,4,3,2,2,2,2,1,0,0,13,15,22,13,6,4,9,13,12,10,8,5,5,8,9,9,9,6,7,3,0,1,0,1,0,3,4,5,1,4,2,1,15,8,15,8,13,10,11,15,4,9,3,8,5,4,0,9,9,4,6,4,4,7,6,7,3,1,1,2,4,3,5,2,1,3,1,2,1,8,7,6,21,14,16,17,21,19,13,8,28,13,13,14,12,27,12,13,6,4,6,7,3,1,2,0,3,11,5,11,8,9,6,5,19,9,16,13,9,12,7,3,14,7,14,5,8,12,6,8,9,7,2,11,3,2,8,4,3,8,3
179.534,0.952617,0.0128217,9,511,0,-109.137,8.9767,0.477171,0.301093,-0.0108793,0.950854,-0.766758,-0.344815,-0.292499,-0.00744238,-0.0788659,-0.635559,0.997378,-0.182582,1.14634,0.221181,0.230194,0.0071375,1.15267,-0.393527,0.819438,0.0292024,0.477988,0.0757368,-0.98801,0.335286,0.25432,-0.384566,-0.317821,-0.374571,-0.596106,1.04003,0.484369,0.761001,-0.0576795,0.713401,0.263513,-0.0572595,0.393992,0.665366,-0.265278,-0.410894,-0.0222497,0.405437,0.26879,-0.34949,0.163377,-0.229265,-0.203165,0.156119,0.28167,0.103342,0.273035,-0.15668,-0.0584487,0.0261905,-0.232511,0.474172,0.359702,-0.0831165,-0.286322,-0.292166,0.0481592,-0.196532,-0.176087,0.437032,-0.847116,-0.00263591,-0.0708063,0.366314,-0.0179219,0.826748,0.176194,-0.785096,0.664717,0.486294,0.804904,0.850011,0.353746,-0.754547,-0.185625,0.290662,-0.778242,0.501811,-0.297923,0.674162,-0.637497,-1.02208,0.0452193,-1.51322,1.03763,-0.569193,0.189287,0.512836,-0.404755,-0.157192,-0.259413,-0.0890173,0.961505,1.41424,-0.646424,-0.248102,-0.910922,0.297033,0.0424029,-0.392809,-0.884617,-0.426597,0.49475,-0.462918,1.24797,-0.224271,0.0839137,0.473489,1.15401,0.719167,0.623397,-0.641258,0.157472,0.200009,-0.235849,-0.118266,-0.0593952,-0.0214092,0.405554,0.128998,0.0167753,-0.0420571,0.139007,0.424665,0.205801,0.131409,0.29767,0.0619426,0.181125,-0.998147,-0.21609,0.0523535,0.0809112,22.2709,0.498811,0.602419,0.417001,0.462397,0.468086,0.499187,0.491384,0.431003,0.607278,0.480062,0.622691,0.524147,0.525129,0.50078,0.623342,0.45711,0.588586,0.503191,0.552035,0.508274,0.393698,0.536567,0.527758,0.458082,0.465331,0.459166,0.435236,0.611715,0.552724,0.582388,0.493698,0.57732,0.528759,0.493744,0.542941,0.572189,0.471049,0.455227,0.497569,0.544182,0.529334,0.461889,0.517843,0.474972,0.477817,0.517051,0.502304,0.308854,0.656905,0.57251,0.56163,0.501576,0.516696,0.631438,0.300505,0.53859,0.274665,0.453295,0.451404,0.498488,0.273597,0.582577,0.333109,0.493816,0.400133,0.483966,0.697824,0.429467,0.446348,0.58073,0.566904,0.578667,0.623627,0.292965,0.398836,0.344195,0.512213,0.353353,0.444424,0.512124,0.417327,0.362705,0.555945,0.586151,0.504712,0.414971,0.443321,0.573479,0.465455,0.548401,0.54292,0.466985,0.502715,0.279067,0.682511,0.585205,0.572475,0.501857,0.51967,0.653482,0.269821,0.545435,0.241547,0.44503,0.44281,0.498219,0.240391,0.596956,0.306205,0.492713,0.382937,0.48111,0.728333,0.417106,0.436876,0.594802,0.57865,0.592396,0.644512,0.261516,0.381433,0.318735,0.514389,0.32914,0.43462,0.514284,0.402932,0.339812,0.565813,0.60112,0.505552,0.400187,0.433326,0.586337,0.459322,0.556962,0.550524,0.461121,0.500588,0.448813,0.541328,0.518619,0.515796,0.500402,0.50426,0.534281,0.446327,0.509862,0.438387,0.488054,0.487567,0.499614,0.43805,0.521246,0.455847,0.498422,0.474201,0.495909,0.553173,0.481895,0.486264,0.520763,0.517163,0.520224,0.532159,0.44405,0.473857,0.458981,0.503116,0.461536,0.485768,0.503093,0.478728,0.464117,0.514327,0.522183,0.501202,0.478111,0.485483,0.518871,0.491175,0.512383,0.510974,0.491567,8.31379,9.09588,7.08705,8.14916,7.66434,8.01387,8.14628,7.24594,9.5404,7.79901,9.53332,8.59844,8.30534,8.3359,9.64142,7.66026,9.32667,8.05883,8.60833,8.33599,7.12509,8.73816,8.25024,8.11476,7.63335,8.0206,7.75052,9.62997,8.92025,9.07147,8.17227,9.51625,8.46564,7.86808,9.05463,8.75156,8.51389,7.4349,8.45235,8.43512,8.65676,7.50995,8.44349,7.96185,8.08992,8.51868,1,1,2,5,2,10,12,11,8,6,7,4,7,7,10,8,6,9,22,13,7,6,11,10,9,0,0,0,9,6,17,15,4,11,14,2,9,2,8,11,9,4,3,2,16,11,8,4,4,3,2,0,6,4,6,2,2,1,4,15,22,11,10,2,5,2,5,5,11,4,4,4,4,9,3,9,2,6,6,4,3,2,1,1,3,3,2,6,5,7,3,11,21,12,12,13,16,31,31,7,2,5,8,4,1,2,1,8,8,10,11,5,2,9,3,6,2,0,7,2,2,1,3,4,6,3,4,3,7,10,10,17,7,11,15,10,18,10,13,13,14,14,13,16,12,17,18,3,5,1,1,3,3,5,4,3,8,6,4,5,10,3,7,7,9,4,11,11,6,6,5,12,12,14,15,11,12,11,11,7,12,8,5,8,17,9,0,2,0,3
178.872,0.981792,0.0128217,8,511,0,-97.8197,9.28081,0.527786,0.186365,-0.338439,0.716244,-0.605883,-0.488649,-0.418188,0.0268761,-0.291203,0.265006,0.872097,0.010631,0.779675,0.756484,0.983241,-0.268871,0.407495,0.214245,0.00627745,-0.541327,0.657465,-0.103728,-1.11155,-0.0813665,0.096053,-0.338088,-0.18468,-0.570804,-0.627016,0.0628464,0.423513,0.357772,-0.224643,-0.31381,-0.10885,0.500539,-0.214775,0.32771,-0.35011,0.465122,0.468867,0.228486,0.0876295,-0.483626,-0.0310236,-0.411047,-0.648135,0.419215,-0.505654,-0.129532,0.0880119,-0.0414075,-0.0310897,0.0252505,0.0819426,-0.203021,0.0677386,-0.353351,0.306494,-0.234415,0.31363,0.0709876,0.113312,0.74134,0.659938,-0.164541,-0.21902,0.371425,-0.0592911,0.982006,0.130342,-0.245231,0.402768,0.0202144,1.02438,0.418374,0.316938,-0.175322,-0.428866,0.146919,-0.850521,0.0235199,-0.872812,0.598111,-0.154026,-0.753296,-0.404848,-2.51451,0.96068,-0.642822,0.446807,0.381991,0.0946973,-1.35767,-0.196174,-0.670653,1.14111,1.16082,-0.00866589,0.243908,-0.192709,-0.287146,0.714416,0.13463,-1.553,-0.977123,0.513209,-0.329862,1.07136,-0.165669,0.344833,0.233742,1.5009,0.793468,0.42321,-0.0638573,-0.129437,-0.02336,-0.153618,0.0485108,-0.00295309,0.100359,-0.264492,-0.0266929,-0.0792998,0.101461,0.00365605,-0.284819,-0.0728612,0.17726,-0.115942,-0.0184076,0.0788602,-0.991556,0.717311,0.269212,0.102296,16.4761,0.437602,0.629712,0.389559,0.410414,0.42311,0.504981,0.446238,0.548958,0.656226,0.50197,0.640608,0.63664,0.674567,0.450333,0.574954,0.539624,0.501163,0.400998,0.619495,0.480785,0.304907,0.484925,0.517794,0.437666,0.465826,0.395761,0.38584,0.511646,0.577853,0.565922,0.458462,0.442101,0.479837,0.591717,0.460278,0.560439,0.435474,0.585359,0.586033,0.542245,0.516235,0.411315,0.49425,0.424403,0.382137,0.577076,0.444394,0.616017,0.40135,0.420072,0.43144,0.504434,0.452103,0.543611,0.640038,0.501754,0.625869,0.622279,0.656758,0.455757,0.566828,0.535288,0.501036,0.411627,0.606801,0.482893,0.324415,0.486579,0.515842,0.444451,0.469568,0.406924,0.398003,0.510367,0.569422,0.558754,0.463005,0.44841,0.482049,0.581838,0.464625,0.553857,0.442493,0.576141,0.576744,0.537625,0.514453,0.42088,0.494882,0.432597,0.394669,0.568726,0.583117,0.329556,0.645832,0.618815,0.602204,0.493338,0.571689,0.434683,0.296352,0.497365,0.315811,0.3208,0.273897,0.566258,0.400339,0.44709,0.498444,0.631057,0.342559,0.52569,0.750666,0.520159,0.476208,0.583032,0.545653,0.637836,0.65061,0.484426,0.396532,0.412231,0.555457,0.577169,0.526957,0.378408,0.55304,0.419472,0.585927,0.386703,0.385822,0.443602,0.478291,0.61764,0.50769,0.600506,0.655355,0.397552,0.439605,0.62569,0.393027,0.413258,0.425565,0.504819,0.447968,0.54738,0.651483,0.501906,0.636283,0.632425,0.669359,0.451933,0.572559,0.538345,0.501126,0.404127,0.615764,0.481407,0.310597,0.485413,0.517218,0.439667,0.46693,0.399045,0.389417,0.511268,0.575369,0.563809,0.459802,0.443962,0.48049,0.588808,0.461561,0.558498,0.437543,0.582644,0.583297,0.540882,0.515709,0.414132,0.494437,0.426817,0.385821,0.574615,8.08387,8.99229,7.0817,7.79809,7.31412,7.86806,8.12979,8.16464,9.58559,7.84781,9.48821,9.44374,9.05067,8.17037,8.99962,8.78814,8.51309,7.16152,8.65109,8.3632,7.1332,8.40386,8.22302,8.22157,7.60446,8.03788,7.96842,9.76955,9.03231,8.96664,8.21261,9.24878,8.38558,8.72586,8.13833,8.51137,8.60016,8.68197,9.33068,8.38795,8.61447,7.50173,8.45379,7.98089,8.06393,9.02697,2,6,2,12,8,10,9,9,5,3,2,6,7,6,4,13,9,5,9,7,3,5,4,8,3,6,7,6,4,5,14,7,9,6,9,3,1,2,8,9,7,2,1,6,5,20,15,7,7,5,1,2,2,6,1,1,1,0,2,8,4,9,8,3,3,1,9,8,16,11,2,3,8,7,7,5,14,4,1,1,3,2,3,1,4,8,4,5,1,1,2,14,16,16,15,24,20,13,16,3,5,17,6,15,1,8,3,8,1,4,5,5,4,3,5,19,6,5,7,0,1,0,0,1,0,3,2,3,10,16,14,14,8,14,25,15,8,16,16,19,12,18,18,7,16,16,17,4,8,5,5,7,2,4,2,2,9,10,16,6,6,9,2,26,16,19,16,18,9,26,16,32,26,11,27,22,22,11,26,10,9,17,9,6,4,2,6,6,5,5
206.296,0.993646,0.0128217,8,255,0,-118.53,9.27727,0.51272,0.103841,-0.938076,0.711347,-0.706101,-0.469586,0.0120741,0.458277,-0.0993261,-0.37586,0.64497,-0.0469484,0.783876,0.501117,0.996181,-0.190829,0.544043,0.00994024,-0.321572,-0.598181,0.529678,-0.0821403,-0.933796,0.0956309,0.236914,-0.428186,-0.150614,-0.624256,-0.960152,0.627859,0.348549,0.399435,-0.0586593,-0.279173,-0.223726,0.521582,0.63259,0.664249,-0.2704,0.0877207,0.704816,0.10878,0.136744,-0.385613,0.05173,-0.0885365,-0.415785,0.787896,0.0567226,-0.0374762,-0.0566996,-0.0579465,-0.0923548,-0.137097,-0.129021,0.00395682,0.0513362,-0.0278068,-0.339196,0.0973097,0.273306,0.178278,0.159199,1.18986,0.290851,-0.316488,-0.191572,0.361494,-0.96158,0.783801,0.0645285,-0.460003,0.407504,0.0501028,0.868422,0.552649,-0.12354,-0.461764,-0.752573,0.340353,-1.17169,0.255864,-1.30861,0.235084,-0.0765853,-0.180835,-0.0985527,-2.13715,1.25896,-0.458035,0.71885,0.418656,0.0471419,-1.09923,-0.191274,-0.851956,1.22896,1.65657,-0.18945,0.129744,-0.632269,-0.00907843,1.06405,-0.291169,-0.837525,-0.866162,0.497521,-0.511583,0.922152,-0.112582,0.362044,0.179547,1.08348,0.348892,0.341273,0.0811891,-0.794475,-0.0156021,-0.0230122,0.0300633,0.0306289,-0.144874,0.0956965,0.0812734,0.00453569,0.0133072,0.023034,0.123818,0.0820496,0.0378287,0.0473383,-0.00802795,0.17617,-0.824621,0.480783,0.193108,0.140887,20.9652,0.246721,0.699812,0.301501,0.363839,0.503592,0.633041,0.470488,0.390022,0.682963,0.486038,0.717623,0.6448,0.765902,0.443478,0.65641,0.502957,0.405494,0.329212,0.652545,0.475586,0.247668,0.528416,0.570011,0.375315,0.455317,0.322397,0.241871,0.678539,0.60222,0.616631,0.482558,0.417711,0.43384,0.650357,0.679766,0.68791,0.420252,0.52607,0.698177,0.532313,0.540587,0.387264,0.515383,0.473688,0.378781,0.718592,0.43221,0.55154,0.448837,0.465908,0.500878,0.533273,0.492778,0.472697,0.54676,0.496586,0.556752,0.536373,0.571933,0.486128,0.539477,0.500723,0.476635,0.456614,0.538438,0.494028,0.432515,0.506953,0.51722,0.468906,0.48905,0.454733,0.430635,0.545527,0.525322,0.529011,0.495735,0.479712,0.483738,0.537853,0.545868,0.54815,0.480349,0.506378,0.55107,0.507909,0.509942,0.47199,0.503761,0.493563,0.469804,0.557041,0.68429,0.357417,0.641589,0.595616,0.497511,0.406632,0.520465,0.576871,0.370084,0.509677,0.343801,0.398138,0.305451,0.539259,0.389687,0.497951,0.565908,0.620877,0.392508,0.516927,0.683527,0.480295,0.451314,0.587367,0.53101,0.625925,0.688209,0.373379,0.428635,0.418391,0.512091,0.5573,0.545992,0.394101,0.372467,0.366386,0.555514,0.481924,0.358655,0.47759,0.471839,0.578833,0.489337,0.518244,0.584886,0.343054,0.38912,0.584677,0.415935,0.443796,0.501451,0.554861,0.488064,0.454946,0.576907,0.494357,0.593119,0.559942,0.617499,0.477079,0.565021,0.501195,0.461425,0.428593,0.563323,0.490128,0.38961,0.511492,0.528445,0.448715,0.481905,0.425525,0.3866,0.574898,0.541796,0.547863,0.49295,0.466495,0.473135,0.562366,0.575454,0.579168,0.467545,0.510542,0.583914,0.513072,0.51643,0.453783,0.506217,0.48936,0.45019,0.593585,7.1729,9.02609,6.93276,7.513,7.90653,8.51618,8.2291,7.37527,9.30833,7.82537,9.67,9.11605,9.22342,8.16994,9.10727,8.62434,7.99124,7.07591,8.61229,8.25271,7.1784,8.56353,8.38723,8.11818,7.68296,8.11189,7.67317,9.75982,8.9096,9.15732,8.28498,9.16087,8.3035,8.7735,9.01434,8.96385,8.69101,8.1826,9.9161,8.21153,8.61999,7.53411,8.43676,8.24392,8.0915,9.49664,6,6,2,5,3,9,5,10,5,2,3,8,19,14,7,13,9,5,7,7,13,7,4,11,3,1,3,3,3,3,20,13,12,14,8,0,0,3,5,5,8,2,6,2,7,12,14,5,6,3,5,6,2,4,1,1,0,1,0,17,13,13,12,9,7,3,1,9,6,8,12,3,9,8,9,11,8,11,1,2,1,6,3,4,6,0,4,2,5,4,3,25,22,12,11,10,25,21,31,3,7,19,4,9,3,3,2,2,1,5,0,1,2,5,22,10,2,6,6,2,2,5,3,2,1,5,3,3,15,13,7,15,5,12,13,7,8,11,8,13,10,10,7,16,10,14,15,5,1,2,1,3,6,6,11,7,6,12,9,2,9,7,6,8,6,5,13,15,8,11,5,13,13,9,14,15,7,9,15,8,9,7,8,5,6,7,3,5,5,4
194.736,0.975034,0.0128217,8,255,0,-130.053,9.27856,0.606376,0.211448,0.688124,0.51822,-0.694898,0.122742,-0.0187976,1.21154,-0.101032,-0.200449,-0.0834764,0.0417983,1.28649,0.883318,-0.131251,-0.130432,-0.832536,-0.0495257,0.322512,1.02877,0.884369,-0.0255895,-1.01693,0.449588,-0.0910045,-0.396336,-0.000873457,-0.462144,-0.588776,0.308761,0.6488,0.822377,-0.161118,0.0893311,0.0507932,-0.427615,-1.77882,-0.639497,-0.366669,0.208747,0.35305,-0.139446,0.388467,-0.87983,0.0628736,0.203015,-0.227196,-0.624432,-0.0314207,-0.0528156,-0.0576819,-0.0152794,0.110667,0.0253759,0.172303,-0.00445326,0.187451,-0.0883429,0.408672,-0.153896,0.0467742,-0.0072938,-0.267118,0.480482,0.000699096,-0.274033,-0.123859,0.35791,0.405711,0.650283,0.0978993,-1.204,0.186296,0.19048,0.316282,0.595881,-0.0436681,-1.35272,-0.547086,0.963361,-0.65085,0.381121,-0.188896,1.11053,-0.0724138,-0.855909,-0.646489,-0.768121,0.506479,-0.71378,0.073327,0.411528,-0.129015,-0.687511,-0.822697,0.0903009,0.764934,1.08509,0.185083,-0.324238,-1.01238,0.454925,0.334921,-0.466161,-1.10777,-0.0823636,0.903656,-0.150205,0.462894,-0.588376,0.08579,0.273563,1.06896,0.7084,0.764753,-0.313161,1.10873,0.130229,0.173857,-0.0243993,-0.0615503,-0.178006,-0.0119737,0.112556,0.0430721,-0.0337887,0.0639592,0.0744443,-0.110207,-0.0705872,0.0683356,0.00279605,0.139515,-0.572128,-0.915719,0.0980532,0.10957,20.6248,0.581913,0.561929,0.417295,0.51474,0.497742,0.641556,0.487866,0.475941,0.489974,0.505021,0.649794,0.60454,0.484239,0.484338,0.401308,0.494051,0.538663,0.62112,0.604661,0.496926,0.38022,0.553796,0.48907,0.452535,0.499895,0.444714,0.429744,0.537021,0.577309,0.597519,0.480656,0.510729,0.506101,0.448815,0.29845,0.423782,0.456069,0.525054,0.542307,0.483256,0.546528,0.395861,0.507552,0.524367,0.472736,0.425551,0.50012,0.500091,0.499879,0.500021,0.499997,0.500212,0.499982,0.499965,0.499985,0.500007,0.500225,0.500154,0.499977,0.499977,0.499854,0.499991,0.500056,0.50018,0.500155,0.499996,0.499822,0.500079,0.499984,0.499931,0.5,0.499919,0.499897,0.500054,0.500113,0.500144,0.499972,0.500016,0.500009,0.499925,0.499689,0.499888,0.499936,0.500036,0.500062,0.499976,0.500068,0.499846,0.500011,0.500035,0.49996,0.499891,0.402828,0.426416,0.598104,0.482451,0.502689,0.333331,0.514447,0.528639,0.511938,0.494022,0.323871,0.376279,0.518764,0.518647,0.616878,0.507083,0.454001,0.356958,0.376138,0.50366,0.641485,0.436047,0.513014,0.556447,0.500125,0.565719,0.583426,0.455952,0.408252,0.384497,0.523029,0.487226,0.492735,0.560859,0.734527,0.590462,0.552254,0.470178,0.449673,0.519935,0.444664,0.623252,0.491008,0.470995,0.532451,0.588376,0.347481,0.383541,0.653924,0.47193,0.504303,0.247977,0.523113,0.54576,0.519101,0.490432,0.2354,0.308131,0.530011,0.529824,0.681868,0.511336,0.426699,0.280483,0.307926,0.505858,0.717323,0.398505,0.520822,0.58975,0.5002,0.604247,0.631615,0.429783,0.35569,0.320153,0.536818,0.479561,0.488374,0.596662,0.836019,0.642355,0.583162,0.452357,0.419873,0.53188,0.411995,0.691188,0.48561,0.453657,0.551825,0.639179,8.97357,9.01334,6.96994,8.19022,7.68469,8.98413,8.23451,7.49257,8.15779,7.74879,9.52156,9.17963,7.56575,8.10813,7.46142,8.11071,8.58717,8.79154,8.63923,8.31431,7.1716,8.72152,8.3691,8.22587,7.70365,8.17257,8.03874,9.6545,8.93203,9.03233,8.17096,9.43362,8.21682,8.01315,6.18473,7.78924,8.6192,8.68615,9.03465,8.31787,8.65691,7.53549,8.40787,8.5561,8.07743,7.58588,2,2,3,3,3,9,8,5,9,4,5,4,12,7,11,17,14,11,5,9,9,9,5,8,7,1,0,3,3,2,10,17,15,17,13,1,4,5,6,18,8,4,6,5,12,7,16,5,11,7,1,0,2,1,2,3,1,3,4,9,13,12,14,0,4,1,3,8,4,1,7,5,12,1,5,7,7,4,2,2,3,3,4,1,0,2,2,5,10,6,1,4,15,10,22,8,8,16,26,4,4,6,7,9,2,3,3,4,8,11,6,2,14,9,11,5,3,4,2,1,1,2,1,0,6,1,3,1,13,14,9,3,10,9,13,14,9,13,7,5,17,17,10,13,19,8,7,8,7,4,5,2,7,2,7,3,5,6,8,8,5,5,8,6,6,12,6,9,17,10,13,11,11,7,6,9,13,4,9,5,7,7,3,12,13,12,7,0,5,6
168.162,0.977656,0.0128217,8,255,0,-114.565,9.5193,0.640495,0.169668,0.301375,0.289214,-0.568668,0.100593,0.894479,0.0133891,-0.32469,0.0789283,-0.204281,0.229823,1.32243,0.764446,0.837652,0.126125,-0.330421,-0.0175755,-0.576953,0.524915,0.834152,-0.226006,-0.92545,0.111702,-0.268508,-0.395623,0.0218086,-0.653514,-0.877158,0.841917,0.73954,0.856166,-0.252304,-0.101704,0.111332,-0.755956,0.959673,-0.250096,-0.345101,1.57287,0.973499,-0.28848,0.355327,-1.00136,-0.1327,0.274554,-0.15707,-1.92904,0.106705,0.0779776,-0.23595,0.134825,0.0632521,0.133353,0.261061,-0.0235809,0.175814,-0.248591,-0.232094,-0.232585,-0.0364195,-0.176126,-0.394396,0.70598,0.0426516,-0.346413,-0.152702,0.37385,0.592163,0.749163,0.158387,-1.19712,0.45535,0.185911,0.723116,-0.0265198,0.417924,-0.667162,-0.732746,0.667762,-0.611084,0.208352,-0.759033,0.72274,-0.116882,0.220069,-0.644227,-0.965888,0.728888,-0.600739,0.673373,0.615467,-0.185914,-1.02209,-0.317262,-0.237322,0.922689,1.1129,0.0810425,0.544575,-1.6975,0.0302306,0.142167,-0.418065,-0.178267,-1.36361,0.130369,-0.344815,0.713607,-0.29953,0.184048,0.132978,0.988731,0.591602,-0.554079,-0.285552,-1.20845,-0.0677751,-0.0335049,-0.0228898,-0.0469072,0.382989,-0.0470397,0.0683905,-0.0241148,-0.152715,-0.00859614,-0.206219,-0.0471399,-0.0569643,-0.135976,0.0573888,0.0705602,-0.141762,-0.764559,0.102267,0.117133,20.0804,0.552991,0.550868,0.40096,0.517747,0.652826,0.502363,0.442943,0.513927,0.464008,0.540474,0.717806,0.631739,0.643678,0.522246,0.441945,0.496898,0.399555,0.591599,0.643111,0.460195,0.342235,0.519705,0.452751,0.430625,0.503849,0.386661,0.349951,0.644369,0.627639,0.646671,0.455587,0.482058,0.519639,0.369657,0.663183,0.455974,0.439391,0.752206,0.66536,0.44926,0.562387,0.330276,0.476596,0.548306,0.472306,0.203938,0.503213,0.503084,0.493937,0.501073,0.509537,0.500143,0.496538,0.500842,0.497822,0.502451,0.514097,0.50815,0.508931,0.501345,0.496477,0.499813,0.493848,0.505597,0.508894,0.49759,0.490133,0.501191,0.497137,0.495782,0.500233,0.493032,0.490648,0.508976,0.507885,0.509128,0.49731,0.498916,0.501187,0.49194,0.510231,0.497333,0.49632,0.516765,0.510379,0.496924,0.503789,0.489324,0.498585,0.502928,0.498325,0.479443,0.489321,0.489752,0.520143,0.496435,0.468342,0.499525,0.511505,0.497203,0.507239,0.491856,0.453269,0.472934,0.470348,0.49553,0.511708,0.500623,0.520436,0.481405,0.470472,0.508009,0.532751,0.496041,0.509515,0.514017,0.499227,0.523144,0.531047,0.470197,0.473814,0.469694,0.508941,0.503604,0.496054,0.526766,0.466041,0.508863,0.512228,0.444487,0.465553,0.510222,0.48741,0.535429,0.504703,0.490271,0.505566,0.567943,0.442649,0.444944,0.607015,0.480782,0.335396,0.497441,0.561744,0.484918,0.538967,0.456184,0.26677,0.357906,0.345148,0.475911,0.562823,0.503359,0.608525,0.400993,0.345754,0.543092,0.669862,0.478662,0.551143,0.575048,0.495832,0.622377,0.661646,0.344412,0.362294,0.341956,0.548076,0.51943,0.478733,0.640601,0.324377,0.547658,0.565582,0.231022,0.322065,0.554918,0.432497,0.682568,0.525343,0.447714,0.529986,0.813795,8.55437,8.96276,6.94738,8.32359,8.589,7.60129,8.21384,7.67502,7.98567,7.84473,9.62408,9.07325,8.52569,8.35734,8.20741,8.12751,7.56732,8.17605,8.52179,8.32475,7.1782,8.34112,8.33552,8.20586,7.61076,7.94962,7.69996,9.85376,9.04544,9.10739,8.29519,9.47864,8.27253,7.78918,9.28573,8.35621,8.81284,10.3891,9.77413,8.31307,8.61498,7.51587,8.42968,8.88774,8.04376,6.07652,0,3,3,3,1,18,4,4,7,4,5,4,13,12,6,20,9,9,4,10,3,8,12,5,6,1,3,6,1,0,11,8,11,7,13,2,1,5,3,6,9,2,4,3,9,15,10,4,8,3,6,3,4,5,4,0,2,2,2,6,12,6,15,2,6,3,2,12,4,13,6,3,16,8,2,9,8,7,2,1,1,4,3,7,5,6,3,5,3,4,2,18,9,5,14,12,11,14,18,8,6,6,10,12,0,1,0,6,7,5,3,4,4,5,2,5,5,4,3,8,4,4,3,1,0,2,4,2,8,5,6,5,25,15,14,19,10,20,11,14,16,12,12,10,10,17,13,4,5,8,3,6,3,3,6,4,3,6,7,5,6,6,3,7,9,12,17,8,13,5,4,10,13,5,13,8,6,11,9,5,3,4,12,6,2,3,4,5,4,4
190.523,0.997425,0.0128217,8,511,0,-102.711,9.19016,0.620004,0.252689,0.864275,0.140583,-0.433216,-0.189046,0.532629,-0.377004,-0.270893,0.224745,-0.418603,0.111705,0.931099,0.868341,0.226719,-0.177681,0.778116,0.693781,-0.243302,0.717312,1.12393,-0.210606,-1.0473,0.543732,-0.502823,-0.936435,0.0777478,-0.231606,-0.553695,0.839422,0.627801,0.549402,-0.274621,0.0519678,-0.280447,-0.280276,0.332866,0.370192,-0.306782,-0.35544,1.08684,-0.445031,0.365093,-1.24896,-0.128233,0.21019,-0.0216078,-0.492841,-0.0843282,-0.127395,0.0458356,0.196806,0.197243,-0.132067,0.094731,0.158822,0.135289,-0.138643,0.202163,-0.126383,-0.0367925,0.168557,-0.0860437,0.472033,0.0503878,-0.469497,-0.0461745,0.348965,2.14136,0.614098,0.145308,-1.19256,0.378553,-0.0541017,0.47614,0.141805,0.266917,-0.411937,-0.885623,0.929169,-1.42369,0.425864,-0.714698,0.726785,-0.290775,-0.888801,-0.671954,-1.93878,0.393669,-0.505383,0.139158,-0.0795267,-0.113164,-0.604995,-0.726387,-0.281035,0.695582,1.07119,0.321973,-0.431467,-0.848676,0.328767,0.828153,-0.56948,-1.02347,-0.710815,0.413796,-0.443399,0.624514,-0.468812,-0.105729,0.365598,0.94363,0.582392,0.0485578,-0.409061,0.478447,0.0513607,-0.016615,-0.0885375,-0.177016,-0.171392,0.191229,-0.0586658,-0.0890175,0.11413,0.178637,-0.0577489,-0.00231657,0.0390649,0.2117,-0.0223418,-0.0996039,-0.504861,-0.770566,0.050318,0.162537,16.3343,0.6006,0.516584,0.449054,0.477706,0.562526,0.455627,0.468076,0.526497,0.450761,0.513179,0.608142,0.60106,0.526729,0.479044,0.590806,0.581148,0.47132,0.583849,0.629607,0.475167,0.378867,0.563815,0.44094,0.391258,0.509174,0.472696,0.435029,0.597783,0.573548,0.564473,0.467638,0.506132,0.466953,0.466973,0.5392,0.543575,0.46386,0.458153,0.625515,0.447675,0.542978,0.356738,0.484872,0.524784,0.49745,0.442102,0.510886,0.501771,0.494543,0.497619,0.506709,0.495251,0.496588,0.502831,0.494727,0.501407,0.511727,0.510937,0.502856,0.497762,0.509801,0.508739,0.496935,0.509035,0.514154,0.497347,0.48681,0.506849,0.493666,0.488206,0.500979,0.497082,0.493026,0.510573,0.507908,0.50692,0.496541,0.500655,0.496467,0.496469,0.504193,0.504663,0.496136,0.495523,0.513687,0.494394,0.504599,0.484272,0.498385,0.502648,0.499728,0.493792,0.392614,0.482264,0.554462,0.523842,0.433176,0.547441,0.534138,0.471664,0.552638,0.485905,0.384598,0.392124,0.471416,0.522411,0.403034,0.413319,0.53067,0.410441,0.361831,0.526557,0.62919,0.4318,0.563125,0.616039,0.490188,0.529199,0.569433,0.39561,0.421419,0.431098,0.534606,0.493441,0.535338,0.535316,0.458086,0.453412,0.538643,0.544742,0.366165,0.555935,0.45405,0.652614,0.516179,0.473496,0.502727,0.561885,0.339397,0.472944,0.582689,0.536354,0.39881,0.57212,0.551996,0.456813,0.579948,0.478494,0.32795,0.338695,0.456435,0.534175,0.354437,0.369444,0.546733,0.36523,0.296074,0.540483,0.691473,0.39676,0.595671,0.672956,0.485027,0.544499,0.605075,0.343704,0.381364,0.395715,0.552707,0.48999,0.553817,0.553784,0.436225,0.429165,0.558825,0.568048,0.302065,0.584901,0.430128,0.723603,0.524683,0.459597,0.504162,0.593817,9.21038,8.99875,7.07287,7.4063,8.09289,7.13222,8.23072,7.7678,7.85596,7.6484,9.53803,9.21466,7.76989,8.11038,9.33833,9.28782,8.04107,8.28775,8.71623,8.29439,7.19292,8.87227,8.31922,8.18519,7.61253,8.2302,7.89012,9.78337,8.96098,9.13548,8.22678,9.36188,8.25907,8.5542,7.95757,9.24124,8.74466,8.47483,9.62162,8.38023,8.68368,7.53287,8.3814,8.73888,8.08665,7.77758,1,3,3,1,0,10,6,6,9,4,7,8,22,14,18,10,5,10,12,6,16,10,5,14,11,1,4,2,5,4,13,9,21,21,15,1,2,2,9,17,6,8,4,3,19,11,20,1,2,10,0,5,4,6,3,0,1,1,1,4,8,5,7,4,7,7,5,2,4,8,3,3,8,5,3,3,7,2,1,1,2,1,3,2,2,3,4,9,4,7,7,7,13,13,11,16,22,20,15,5,12,3,7,3,2,2,3,6,5,2,5,6,14,7,5,10,4,1,3,5,1,1,5,0,2,3,3,1,9,15,16,6,8,5,7,11,4,9,4,4,6,4,11,16,9,6,10,2,3,7,3,1,3,6,2,2,1,9,9,14,7,7,14,11,13,5,11,15,11,8,10,7,12,11,10,12,9,9,10,4,5,6,6,8,7,5,10,2,7,3
199.927,0.96504,0.0128217,8,255,0,-133.024,9.8479,0.475574,0.116985,-0.522835,0.691839,-0.842718,-0.0572708,-0.288084,0.107764,-0.10889,-0.018068,0.833811,0.0955458,0.872207,0.801646,0.250094,0.272633,-0.735391,-0.703382,-0.307695,-0.458178,0.85523,-0.121164,-0.882593,0.239694,0.0633579,-0.450648,0.0290923,-0.520732,-0.77864,0.968225,0.702631,0.630797,-0.0887688,0.294624,-0.0808597,-0.388905,0.187588,-0.204586,-0.0219842,0.283828,-0.782106,-0.111426,0.437747,-0.635941,0.072578,0.300019,0.152726,-0.166288,-0.0802237,0.00396166,-0.0157469,0.184765,-0.0690143,0.0977242,-0.0152437,0.0744897,-0.0854891,0.202755,0.0188472,0.154556,0.0324733,-0.145171,0.133166,-0.58326,-0.459645,-0.345608,-0.0951337,0.373031,-1.76061,0.646623,0.0856678,-0.995089,0.323894,-0.158162,0.177042,0.139259,-0.0898485,-1.62056,-0.799504,0.232917,-0.480891,0.383378,-0.686234,0.486011,-0.226718,-0.216568,-0.336652,-0.669942,0.823437,-0.763335,0.262241,0.265012,0.191515,-1.08267,-0.0919618,-0.857497,0.854006,1.03822,-0.393,0.0612385,-0.65707,-0.285375,0.427177,-0.200228,-0.469254,-1.21888,0.137854,-0.516946,0.712223,0.199406,0.0163119,-0.0340645,0.79863,0.313049,0.111611,-0.177174,-0.407519,-0.164299,-0.0492695,0.133201,-0.0896875,0.107569,-0.182475,0.127021,-0.0463783,-0.0952599,0.0351377,0.0364733,-0.10184,0.0655503,0.0280706,-0.0332626,0.17788,0.437778,0.313652,0.34856,0.176919,20.5633,0.575652,0.400467,0.620465,0.50835,0.541908,0.484292,0.515872,0.502635,0.380759,0.486072,0.375493,0.385192,0.463597,0.46033,0.605617,0.601149,0.544746,0.566414,0.377818,0.51766,0.625927,0.465106,0.490763,0.565335,0.495758,0.575352,0.611625,0.362455,0.398956,0.409044,0.512941,0.457145,0.511788,0.556466,0.472674,0.529796,0.503206,0.458708,0.612105,0.516242,0.436514,0.591681,0.489419,0.456364,0.477745,0.524228,0.559792,0.421163,0.595645,0.506581,0.533056,0.487619,0.51251,0.502076,0.405342,0.489022,0.401095,0.40891,0.471293,0.468712,0.583709,0.58013,0.535299,0.552456,0.402971,0.51392,0.600051,0.472484,0.49272,0.5516,0.496657,0.559554,0.588532,0.390541,0.419954,0.428018,0.510199,0.466196,0.509291,0.544571,0.478457,0.523492,0.502526,0.467431,0.588917,0.512801,0.449867,0.572561,0.491661,0.465579,0.482457,0.519099,0.443027,0.575144,0.408801,0.493732,0.468512,0.511792,0.488085,0.498023,0.590256,0.510455,0.594315,0.586846,0.527344,0.529803,0.420204,0.423621,0.466375,0.450022,0.592522,0.486742,0.404589,0.526209,0.506934,0.450838,0.503184,0.443254,0.415598,0.604408,0.576298,0.568602,0.490286,0.5322,0.491151,0.457539,0.520519,0.477624,0.497594,0.531023,0.415229,0.487807,0.547763,0.430846,0.507943,0.532788,0.516709,0.481809,0.459095,0.554037,0.434302,0.495509,0.477426,0.508449,0.491462,0.498583,0.565011,0.507491,0.567969,0.56253,0.519601,0.521365,0.44259,0.445068,0.475891,0.464135,0.566662,0.4905,0.431232,0.518786,0.504968,0.464722,0.502281,0.459258,0.439246,0.575343,0.554873,0.549302,0.49304,0.523086,0.49366,0.469543,0.514705,0.483963,0.498276,0.522241,0.438978,0.491264,0.534271,0.450299,0.505691,0.523508,0.511973,0.486964,7.52102,9.06776,6.81612,7.7462,7.44534,7.89568,8.23768,7.7525,9.06233,7.88178,9.46487,9.02594,8.05758,8.42561,7.52611,7.67537,7.76544,7.25203,8.74415,8.22372,7.11343,8.38816,8.35373,8.16403,7.80616,8.14339,7.85101,9.78737,8.91382,9.19152,8.26057,9.28352,8.38258,7.83931,8.0248,8.04887,8.58398,8.60452,7.84708,8.15485,8.61328,7.55887,8.44416,8.70287,8.04599,7.92626,0,6,3,5,2,4,24,12,9,3,5,5,10,5,8,2,3,8,12,2,8,3,5,3,2,2,0,1,5,2,17,16,13,24,11,3,1,1,7,8,11,12,6,5,5,13,7,9,14,12,6,5,3,3,1,10,3,6,3,6,15,21,16,4,3,7,14,4,9,10,6,16,24,12,15,14,15,25,1,2,3,7,9,13,5,19,14,2,5,1,2,28,12,21,24,40,18,21,34,2,8,14,25,17,2,4,2,3,5,2,3,4,16,10,12,9,5,10,4,1,2,1,2,1,2,4,3,2,3,8,6,8,16,17,9,10,8,17,16,13,17,10,9,20,13,8,13,8,7,8,8,7,10,8,1,9,7,10,8,0,3,6,5,8,6,18,9,10,8,14,12,9,15,5,18,10,12,14,13,11,12,1,5,7,14,7,7,4,10,7
219.147,0.851814,0.0128217,9,511,0,-134.893,8.58511,0.478716,0.107648,-0.595264,0.477681,-0.675633,-0.0509139,0.39613,-0.192586,-0.15219,-0.389106,-0.134902,-0.0989361,0.831583,0.755795,0.104235,-0.112658,0.214921,0.175313,0.122032,1.12464,0.469768,-0.160408,-0.902413,0.241994,-0.110233,-0.377271,-0.203499,-0.582418,-0.787661,0.456281,0.567986,0.461823,-0.161021,-0.0335573,-0.109598,0.0228396,-0.774258,0.0580871,0.0558517,0.483186,0.162954,0.123522,0.317875,-0.555995,-0.0523283,-0.192222,-0.236941,0.361583,-0.0444513,0.00861963,-0.0408144,0.0394257,0.0697837,0.0730299,0.0371365,-0.0244162,-0.254449,0.0964351,0.0310695,-0.0553323,-0.0565126,-0.0183969,-0.0154822,0.900943,0.911202,-0.209806,-0.122121,0.352847,1.60878,0.817545,0.0965828,-0.660996,0.168431,0.47496,0.314063,-0.00203654,0.360026,-0.901579,-0.326427,0.94792,-0.488634,-0.118026,-1.3204,0.599549,0.147245,-0.814761,-0.777016,-1.19563,0.0107681,-0.764524,0.595912,0.907546,-0.481005,-0.87559,-0.113126,0.104909,1.27965,1.61604,-0.24425,-0.200091,-1.54041,0.0831526,0.279538,-0.241212,-0.891735,-0.233458,0.362385,-0.391451,0.686797,-0.83049,0.286174,0.129549,1.35339,0.418442,0.183887,-0.219221,0.234247,-0.0291081,-0.0538388,-0.188807,-0.0700661,0.00243963,0.015258,-0.0376592,-0.116558,0.0868661,0.0672877,-0.0486061,0.0664106,-0.0525424,-0.016255,0.0340275,0.0729946,-0.710863,-1.80214,0.0911638,0.0898394,21.6044,0.369049,0.605961,0.352354,0.488534,0.588288,0.456731,0.465775,0.413246,0.469653,0.477731,0.679006,0.663946,0.52346,0.474647,0.548257,0.539405,0.527458,0.733653,0.604257,0.463933,0.307247,0.554291,0.475192,0.415834,0.454293,0.371748,0.329679,0.601347,0.62521,0.602544,0.463796,0.492442,0.475335,0.505144,0.332353,0.51308,0.512577,0.607144,0.536637,0.527793,0.571112,0.377325,0.488216,0.456813,0.446834,0.580729,0.367628,0.60713,0.350774,0.488404,0.589271,0.456241,0.465386,0.412279,0.469308,0.477478,0.680863,0.665674,0.523727,0.474359,0.548803,0.539852,0.52777,0.735902,0.605409,0.463524,0.30528,0.554904,0.47491,0.414894,0.453775,0.370354,0.327896,0.602469,0.626575,0.603678,0.463385,0.492356,0.475054,0.505203,0.330593,0.513229,0.51272,0.608326,0.537053,0.528109,0.57191,0.375985,0.488082,0.456323,0.446233,0.581632,0.604237,0.415915,0.617814,0.509047,0.430063,0.534172,0.52702,0.568713,0.523956,0.517575,0.356373,0.368824,0.481484,0.52001,0.461879,0.468884,0.478327,0.31014,0.417282,0.528476,0.655091,0.4571,0.51958,0.566648,0.536102,0.602051,0.636434,0.419615,0.400409,0.418656,0.528585,0.505963,0.519468,0.495941,0.634226,0.489678,0.490076,0.414965,0.471073,0.478062,0.443748,0.597542,0.509298,0.534108,0.542009,0.436092,0.74512,0.297162,0.771638,0.522922,0.328741,0.585906,0.56814,0.668459,0.560481,0.544457,0.18263,0.203907,0.453176,0.550583,0.404363,0.421666,0.445241,0.116421,0.300149,0.57177,0.835659,0.392669,0.549501,0.663716,0.59067,0.740698,0.805256,0.305279,0.264328,0.303165,0.572041,0.515114,0.549218,0.489711,0.801441,0.473854,0.474858,0.295094,0.427107,0.444578,0.360578,0.731448,0.523558,0.585747,0.605158,0.342624,7.40215,9.02945,7.04708,8.23803,8.54872,7.72026,8.28459,7.44451,8.0458,7.85219,9.62613,9.29047,8.1387,8.07715,8.80202,8.7156,8.40808,9.54181,8.65145,8.27302,6.98251,8.57694,8.20324,8.1179,7.70491,8.10336,7.82153,9.65932,9.03214,9.11715,8.27215,9.26538,8.31392,8.3909,7.23018,8.44062,8.66797,9.03711,9.14919,8.53286,8.68348,7.57917,8.42535,8.22823,8.1367,8.74471,1,2,0,0,1,9,6,4,18,7,3,4,11,8,13,10,5,11,3,8,5,4,3,8,11,1,2,0,2,1,14,12,16,12,17,5,5,4,6,13,19,1,3,4,13,14,4,2,6,5,3,1,1,3,2,5,2,1,2,16,10,12,16,10,2,3,2,12,6,10,16,11,7,7,2,6,2,4,3,2,1,2,2,1,4,4,5,6,5,4,4,26,14,12,19,17,14,15,18,8,7,14,6,10,2,2,2,1,3,3,3,7,4,6,8,7,1,3,6,1,0,3,3,4,4,3,5,0,5,12,4,12,22,7,10,21,17,11,6,9,13,13,19,14,28,35,15,6,4,4,8,4,2,4,5,2,6,5,9,8,4,5,4,11,7,13,16,18,5,9,15,5,7,8,9,12,10,10,15,6,7,6,8,5,9,12,4,2,4,2
217.334,0.648878,0.0128217,8,511,0,-143.287,8.66114,0.38872,0.0460852,-0.235664,0.638568,-0.855971,0.869014,0.352443,0.21135,-0.223411,-0.601617,-0.324031,-0.167393,0.896597,0.618825,0.886069,0.0915701,-0.328964,0.369259,-0.0236534,0.884731,0.54432,-0.0272389,-0.875028,0.166601,0.20976,-0.434582,-0.318093,-0.309322,-0.533653,0.67743,0.562289,0.487189,-0.163225,0.291048,-0.0738425,0.042733,0.102329,0.248437,-0.141921,0.367863,-0.548149,-0.0293371,0.263637,-0.625641,0.0543031,-0.00327421,-0.241653,0.0295247,-0.00558019,-0.0476648,0.0477234,0.00634831,-0.00289448,-0.0880182,-0.0318471,0.0261536,0.109191,-0.0757684,-0.0299169,0.0402102,0.0446967,0.0257545,-0.00468576,0.665064,0.669283,-0.213212,-0.105307,0.349884,1.22233,0.661885,0.053468,-0.14539,-0.0602852,0.680665,-0.149796,0.176649,0.486453,-0.339397,-0.336485,0.922075,-0.751233,-0.330946,-1.49466,0.499473,-0.204711,-0.593332,-1.08411,-1.52293,-0.0261825,-1.50694,0.41351,0.733404,-0.169305,-0.906042,0.0402228,0.343455,0.587307,1.17181,-0.345121,-0.243573,-1.26581,0.331445,0.220659,-0.537058,-0.593285,-0.510548,0.332611,-0.402724,0.708126,-0.30627,-0.124343,0.0262064,1.34067,0.335057,0.420316,-0.0169709,-0.059725,0.0249149,0.0893472,0.056969,0.029578,-0.020264,0.00703837,0.102113,0.118386,-0.126469,0.0747284,-0.00888871,-0.0547518,0.0494718,0.0104221,0.0161372,0.139411,-1.29913,-1.24241,0.0250848,0.0716893,20.7192,0.460897,0.604605,0.361404,0.640596,0.558332,0.535083,0.462923,0.401285,0.446332,0.472197,0.644808,0.601461,0.643203,0.51522,0.445522,0.561088,0.496067,0.642999,0.589526,0.495471,0.358484,0.527672,0.534819,0.428243,0.447308,0.448751,0.412191,0.610766,0.592415,0.580302,0.472888,0.548241,0.487725,0.507105,0.517007,0.541213,0.476421,0.56086,0.409858,0.495122,0.543722,0.397453,0.509028,0.499456,0.459908,0.504909,0.46065,0.605249,0.360571,0.641439,0.558699,0.535304,0.462688,0.400675,0.445994,0.472021,0.645674,0.602087,0.64406,0.515317,0.445179,0.561472,0.496042,0.643855,0.590082,0.495442,0.357636,0.527847,0.53504,0.427794,0.446977,0.448428,0.411646,0.611446,0.592988,0.580802,0.472716,0.548545,0.487647,0.50715,0.517115,0.541473,0.476272,0.561242,0.409298,0.495091,0.543998,0.396821,0.509085,0.499452,0.459654,0.50494,0.575947,0.303734,0.752504,0.244353,0.387492,0.431785,0.572055,0.68602,0.603712,0.554153,0.237797,0.309185,0.240285,0.470295,0.605245,0.38232,0.507682,0.240603,0.330231,0.508846,0.757087,0.446101,0.432292,0.637511,0.601865,0.599132,0.666697,0.293164,0.325089,0.346849,0.552815,0.406583,0.523964,0.486125,0.466814,0.420005,0.545963,0.382748,0.670868,0.509527,0.415203,0.692703,0.482371,0.501063,0.577846,0.490412,0.572679,0.311447,0.743352,0.253568,0.392247,0.434729,0.56895,0.678624,0.599307,0.551806,0.247137,0.316732,0.249579,0.471589,0.600778,0.387278,0.507346,0.24989,0.337095,0.50846,0.747843,0.448437,0.435214,0.631796,0.597534,0.594911,0.659937,0.301189,0.332125,0.353135,0.550525,0.410572,0.52292,0.48673,0.468259,0.423442,0.543967,0.387689,0.663967,0.509111,0.418838,0.685098,0.48314,0.501017,0.574499,0.490831,7.99648,9.04546,6.97841,9.20675,8.4504,8.27818,8.11082,7.28613,7.88861,7.81526,9.50995,9.03911,9.0976,8.39643,7.98198,8.87058,8.25556,9.09599,8.68402,8.35056,7.22005,8.48812,8.52325,8.15229,7.63125,8.25002,7.97676,9.64274,8.97047,9.01422,8.18435,9.44646,8.32928,8.31912,8.27466,8.57048,8.68303,8.71621,7.95914,8.23101,8.60664,7.50398,8.45025,8.37986,8.10083,8.32058,7,4,9,6,6,3,8,9,12,2,2,5,14,16,10,7,11,6,8,11,4,6,18,8,9,1,6,1,4,2,10,10,19,10,15,1,2,1,4,7,10,3,4,2,16,17,18,4,4,4,0,2,3,0,2,0,1,3,1,7,10,12,10,1,2,1,16,5,3,6,3,4,5,2,4,7,7,8,2,5,1,7,5,2,8,8,2,7,5,5,5,11,15,6,6,1,14,8,19,8,7,5,5,11,0,2,2,4,2,7,6,5,10,5,10,4,1,4,3,3,6,5,6,5,2,1,4,2,16,12,12,10,17,12,12,17,15,21,17,3,13,16,9,15,19,10,16,7,3,3,4,4,3,3,5,3,3,6,9,6,3,6,8,2,7,13,11,11,5,14,12,11,10,9,10,6,13,6,4,8,5,8,9,6,5,13,9,3,4,4
221.049,0.742793,0.0128217,8,255,0,-151.626,8.73648,0.506431,0.02418,-0.63519,0.625945,-0.913342,0.0419386,-0.191497,-0.153881,-0.0260193,0.163585,-0.131475,-0.0649429,0.994999,0.729883,0.449478,-0.0325876,0.138314,0.0787317,-0.264063,0.789932,0.69326,-0.0485251,-0.976695,0.330081,-0.287679,-0.492528,-0.214967,-0.528357,-0.866003,0.93581,0.704197,0.552168,-0.0145067,0.314508,0.0287679,-0.298089,-0.38376,-0.0997874,0.0841136,-0.209166,0.114183,0.0783651,0.352733,-0.742186,0.0455713,0.329263,-0.135003,0.131134,-0.0230467,-0.0193781,0.0298785,0.0294405,-0.0499685,0.0251718,0.00330819,0.00655083,-0.00421612,-0.026432,0.0587694,0.00737813,0.0123044,-0.000526157,0.00444618,0.630247,0.183352,-0.239225,-0.0732974,0.359827,0.882827,0.619835,0.156281,-0.391741,-0.183052,0.392322,0.551213,0.344997,-0.0438847,0.0291422,-0.761771,0.697612,-0.611695,-0.311213,-1.04772,0.0473857,-0.398472,-0.379403,-0.594497,-1.56537,0.0695366,-0.91981,0.00139341,0.55353,0.221268,-1.53263,-0.528505,-0.517424,1.00891,1.60958,-0.625674,-0.673271,-1.05582,0.204612,0.0406374,-0.194836,-0.896585,-0.495739,0.141137,-0.500753,0.92267,0.00323116,0.0605717,0.0903274,1.08086,0.886438,-0.0643509,-0.249055,0.494709,-0.0648069,-0.220928,-0.22719,-0.192376,0.0426751,-0.00549976,-0.0741814,-0.165331,0.127506,0.063545,-0.0313307,0.18978,-0.134004,0.00046346,0.01354,0.140044,-1.27601,-1.0525,0.0703417,0.12922,16.7464,0.401234,0.597365,0.359939,0.506608,0.469864,0.475773,0.4959,0.525752,0.479296,0.489769,0.65183,0.613016,0.570351,0.494866,0.521779,0.512403,0.45849,0.621954,0.607526,0.492355,0.350792,0.551821,0.454797,0.423014,0.466181,0.417512,0.36684,0.643317,0.609168,0.586133,0.497714,0.549393,0.504533,0.45317,0.439827,0.484283,0.51325,0.467091,0.517983,0.512345,0.555349,0.385147,0.50718,0.551694,0.478741,0.52065,0.470917,0.528661,0.458232,0.501922,0.491223,0.492947,0.498807,0.507498,0.493974,0.497023,0.545483,0.533406,0.520591,0.498506,0.50634,0.503609,0.487898,0.536146,0.531735,0.497776,0.45535,0.515126,0.486816,0.477439,0.490148,0.4758,0.460387,0.542791,0.532234,0.525289,0.499335,0.514412,0.501319,0.48634,0.482416,0.495426,0.503856,0.490413,0.505234,0.503592,0.516163,0.466032,0.502089,0.515088,0.493812,0.506011,0.692218,0.3103,0.762319,0.486625,0.560786,0.548931,0.508299,0.448005,0.541843,0.520705,0.21932,0.282653,0.36042,0.510394,0.455992,0.474905,0.583449,0.267379,0.292224,0.515475,0.776655,0.396233,0.590754,0.652143,0.568148,0.662441,0.751202,0.232525,0.289346,0.330799,0.504628,0.400996,0.490824,0.593961,0.620032,0.53179,0.473193,0.566331,0.463639,0.475022,0.389339,0.720519,0.485467,0.396482,0.54296,0.458265,0.661175,0.341008,0.72338,0.488967,0.550218,0.540401,0.506846,0.457063,0.534539,0.517081,0.259757,0.316869,0.383889,0.508574,0.46367,0.479296,0.569037,0.303349,0.325271,0.512765,0.736522,0.414011,0.575122,0.62677,0.556323,0.635548,0.7133,0.271913,0.32275,0.358667,0.503817,0.417993,0.492431,0.577797,0.599626,0.526232,0.477882,0.554815,0.469992,0.479392,0.408239,0.685927,0.488011,0.41422,0.535463,0.46555,7.54077,9.06349,6.91205,8.08792,7.70922,7.75088,8.30955,8.10251,8.09791,7.84938,9.51758,9.05077,8.41891,8.20744,8.49157,8.50576,7.95109,8.79474,8.68817,8.28462,7.16461,8.60905,8.05234,8.14077,7.68323,7.96109,7.58868,9.76931,9.02244,9.02964,8.3223,9.22064,8.45042,8.04082,7.61655,8.26039,8.76427,8.13926,8.67235,8.45773,8.63411,7.55013,8.38885,8.70298,8.06309,8.38878,3,1,4,0,0,8,8,4,4,2,4,9,10,15,9,10,22,11,11,6,14,8,0,10,4,5,6,3,3,6,12,3,15,11,12,2,4,7,13,12,10,6,1,2,14,6,8,3,4,4,3,2,1,2,0,2,1,0,2,26,22,15,17,7,4,8,4,9,4,5,4,15,6,7,5,9,5,6,2,1,0,6,3,1,1,3,1,5,4,6,4,12,11,22,17,16,17,12,20,3,7,7,5,3,1,2,2,3,1,10,1,6,9,3,12,9,7,6,5,3,2,1,5,4,3,5,1,4,12,10,3,5,10,8,18,11,23,9,11,17,10,8,10,10,20,14,5,6,2,6,7,5,3,7,5,10,4,10,9,7,3,3,11,8,18,5,7,10,8,6,5,12,5,12,9,5,9,4,7,15,3,16,7,5,6,17,3,4,3,3
216.346,0.992235,0.0128217,8,511,0,-154.95,9.30841,0.516484,0.0342098,0.307954,0.535098,-0.783299,-0.489263,0.517839,0.44896,-0.0683075,-0.765032,0.699401,-0.0114198,0.862875,0.647044,0.792752,-0.0193985,-0.292423,-0.268041,-0.743702,0.751974,0.736746,-0.146366,-1.00199,0.207061,-0.177962,-0.446451,-0.106877,-0.464733,-0.739983,0.704355,0.608941,0.459778,-0.080882,0.262284,-0.0731851,-0.385369,-0.886963,1.01332,-0.0277535,0.0756399,-0.834776,-0.257202,0.375139,-0.652159,0.0161219,-0.135725,-0.0680931,-0.0577266,-0.0209769,-0.0209311,0.0136393,0.0236752,0.0244235,-0.0430635,0.0329437,-0.0230058,-0.0376839,0.0278112,-0.0242807,0.0375109,-0.0286968,-0.00593265,0.0383234,0.791109,-0.651121,-0.305335,-0.0943208,0.3671,0.584723,0.81386,0.141628,-1.18504,0.106681,0.23166,0.372562,-0.148883,-0.205757,-1.35966,-0.58131,-0.271362,-0.986449,0.594223,-0.7622,0.190348,0.169633,-0.327766,-0.235906,-0.89131,0.349573,-1.29084,0.471585,0.945793,0.124722,-0.979386,-0.333996,-0.220001,1.20358,1.40476,-0.0144082,-0.559522,-1.17748,0.261804,-0.109638,-0.529541,-0.521197,-0.216318,-0.47876,-0.237466,0.721987,0.489227,0.401024,-0.125007,1.26416,0.347149,0.611874,-0.259299,0.24997,0.0956607,0.162605,0.215938,0.0579633,0.162981,-0.0078853,0.119294,0.117988,-0.163344,-0.0148843,-0.041034,-0.180613,0.0168293,0.00847322,-0.147102,0.122715,-1.03945,-1.23784,0.280956,0.119299,19.2267,0.560607,0.604278,0.349856,0.404425,0.601008,0.587872,0.486494,0.35315,0.634901,0.497741,0.664325,0.625248,0.651844,0.496163,0.442422,0.447185,0.357014,0.644487,0.641722,0.471085,0.311592,0.540861,0.464861,0.412609,0.478875,0.409108,0.35769,0.635809,0.618158,0.589944,0.484009,0.551688,0.48553,0.424368,0.331439,0.690326,0.494511,0.514955,0.34065,0.449306,0.573654,0.373805,0.503189,0.473182,0.486536,0.488585,0.450038,0.413767,0.624812,0.578976,0.416496,0.427434,0.511117,0.622019,0.388079,0.501859,0.363123,0.396205,0.373746,0.503158,0.547457,0.543521,0.618749,0.379982,0.38232,0.523807,0.657556,0.466346,0.528936,0.572166,0.51739,0.575077,0.618177,0.387313,0.402155,0.425711,0.513163,0.457409,0.511911,0.562403,0.640497,0.340786,0.504518,0.48769,0.632636,0.54177,0.439237,0.604592,0.497376,0.522079,0.511082,0.509396,0.420651,0.364426,0.693003,0.62447,0.368591,0.385405,0.517743,0.688949,0.325855,0.502968,0.289685,0.337922,0.30491,0.505041,0.57541,0.569206,0.684178,0.313967,0.317387,0.537962,0.739143,0.4464,0.546114,0.613977,0.527745,0.618471,0.683342,0.324725,0.346839,0.382745,0.521006,0.432262,0.519009,0.598825,0.715439,0.258594,0.507212,0.480354,0.704268,0.566442,0.403732,0.663266,0.495811,0.535211,0.517687,0.514996,0.405838,0.340209,0.725039,0.646943,0.34502,0.364534,0.521126,0.720509,0.29614,0.503534,0.255764,0.309825,0.272634,0.506003,0.589518,0.582195,0.715161,0.282758,0.286596,0.545171,0.775618,0.436272,0.55485,0.634746,0.533026,0.639977,0.714222,0.294864,0.32,0.361437,0.525009,0.419539,0.522632,0.617045,0.74987,0.221952,0.508588,0.47661,0.737559,0.578928,0.385952,0.691527,0.495011,0.541903,0.52106,0.517856,8.56875,9.08858,6.85865,7.35641,8.49411,8.40772,8.24695,6.88134,9.05932,7.82758,9.56317,8.99403,8.83708,8.15583,7.96431,8.14301,7.24618,8.78642,8.76748,8.14844,6.92669,8.44162,8.19024,8.20266,7.70708,8.08971,7.74572,9.64233,8.94645,9.06047,8.23108,9.451,8.38878,7.92901,6.86091,9.6824,8.70525,8.51033,7.62803,8.09034,8.65329,7.59475,8.35353,8.16186,8.09687,8.10745,2,3,1,5,2,12,7,13,6,2,1,1,5,2,6,7,7,6,5,4,9,4,5,3,1,1,4,1,2,1,8,15,12,13,17,1,2,0,11,20,22,10,10,4,17,5,12,9,6,16,5,3,4,2,3,0,1,3,2,11,11,11,7,0,0,1,6,12,8,4,8,5,17,9,10,10,17,13,3,1,3,6,5,10,5,3,7,1,3,2,3,25,18,22,21,20,23,20,29,9,8,3,7,7,0,3,0,5,2,9,10,10,13,18,7,4,2,2,6,1,5,3,2,2,2,1,3,1,6,7,5,10,10,9,9,10,13,11,8,17,18,15,22,21,7,16,10,6,3,8,7,8,6,3,3,6,4,13,8,6,7,6,10,16,22,14,11,10,2,24,15,8,18,9,10,15,22,10,10,13,6,5,28,17,11,8,7,7,8,10
215.785,0.924257,0.0128217,8,255,0,-153.819,8.3326,0.451041,0.0470571,-0.738954,0.175754,-1.00897,0.727753,-0.102037,-0.3494,-0.262946,0.0735259,-0.0953269,-0.262491,0.792149,0.493265,0.0196503,-0.167435,-0.177603,-0.559991,-0.446009,-0.24239,0.335449,-0.0105171,-1.15955,0.193277,-0.416953,-0.654085,-0.44995,-0.169557,-0.522392,0.970861,0.408014,0.462031,-0.2437,0.628986,-0.167648,0.315,0.726297,0.00723847,0.0273695,-0.523215,-0.00565996,-0.455642,0.149732,-1.10905,0.0496243,0.291241,0.0487611,0.0127171,-0.0299248,0.0260836,0.0187021,0.0125196,0.0126688,-0.058819,-0.0108486,-0.0271195,-0.0656477,-0.0268714,0.0645442,0.0821502,-0.0527141,-0.0429355,0.0235403,0.790617,-0.179442,-0.246473,0.0404579,0.352283,-0.288979,0.63668,0.154663,-0.390779,0.50568,0.307419,0.376045,-0.0828744,-0.11511,-0.725643,-1.16014,0.374484,-0.95934,-0.0860715,-1.37076,0.435477,-0.245002,-0.359371,0.443015,-0.843969,0.658144,-0.588848,0.188515,0.414669,-0.458691,-0.508807,-0.481101,-0.637304,1.33517,1.77172,0.00894388,-0.212472,-0.386119,0.262523,1.07809,0.188605,-0.960437,-0.796037,0.707629,-0.401609,0.856252,-0.108604,-0.0483232,0.253204,1.09736,0.717816,0.28074,-0.233753,-0.32804,-0.0568386,-0.00023612,-0.129515,0.0762433,-0.0836464,0.0500033,-0.139013,-0.116742,0.107291,-0.0571885,-0.0318009,0.149328,-0.00105894,-0.05373,-0.139964,0.112574,-1.10755,-0.599775,0.207871,0.251154,15.6502,0.35796,0.534683,0.310516,0.640002,0.479843,0.431376,0.448214,0.514529,0.481167,0.448303,0.651647,0.596279,0.503884,0.466954,0.464954,0.391089,0.412747,0.452237,0.565917,0.497921,0.285619,0.538128,0.418326,0.373523,0.411992,0.466537,0.39819,0.682997,0.579953,0.59032,0.45198,0.621822,0.466912,0.561941,0.639737,0.501431,0.505409,0.398034,0.498881,0.410902,0.529561,0.293834,0.509807,0.557312,0.509637,0.502514,0.533101,0.492116,0.545139,0.467399,0.504577,0.515669,0.511794,0.496702,0.504276,0.511773,0.464524,0.477886,0.499118,0.507511,0.507967,0.5251,0.519997,0.510872,0.484956,0.500472,0.551831,0.49133,0.518696,0.529309,0.520174,0.507606,0.523418,0.456557,0.481705,0.479285,0.510931,0.471813,0.50752,0.485873,0.467464,0.499675,0.498772,0.523454,0.500254,0.520429,0.493283,0.549589,0.497774,0.486938,0.497813,0.49943,0.693903,0.451489,0.753522,0.308738,0.528223,0.595555,0.572296,0.479653,0.52637,0.572173,0.293728,0.366719,0.494559,0.546229,0.549018,0.650269,0.621044,0.566715,0.408172,0.502912,0.783174,0.446687,0.613441,0.673583,0.62207,0.546811,0.64074,0.2544,0.38891,0.374789,0.567071,0.332559,0.546287,0.413654,0.309082,0.497996,0.492422,0.64095,0.501567,0.623551,0.458636,0.773527,0.486263,0.420051,0.486502,0.496479,0.609023,0.473671,0.646834,0.392578,0.515295,0.552199,0.539346,0.488977,0.51429,0.539278,0.383407,0.426573,0.497054,0.525085,0.526605,0.583186,0.56648,0.536281,0.449871,0.501577,0.667182,0.471052,0.562196,0.596837,0.567061,0.525402,0.577695,0.358404,0.439124,0.431161,0.536476,0.40679,0.525117,0.452908,0.392786,0.498915,0.495896,0.577815,0.500849,0.567899,0.477564,0.660423,0.49256,0.456441,0.492689,0.498093,7.58822,9.01403,7.02076,8.87586,8.06884,7.78117,8.08606,8.27324,8.33443,7.88216,9.56625,9.01877,8.21052,8.25051,8.18532,7.99724,7.92684,7.90554,8.5779,8.37981,7.10708,8.6704,8.32456,8.1466,7.66449,8.16132,7.75162,9.53484,8.91993,9.185,8.10843,9.26281,8.45268,9.17595,8.87418,8.81787,8.59775,8.2014,8.35211,8.27969,8.61973,7.5285,8.44984,8.73096,8.06773,8.46022,5,3,3,1,2,9,9,5,2,5,3,5,17,8,10,17,13,7,6,7,10,7,5,2,6,3,3,8,0,4,8,7,10,12,14,5,2,2,6,14,5,5,0,2,8,10,9,5,5,8,3,5,8,4,3,2,2,2,1,11,19,19,16,5,1,6,0,6,6,6,3,8,5,6,5,8,7,1,2,1,4,1,3,4,4,1,2,1,3,5,1,24,20,47,39,22,52,29,32,6,10,13,5,2,3,0,4,4,8,6,6,9,8,9,10,14,8,5,4,8,2,3,0,5,0,5,6,1,21,11,14,8,6,9,11,4,9,9,1,6,10,6,1,7,9,8,6,4,6,2,2,3,4,2,4,1,6,5,2,8,7,8,4,6,7,9,7,7,4,20,10,11,18,4,7,6,14,6,6,11,22,12,7,12,11,9,8,8,5,7
213.472,0.994221,0.0128217,8,511,0,-147.245,8.27505,0.45241,0.0894889,-0.217664,0.386157,-0.770496,0.540006,-0.073587,0.44537,-0.103134,0.35505,0.536383,-0.0904825,0.822212,0.656342,0.907797,-0.334769,0.263925,-0.124441,-0.904647,0.028034,0.472984,-0.171143,-1.08002,0.106432,-0.224171,-0.395762,-0.269018,-0.404983,-0.502856,1.02025,0.231713,0.340232,-0.0627751,0.483839,-0.156199,-0.574213,-0.161002,0.143418,-0.0873452,0.00947432,-0.189802,-0.181647,0.100303,-0.807343,0.0337861,0.398815,-0.165763,-0.331626,-0.0471099,-0.0652219,-0.0628602,0.010041,0.0363329,0.115245,-0.0372582,-0.00568671,0.0267805,0.016736,-0.0722475,-0.123374,0.125743,0.0437227,-0.000917651,1.01197,0.00641629,-0.187439,-0.00743644,0.357872,0.706066,0.724422,0.131549,-0.323884,0.288763,0.410733,0.174583,0.378841,0.0391804,-0.577303,-0.886248,0.31139,-0.902054,0.472884,-1.18723,0.252082,-0.013609,-0.0749942,-0.149395,-0.635534,0.822655,-0.1882,0.256973,0.476486,-0.0558038,-0.597833,-0.164891,-0.647667,1.36127,1.79864,0.244356,-0.152843,-0.458966,0.253054,1.10653,0.163697,-1.06594,-0.960245,0.613861,-0.485848,1.15065,-0.056791,0.350411,0.374015,1.61089,0.371723,0.269516,0.114785,0.0301649,-0.00135113,0.073103,0.0733521,-0.0173057,0.0106682,-0.120878,-0.1675,0.036265,-0.152718,0.074142,-0.0198402,0.193263,0.129494,0.0449457,0.0561751,0.0758451,-1.26984,-0.579023,0.162325,0.131849,18.9866,0.445154,0.59647,0.314381,0.633316,0.481392,0.610806,0.473932,0.588871,0.632464,0.477125,0.696789,0.660202,0.714769,0.416107,0.566377,0.468559,0.285881,0.507092,0.617428,0.45681,0.251063,0.5269,0.443529,0.401192,0.432358,0.398953,0.375457,0.737393,0.558354,0.585236,0.484124,0.620019,0.460565,0.358683,0.459358,0.53622,0.477917,0.502397,0.452129,0.454174,0.525354,0.3064,0.508547,0.599549,0.458161,0.41688,0.499651,0.500619,0.498764,0.500866,0.499882,0.500714,0.499835,0.50057,0.50086,0.499855,0.501319,0.501053,0.501456,0.499463,0.500423,0.4998,0.498549,0.500045,0.500759,0.499725,0.498268,0.500171,0.49964,0.499365,0.499568,0.49935,0.499193,0.501637,0.500372,0.500546,0.499899,0.500776,0.499749,0.499079,0.499742,0.50023,0.49986,0.500015,0.499696,0.499709,0.500161,0.498705,0.500054,0.50064,0.499734,0.499468,0.568663,0.379809,0.726792,0.334986,0.523344,0.362265,0.532694,0.389157,0.336011,0.528693,0.260364,0.302916,0.239986,0.604704,0.41699,0.539423,0.759284,0.491101,0.354203,0.554118,0.797616,0.466264,0.570688,0.62306,0.584581,0.625805,0.654425,0.214913,0.426967,0.393639,0.519918,0.351057,0.549425,0.67462,0.550934,0.454596,0.5277,0.496992,0.559965,0.557411,0.468201,0.735983,0.489276,0.376031,0.55243,0.603749,0.531467,0.444333,0.60972,0.422462,0.510651,0.435885,0.514925,0.448785,0.422974,0.513095,0.383178,0.406118,0.371535,0.548309,0.461869,0.518006,0.628039,0.495942,0.431958,0.524754,0.651437,0.484598,0.532405,0.55704,0.538863,0.558356,0.572281,0.356463,0.466508,0.450908,0.509086,0.430416,0.522595,0.582363,0.523289,0.479251,0.512641,0.498629,0.527447,0.52627,0.485485,0.614785,0.495109,0.442524,0.523977,0.547858,8.2669,9.04602,7.05566,8.75383,7.92159,8.57152,8.2701,8.459,9.2105,7.90038,9.55123,9.35854,9.13915,8.1204,8.73071,8.3736,7.41873,8.04922,8.60583,8.18476,7.20812,8.67372,8.28091,8.16763,7.67654,7.99105,7.8694,9.68855,8.83084,8.95635,8.32077,9.29985,8.33375,7.845,7.87677,8.7423,8.53963,8.57413,8.26005,8.33421,8.66603,7.55896,8.44205,8.89918,8.05231,8.12432,7,4,3,3,3,4,6,3,3,5,3,4,13,14,15,12,7,3,9,13,7,8,11,6,15,1,1,1,8,3,19,13,15,5,15,3,0,2,16,16,13,7,2,0,8,12,17,7,10,5,4,2,4,1,2,1,1,3,4,9,22,15,10,6,7,4,9,5,1,3,4,6,6,6,11,8,9,7,1,1,3,1,3,4,5,4,8,2,2,2,2,21,15,15,26,31,25,41,24,1,13,9,5,7,1,4,0,6,2,10,1,3,7,14,8,13,3,1,2,3,1,2,0,0,1,0,0,3,9,9,11,10,4,7,3,17,9,16,8,14,8,8,10,10,4,11,12,2,4,3,4,6,5,3,4,4,8,9,8,8,3,3,6,11,31,11,11,12,24,11,12,9,16,16,18,19,8,19,12,4,10,5,7,9,16,13,6,14,11,3
198.984,0.965431,0.0128217,8,511,0,-128.383,8.95069,0.566989,0.202163,0.326766,0.378674,-0.631094,0.0543234,0.342897,0.960261,-0.0362988,0.0378293,0.587006,0.0545763,0.769638,0.540636,1.18755,0.0789368,0.184703,-0.799195,-0.678083,0.556117,0.655036,0.128922,-0.938046,0.126265,-0.234978,-0.601422,-0.130337,-0.51646,-0.897172,0.525529,0.609419,0.481541,-0.0223856,0.243191,-0.136875,0.1619,-0.168652,-0.534063,-0.1447,0.0259445,-0.40203,-0.144305,0.394792,-0.880462,0.235122,0.621013,-0.0904566,-0.157101,0.146373,0.14092,-0.0796087,-0.264953,-0.18213,-0.111538,0.0371456,-0.0539133,-0.114893,0.0443125,0.152904,0.00416304,-0.0888595,-0.0374344,-0.0373557,0.894824,0.340759,-0.362863,-0.0928885,0.359926,0.484468,0.706395,0.305543,-1.36827,0.279605,0.254664,0.220032,0.391016,-0.243564,-0.789848,-0.371969,0.575275,-1.09518,0.387541,-1.38222,0.668546,-0.0307922,-0.154081,-0.32824,-0.95558,0.480665,-0.313897,0.0202621,0.35303,-0.0847497,-1.12616,-0.117644,-0.601883,0.948744,1.33608,-0.365326,0.277119,-1.12102,-0.123354,0.746058,-0.0121973,-0.700846,-0.707419,0.740198,-0.684684,0.65461,-0.441535,0.444522,0.218436,1.01593,0.605095,0.173123,-0.228048,0.366808,-0.22025,0.223239,-0.090001,0.119245,0.0532219,0.262904,0.153325,-0.115283,0.107956,0.0619405,0.0240808,-0.114562,-0.0488358,-0.166874,-0.123753,0.0886153,-0.943506,-0.559553,0.214629,0.124889,17.1555,0.572583,0.58391,0.362456,0.51215,0.576112,0.702507,0.49188,0.508462,0.628379,0.512207,0.665676,0.618639,0.743196,0.517651,0.541225,0.328464,0.352797,0.621901,0.642479,0.528809,0.301664,0.528216,0.447627,0.368614,0.470876,0.386478,0.309424,0.615444,0.63305,0.606087,0.494992,0.55419,0.469419,0.536155,0.462343,0.38275,0.467675,0.505804,0.411021,0.467763,0.58741,0.312629,0.552405,0.635457,0.479775,0.464913,0.527808,0.532214,0.446443,0.504628,0.529178,0.581082,0.496908,0.503223,0.549841,0.504649,0.565192,0.545927,0.599809,0.506724,0.51573,0.432334,0.44249,0.547234,0.555572,0.510981,0.420762,0.510755,0.479993,0.448944,0.488898,0.456116,0.42416,0.54465,0.551731,0.540931,0.498093,0.520706,0.488342,0.513789,0.485636,0.454628,0.487676,0.50221,0.465805,0.487709,0.533582,0.425551,0.520019,0.552707,0.492295,0.48662,0.423528,0.411618,0.644613,0.487189,0.419817,0.287817,0.508561,0.491078,0.364973,0.48713,0.326038,0.375172,0.245926,0.481389,0.456543,0.68006,0.654703,0.371754,0.350229,0.469628,0.707868,0.470252,0.5552,0.638173,0.530705,0.619466,0.69983,0.378519,0.360086,0.38833,0.50528,0.442887,0.532241,0.461886,0.539697,0.623374,0.534078,0.493881,0.593709,0.533986,0.40794,0.696508,0.444767,0.357569,0.521324,0.536989,0.454416,0.447225,0.587377,0.492401,0.452179,0.368812,0.505078,0.494708,0.418615,0.492366,0.39397,0.424943,0.33973,0.488959,0.474185,0.609971,0.593734,0.422828,0.40938,0.481973,0.62829,0.482344,0.532823,0.583347,0.518225,0.571748,0.622933,0.42701,0.415566,0.433043,0.503131,0.466033,0.519138,0.477368,0.523575,0.574158,0.520231,0.496371,0.556003,0.520176,0.444997,0.620734,0.467157,0.413991,0.512651,0.521962,8.6235,9.04858,7.05127,8.2104,8.24464,8.99279,8.08813,7.87019,8.94118,7.89078,9.48149,8.88476,9.26287,8.31933,8.35969,7.56564,7.39291,8.50498,8.62516,8.29119,7.07979,8.37749,8.29518,8.13193,7.66351,8.16666,7.70611,9.6874,8.96841,9.13181,8.10523,9.36717,8.37318,8.78279,7.93638,7.9294,8.64093,8.61573,8.30635,8.4065,8.70676,7.51034,8.42158,8.89293,8.06801,8.02925,2,5,3,3,2,6,5,6,7,1,4,5,8,13,7,5,12,15,3,6,7,3,5,3,8,7,3,1,2,5,18,17,15,14,12,9,2,1,9,4,7,3,2,1,22,22,20,3,5,2,7,5,2,0,2,3,1,4,1,7,12,7,15,5,2,6,7,8,3,3,4,5,5,8,6,6,5,10,1,7,2,7,4,5,4,4,8,2,4,1,6,16,18,13,19,25,19,23,26,4,4,5,9,11,1,0,2,7,6,2,8,5,6,4,6,19,6,5,8,5,4,0,1,0,2,2,0,2,11,10,5,9,3,13,12,13,16,6,7,15,17,12,6,9,13,12,11,4,1,5,7,5,7,2,2,3,14,7,11,3,10,9,14,31,10,14,19,5,2,15,7,11,13,10,11,8,16,3,9,8,11,16,23,8,9,8,7,4,8,6
192.328,0.997965,0.0128217,8,511,0,-137.918,8.65903,0.599111,0.179657,0.604385,0.462388,-0.501229,-0.460377,-0.18979,0.312254,0.0625727,0.173506,-0.618987,0.166054,0.955218,1.00389,-0.167737,-0.065232,-0.283513,0.560917,-0.53558,1.09173,1.08348,0.304012,-1.00742,0.567811,-0.203844,-0.522168,0.13915,0.0909127,-0.151721,1.59459,0.691914,0.621967,0.175207,1.02222,-0.0942122,-0.0795483,-0.292362,0.374595,0.286795,0.660568,0.911958,-0.180612,0.378483,-0.929194,0.333106,0.182143,0.43618,-0.563359,0.140951,-0.00249704,0.0167457,0.219801,-0.160573,0.00791624,0.00646949,-0.151673,0.0684429,0.00473325,0.045131,0.289311,0.272757,0.229763,0.200903,0.379456,-0.429399,-0.465659,0.0185497,0.360208,1.56474,0.574683,0.240052,-0.50686,0.698753,-0.150583,0.712862,0.0701965,0.207885,-0.403185,-1.16465,0.696871,-0.831813,0.692299,-0.257698,0.57532,-0.0634914,-0.918062,-0.0868197,-1.23345,0.437197,-0.866791,0.792229,0.201273,0.264971,-0.98859,-0.261719,-0.325438,0.68219,0.772268,-0.0434155,-0.361077,-0.185545,0.596397,0.679349,-0.091726,-1.23677,-0.774549,0.28411,-0.14444,1.14614,-0.0157479,0.0384284,0.49167,1.06799,0.763536,0.152521,-0.579889,-0.332827,0.279315,-0.260057,-0.0231358,-0.102696,-0.017741,-0.251764,-0.00878424,0.0377292,-0.0978004,0.0833288,-0.0117974,0.14183,-0.00725465,0.128172,-0.0191462,-0.0808877,-0.605675,-0.166174,0.249284,0.103181,21.0018,0.557084,0.543752,0.452594,0.456438,0.482004,0.529587,0.505936,0.516454,0.441549,0.515747,0.589637,0.594098,0.484093,0.493812,0.473131,0.553011,0.449367,0.60211,0.60136,0.528808,0.405579,0.553657,0.480672,0.450627,0.513197,0.508623,0.485611,0.646817,0.565263,0.55873,0.516615,0.595774,0.491064,0.492454,0.472294,0.535476,0.52718,0.562338,0.585659,0.482873,0.535843,0.412755,0.531558,0.517272,0.541284,0.44676,0.435481,0.450525,0.5536,0.549261,0.520363,0.46653,0.493283,0.481383,0.56606,0.482182,0.398871,0.393871,0.517999,0.507002,0.530398,0.440075,0.557242,0.384903,0.385742,0.467411,0.606491,0.439346,0.521869,0.555821,0.485067,0.490242,0.516281,0.33521,0.426265,0.433626,0.4812,0.391993,0.510112,0.508539,0.531344,0.459874,0.469252,0.42956,0.403334,0.519379,0.459459,0.598446,0.464302,0.480457,0.453313,0.560183,0.409493,0.43044,0.575318,0.569261,0.528706,0.452859,0.490526,0.473752,0.592644,0.474878,0.359266,0.352508,0.525377,0.509876,0.542824,0.415874,0.580393,0.340463,0.341586,0.454097,0.647979,0.41486,0.530827,0.578413,0.478943,0.486238,0.522957,0.275718,0.396738,0.406921,0.473495,0.349978,0.514262,0.512043,0.544154,0.443521,0.456683,0.401291,0.365319,0.527321,0.44294,0.637098,0.449732,0.472448,0.434336,0.584485,0.474913,0.4808,0.520811,0.519116,0.507884,0.487031,0.497401,0.492792,0.525692,0.493102,0.4604,0.458391,0.506968,0.50271,0.511776,0.476714,0.522235,0.45477,0.45511,0.487373,0.541754,0.476429,0.508468,0.521679,0.494219,0.496223,0.506303,0.43414,0.471287,0.474184,0.492722,0.457635,0.503914,0.503305,0.512143,0.484443,0.488088,0.472585,0.462186,0.507503,0.484282,0.538525,0.486165,0.492434,0.481888,0.523387,8.89684,8.99504,7.00841,6.69729,7.34528,7.8885,8.13294,7.73839,7.57356,7.73033,9.47333,9.32826,7.36914,8.17251,7.75847,9.04744,7.66372,8.73054,8.72165,8.39417,7.15412,8.85731,8.27423,8.18161,7.70121,8.09237,7.82982,9.75538,8.99143,9.11343,8.25482,9.30021,8.33873,8.40872,6.87902,8.90009,8.76291,9.20927,8.97996,8.29937,8.65259,7.49023,8.42564,8.26232,8.04513,7.63369,2,1,3,2,4,16,7,6,9,4,3,4,5,12,8,8,15,4,14,5,5,11,7,9,7,2,0,5,1,4,8,18,6,12,12,4,4,5,6,10,7,9,3,8,10,8,5,7,10,8,3,1,5,3,1,2,0,6,2,14,15,10,18,6,3,0,7,22,17,11,11,6,11,12,7,8,4,3,5,3,3,8,7,4,3,4,4,5,7,5,0,24,20,21,18,18,16,16,13,3,5,2,5,4,2,0,3,18,6,9,10,10,22,11,10,10,6,5,4,2,0,1,2,2,2,2,3,2,8,6,3,8,15,13,19,12,16,18,10,12,18,9,9,8,19,23,13,9,6,4,9,4,8,8,5,3,4,7,11,12,3,4,10,14,24,17,15,14,9,22,6,8,20,14,12,14,14,18,15,15,9,14,11,6,6,10,7,1,3,1
182.765,0.993628,0.0128217,8,255,0,-117.8,8.35217,0.6394,0.218547,0.180218,0.491246,-0.998242,-0.312346,-0.938579,0.301296,0.140108,-0.313975,0.263293,-0.141542,0.814405,0.592937,0.352407,0.0561161,-0.582795,1.03222,-0.275273,0.11632,0.772246,0.241681,-1.14087,0.105971,-0.261796,-0.364719,-0.2892,-0.361763,-0.60738,1.2425,0.6221,0.349792,0.131684,0.809462,-0.40362,0.801171,-1.49368,-0.319609,0.353308,0.877803,0.358048,-0.236803,0.389535,-1.04707,0.416017,0.0438789,0.246218,0.508268,-0.128152,-0.0480761,-0.12492,-0.309165,0.0128426,-0.00227364,-0.107235,0.175911,-0.272126,0.122477,0.125168,-0.192511,-0.15803,-0.288515,0.244809,0.210867,0.170376,-0.174445,0.0255947,0.356064,-1.37627,0.712169,0.15921,-1.03879,0.189246,-0.362016,0.218801,0.184867,-0.352127,-0.953839,-0.796115,0.615922,-1.18939,0.63124,-0.555764,0.583781,-0.226399,-0.0677645,-0.603399,-1.40337,0.433978,-0.326005,-0.0436924,-0.0896547,-0.334205,-0.565495,-0.534177,-0.898439,1.21983,1.3517,0.430962,0.467974,-0.802337,-0.148469,0.905014,-0.792197,-0.748104,-0.644045,0.491628,-0.446552,0.581056,0.116678,0.214712,0.0717688,0.805018,0.365099,0.607186,0.0858516,0.167315,-0.570278,-0.0348117,-0.0952653,0.104708,0.08136,0.527195,-0.0272953,-0.0346992,-0.0113057,-0.0271478,-0.0542641,0.0336054,-0.135119,-0.40348,0.0135269,0.163574,-0.00304556,-0.352251,0.358994,0.216964,16.5092,0.509499,0.525874,0.447569,0.48354,0.450682,0.515878,0.507386,0.483454,0.513876,0.492539,0.542828,0.531217,0.518569,0.502958,0.469316,0.554201,0.485493,0.506132,0.540621,0.512738,0.440145,0.505586,0.486202,0.480783,0.484759,0.480938,0.468025,0.565129,0.532748,0.518432,0.506942,0.542569,0.478735,0.542135,0.421902,0.483158,0.518617,0.546143,0.518866,0.487519,0.520523,0.445025,0.521917,0.502313,0.512977,0.526769,0.507676,0.520912,0.457583,0.486699,0.460107,0.512831,0.505967,0.48663,0.511213,0.493971,0.534633,0.525234,0.515006,0.50239,0.475197,0.543853,0.488277,0.504954,0.532846,0.510293,0.451558,0.504514,0.488851,0.48447,0.487684,0.484596,0.474152,0.552726,0.526473,0.514895,0.505609,0.534424,0.482815,0.534072,0.436719,0.48639,0.515044,0.53732,0.515246,0.489915,0.516586,0.455519,0.517712,0.501869,0.510486,0.521636,0.499863,0.499626,0.50076,0.500238,0.500715,0.499771,0.499893,0.500239,0.4998,0.500108,0.49938,0.499549,0.499732,0.499957,0.500444,0.499214,0.50021,0.499911,0.499412,0.499816,0.500869,0.499919,0.500199,0.500278,0.50022,0.500275,0.500462,0.499054,0.499526,0.499734,0.4999,0.499384,0.500307,0.49939,0.501137,0.500243,0.499731,0.499332,0.499727,0.50018,0.499703,0.500797,0.499683,0.499967,0.499813,0.499613,0.484135,0.456847,0.587013,0.527478,0.581909,0.473492,0.487664,0.527621,0.47683,0.512462,0.428769,0.447973,0.469006,0.495058,0.551143,0.410089,0.524222,0.489758,0.43241,0.47873,0.599138,0.490669,0.523038,0.532074,0.525446,0.531815,0.553284,0.392296,0.445434,0.469235,0.488406,0.429196,0.535484,0.429911,0.628585,0.528116,0.468927,0.423308,0.468511,0.520841,0.46575,0.591177,0.46343,0.496136,0.478331,0.45536,8.4482,9.03898,6.93749,7.71617,6.99824,8.26084,8.17749,7.63427,8.5328,7.80987,9.58777,8.86849,8.31289,8.32182,7.44132,9.80956,7.98434,8.07247,8.74042,8.28093,7.10292,8.37259,8.27211,8.20303,7.6595,8.10927,7.85915,9.72208,8.89819,9.11466,8.16891,9.29327,8.34741,9.35458,6.51332,8.21324,8.61328,9.43261,8.8423,8.29757,8.66136,7.47247,8.45846,8.07949,8.08166,8.78227,3,5,5,3,2,15,5,7,5,4,5,5,11,9,7,7,11,10,6,3,9,8,1,5,6,5,5,3,2,1,17,20,20,18,17,4,5,3,13,19,18,5,2,4,9,10,12,11,2,6,1,6,6,3,1,1,4,2,2,13,17,5,8,7,5,6,8,9,11,3,3,9,6,7,4,3,8,10,3,4,5,7,6,3,7,11,5,1,5,2,4,40,33,38,29,26,34,51,44,7,13,19,18,14,4,2,1,7,3,7,9,4,5,8,16,15,3,0,0,5,5,3,4,2,2,0,2,0,8,15,23,15,16,13,13,7,18,6,10,9,14,11,10,6,9,19,11,13,7,4,8,6,6,7,8,6,13,10,18,2,2,10,4,18,12,3,23,21,5,15,7,9,13,9,18,11,19,13,19,9,10,6,16,4,4,12,15,8,16,10
185.236,0.987187,0.0128217,9,511,0,-104.268,9.93772,0.593798,0.22946,-0.400476,0.876272,-0.566086,0.428286,0.95923,0.319007,-0.0324985,0.15066,-0.00306698,0.184994,0.686764,0.300307,-0.151477,-0.0463148,0.503424,-1.06779,-0.0269375,0.100011,0.866549,0.0997469,-1.06496,0.204538,0.126414,-0.541051,0.0413336,-0.494754,-0.693356,0.346635,0.602166,0.283929,0.11386,-0.466293,-0.33314,-0.631502,0.938352,0.368353,-0.352395,-0.600631,-0.293462,0.298653,0.284914,-0.533441,0.266736,0.00523342,-0.491848,-0.687135,0.303579,-0.00436443,-0.0360754,-0.113845,-0.12701,0.0575906,-0.049612,-0.112397,0.117993,-0.369107,0.0801411,0.196087,0.35196,0.294441,0.371709,0.570079,0.291076,-0.456605,-0.233835,0.365885,1.98677,0.645657,0.544057,-0.226866,0.266311,0.160868,0.632657,-0.0439126,0.199692,-1.7565,-1.06123,1.21205,-0.965704,0.599613,-0.638042,0.824729,0.149671,-1.13786,-0.10769,-0.812895,0.62966,-1.17152,0.482761,0.603771,0.50527,-1.20204,-0.396464,-0.65518,0.561826,0.474159,-0.40364,-0.100893,-0.354043,-0.0751691,0.513476,0.0111248,-0.938309,-0.676091,0.504823,-0.173254,0.986068,-0.566203,-0.0595917,0.738945,0.725287,0.637755,-0.0905719,-0.576069,-0.317228,0.682446,-0.339482,-0.165553,0.0839299,0.0427843,-0.562283,0.372187,-0.109963,-0.0559698,0.524886,-0.0399787,0.235451,-0.343872,0.260488,-0.0119481,-0.0601898,-1.00217,-0.480845,0.138886,0.0839208,22.2468,0.443171,0.622352,0.420014,0.560738,0.633402,0.54534,0.495368,0.521459,0.499563,0.526341,0.596646,0.542695,0.478425,0.4934,0.571259,0.35235,0.496161,0.51425,0.621049,0.514212,0.352718,0.529118,0.518009,0.423495,0.505891,0.429951,0.40245,0.549242,0.584988,0.540377,0.516222,0.433933,0.452663,0.410958,0.630633,0.552306,0.449945,0.415225,0.458273,0.542461,0.540517,0.424555,0.537942,0.500746,0.430358,0.403303,0.470891,0.563422,0.458899,0.531126,0.569352,0.523197,0.497635,0.510962,0.499777,0.513459,0.549809,0.521839,0.488979,0.49663,0.536568,0.422917,0.49804,0.507277,0.562726,0.507258,0.423118,0.51488,0.509198,0.460709,0.503008,0.464059,0.449716,0.525203,0.543707,0.52065,0.508285,0.46612,0.475777,0.454175,0.567862,0.526779,0.474379,0.456404,0.478658,0.521719,0.520721,0.46126,0.5194,0.500381,0.46427,0.450164,0.59901,0.293557,0.638143,0.394314,0.276616,0.420749,0.508142,0.462325,0.500768,0.453784,0.334422,0.425323,0.537879,0.511602,0.37648,0.744617,0.506749,0.474964,0.295582,0.47503,0.744077,0.448933,0.46837,0.63233,0.489646,0.621478,0.667047,0.414016,0.35355,0.42934,0.471504,0.614745,0.582699,0.65314,0.280822,0.408746,0.587383,0.646098,0.572999,0.425729,0.429098,0.630555,0.433566,0.498689,0.620793,0.665661,0.547993,0.396193,0.567633,0.448696,0.386691,0.461727,0.503907,0.481897,0.500369,0.477776,0.418185,0.463962,0.518201,0.505567,0.439777,0.625613,0.503238,0.48798,0.397313,0.488012,0.625294,0.475432,0.484808,0.564676,0.495031,0.559196,0.582586,0.458427,0.428114,0.465921,0.486316,0.55582,0.539962,0.575336,0.389075,0.455835,0.542261,0.571705,0.535219,0.46416,0.465804,0.563776,0.467979,0.499371,0.558852,0.581858,7.89044,9.0079,6.99991,8.37904,8.67903,7.97517,8.13935,7.78964,8.32841,7.82749,9.50737,8.66279,7.45657,8.28073,8.72987,7.57661,8.30209,7.73381,8.57737,8.28514,7.16048,8.55726,8.18278,8.19792,7.66913,8.09235,7.8739,9.78606,8.99512,9.06397,8.3007,9.21726,8.38383,7.34782,8.93964,8.44938,8.81959,7.38177,8.31404,8.3726,8.64583,7.45569,8.46919,8.18095,8.04254,7.57502,4,7,2,4,5,4,26,17,3,4,4,3,7,8,6,2,3,8,8,7,3,6,11,16,10,0,0,2,3,1,9,9,16,13,15,5,4,4,11,10,12,0,3,1,7,15,15,6,2,2,1,2,2,1,6,1,3,0,1,13,17,11,5,0,2,3,7,8,9,8,4,17,5,2,12,9,7,4,3,3,0,1,1,0,1,5,1,1,3,5,3,10,12,21,14,27,9,16,17,2,2,0,5,4,4,1,2,4,5,3,3,3,7,8,3,6,2,4,0,1,2,2,3,3,6,7,3,5,9,7,13,16,23,30,21,21,16,17,10,34,18,19,26,9,15,11,15,15,8,15,13,7,13,2,2,1,4,5,6,12,15,13,11,3,5,9,15,4,9,9,6,12,7,11,16,8,5,12,12,6,8,10,7,6,3,8,0,4,6,3
160.031,0.992854,0.0128217,9,511,0,-102.046,9.62117,0.731618,0.181893,-0.763827,0.746236,-1.15952,0.506828,-0.684417,0.562446,-0.291471,-1.09018,-0.106004,-0.223826,1.04915,1.05513,-0.148068,-0.329833,-1.2665,0.237203,-0.262303,0.199554,0.41924,-0.0464169,-1.24859,0.252411,-0.0732391,-0.383453,-0.38238,-0.995608,-1.13901,0.312115,0.479158,0.555422,-0.0946214,-0.0860327,-0.0828379,-0.74876,-0.222544,-0.21813,-0.510954,0.0777147,-0.61463,0.0682183,0.133486,-0.75517,0.0226457,-0.27133,-0.306712,1.40243,-0.349814,-0.0302073,-0.0878826,-0.167709,-0.0438504,-0.0426923,0.155889,-0.0779571,0.434372,-0.000211059,0.121609,-0.0661048,0.232554,-0.281058,0.00844212,0.268737,-0.0994145,-0.149083,-0.171396,0.354267,-1.80849,0.675363,0.687321,-0.581092,0.529736,0.50974,0.375234,0.919631,0.328666,-0.265946,0.00126871,0.954599,-0.823389,0.738123,-0.147366,0.91972,0.257772,-0.157151,0.0326688,-1.14779,0.875997,0.32139,-0.091494,0.537147,0.242814,-0.474546,0.177589,0.25525,1.18105,1.19616,0.19661,0.530462,-0.694859,0.207132,-0.113941,-0.262346,-0.218676,-0.520058,0.591368,0.419225,0.845556,0.294327,0.38043,0.331289,1.08801,0.329773,0.669808,-0.28464,-0.0893427,-0.89464,-0.404908,0.238751,0.216678,0.000232524,0.139826,0.623406,0.157337,-0.935643,0.0419767,-0.48296,-0.33319,-0.0503525,-0.466293,0.143132,0.272791,0.299525,-0.0914536,0.327761,0.039112,16.5109,0.448862,0.549968,0.422723,0.533998,0.454147,0.537716,0.480428,0.427277,0.492879,0.484967,0.570023,0.570417,0.490053,0.477855,0.415723,0.515931,0.482385,0.513404,0.528137,0.496882,0.416893,0.516951,0.49508,0.474261,0.474333,0.433507,0.424068,0.520957,0.532147,0.537246,0.493643,0.49422,0.494435,0.449864,0.485053,0.485349,0.465726,0.505221,0.4588,0.504583,0.508967,0.449438,0.501521,0.481779,0.479405,0.593121,0.518975,0.481462,0.528786,0.487406,0.517004,0.486025,0.507244,0.527068,0.502635,0.505563,0.473948,0.4738,0.50368,0.508197,0.531436,0.494105,0.506519,0.495041,0.489582,0.501154,0.530992,0.493727,0.50182,0.509529,0.509502,0.524724,0.528278,0.492243,0.488093,0.486199,0.502352,0.502138,0.502059,0.518601,0.505531,0.505421,0.512696,0.498069,0.515271,0.498305,0.496682,0.51876,0.499437,0.506743,0.507622,0.465201,0.443052,0.555648,0.414036,0.537879,0.448929,0.542017,0.478188,0.419084,0.492063,0.483246,0.577922,0.578358,0.488914,0.475322,0.406284,0.517755,0.480369,0.514938,0.531352,0.496524,0.407579,0.518892,0.494516,0.471318,0.471398,0.425995,0.415527,0.523355,0.535818,0.541495,0.492915,0.493558,0.493797,0.444166,0.483342,0.483672,0.461814,0.505819,0.454105,0.505108,0.509994,0.443692,0.501696,0.479694,0.477049,0.603498,0.517457,0.482945,0.526486,0.488414,0.515643,0.487143,0.506664,0.524905,0.502424,0.505117,0.476031,0.475895,0.503385,0.507541,0.528924,0.494577,0.505997,0.495438,0.490416,0.501061,0.528516,0.494229,0.501674,0.508766,0.508742,0.522747,0.526018,0.492864,0.489047,0.487304,0.502163,0.501967,0.501894,0.517113,0.505088,0.504987,0.51168,0.498223,0.514049,0.49844,0.496948,0.517259,0.499482,0.506203,0.507012,0.46798,7.72375,9.07615,6.89493,8.99521,7.37965,8.65205,8.06925,6.96567,8.39503,7.84966,9.5311,9.57986,7.92698,8.16661,7.07442,8.70261,8.23552,8.28173,8.50592,8.31933,7.2292,8.7608,8.2399,8.10891,7.68786,7.97,7.8237,9.64954,8.99219,9.02735,8.27013,9.31807,8.376,7.55056,8.25088,8.09204,8.81172,8.39395,8.35871,8.38426,8.63944,7.54402,8.38981,8.0898,8.1267,9.93412,0,2,0,2,5,24,23,21,22,1,6,8,5,3,1,1,5,4,4,4,10,1,8,4,5,2,10,3,3,4,15,11,17,20,13,1,2,0,9,23,16,8,6,6,6,8,17,25,6,6,5,2,5,8,7,2,1,1,1,6,9,5,10,2,6,6,8,4,11,4,5,4,11,9,3,8,13,4,6,3,3,14,5,10,8,4,14,1,1,4,1,21,25,18,11,20,20,25,16,4,2,11,16,12,3,4,5,11,10,14,8,10,6,11,2,2,6,9,7,0,1,1,1,12,3,3,6,8,3,4,1,20,18,16,16,20,16,25,25,15,27,15,15,22,14,15,14,13,6,18,14,18,8,12,14,11,19,4,10,13,8,6,14,37,11,21,12,26,13,17,25,17,16,14,9,16,13,19,27,18,11,19,11,8,6,12,1,6,3,3
170.989,0.90832,0.0128217,9,511,0,-97.4876,10.0828,0.571507,0.273294,-0.880645,0.637239,-1.11554,-0.508601,0.390921,0.179899,-0.208194,0.0403351,-0.0905578,-0.298139,0.766224,0.0571033,0.250091,-0.205207,0.409218,-0.667088,-0.459308,0.416214,0.410095,-0.0834866,-1.42616,0.0187437,-0.0232118,-0.644805,-0.521206,-0.807413,-0.838818,0.117352,0.332778,0.442372,-0.0292058,-0.657883,-0.249049,0.777112,-0.9285,0.0885448,-0.397635,-0.186079,-0.0946162,0.124329,0.0635608,-0.836433,0.0672936,0.182971,-0.997105,-0.693619,0.381407,-0.132821,-0.211656,-0.275276,-0.034071,0.0192279,-0.0675863,0.0130131,-0.0811204,-0.431521,0.13137,0.285442,0.205229,0.536017,-0.0691314,0.309399,0.261622,-0.393047,-0.195775,0.363411,2.23962,0.558976,0.308009,0.144276,0.656639,0.14558,0.369476,0.276294,0.209287,-1.32153,-0.83825,0.964681,-0.229549,0.575398,-0.291795,1.146,0.342664,-0.609676,-0.10652,-0.215432,0.41084,-0.880073,0.497025,0.787561,0.0902707,-0.541161,0.0277765,-0.451673,0.443822,0.800229,-0.336763,0.0481475,-0.170118,-0.00549713,-0.691916,-0.021442,-0.932514,-1.18589,0.56917,-0.335789,1.17873,-0.486091,0.290287,0.897359,1.42876,0.501042,-0.284313,-0.544018,0.016451,-0.621127,0.247094,-0.527265,0.0772492,0.925366,-0.429028,0.251384,0.729977,0.296617,0.327963,-0.0975991,0.129238,-0.212668,0.161835,-0.062065,-0.0198504,-0.962398,-0.84222,0.132406,0.011568,20.5988,0.432301,0.549131,0.41456,0.460741,0.530201,0.513912,0.483902,0.50312,0.492996,0.476955,0.558991,0.504417,0.519335,0.484133,0.531611,0.448583,0.464532,0.53215,0.531678,0.493543,0.391442,0.50145,0.498205,0.450289,0.459772,0.43787,0.435479,0.509076,0.525718,0.534164,0.497741,0.449288,0.480746,0.559821,0.428671,0.506848,0.469282,0.485611,0.492682,0.509616,0.504916,0.435661,0.505205,0.514149,0.42348,0.446554,0.442654,0.541583,0.427551,0.466784,0.525546,0.511764,0.486386,0.502638,0.494077,0.48051,0.549948,0.503735,0.516352,0.486582,0.52674,0.456479,0.469995,0.527196,0.526797,0.49454,0.407788,0.501226,0.498482,0.457926,0.465963,0.447386,0.445356,0.507675,0.521752,0.528901,0.49809,0.457077,0.483717,0.550653,0.439568,0.505791,0.474016,0.487832,0.493812,0.508131,0.504157,0.44551,0.504401,0.511965,0.435151,0.454758,0.700049,0.351312,0.745279,0.619983,0.407038,0.456824,0.549924,0.490297,0.521774,0.571244,0.32357,0.486264,0.440117,0.549213,0.402795,0.655206,0.608744,0.401177,0.402592,0.520076,0.79779,0.49549,0.505585,0.650346,0.622837,0.685045,0.691529,0.471795,0.420611,0.395144,0.507026,0.653202,0.559636,0.321281,0.70963,0.478709,0.59452,0.544651,0.522749,0.470122,0.484712,0.691039,0.483815,0.456091,0.723044,0.660952,0.677367,0.368957,0.719004,0.605481,0.418425,0.462194,0.543724,0.491508,0.519058,0.562447,0.344043,0.487979,0.447536,0.5431,0.41468,0.636877,0.595521,0.41325,0.414501,0.517571,0.768728,0.496054,0.504887,0.632526,0.608014,0.663743,0.669621,0.475311,0.430387,0.407919,0.506149,0.635082,0.552247,0.341976,0.686111,0.481365,0.58295,0.5391,0.519911,0.473846,0.48662,0.669176,0.485835,0.461551,0.698419,0.642029,7.63896,9.05214,6.99625,7.61413,8.56413,8.34446,8.11503,8.19917,8.46128,7.84681,9.41965,8.615,8.41753,8.34193,8.75776,7.92772,8.07743,8.59045,8.58408,8.24486,7.07168,8.57507,8.36465,8.19708,7.61462,7.94022,7.90754,9.73184,8.90198,9.08261,8.30136,9.21546,8.36284,9.19769,7.17719,8.481,8.7955,8.1951,8.68212,8.51825,8.62173,7.51822,8.40182,8.52225,8.09542,7.83357,4,1,2,4,4,11,10,25,13,8,8,1,6,7,4,9,7,12,7,5,5,5,7,7,8,2,2,0,1,1,15,16,14,12,9,1,3,6,13,10,13,5,2,3,17,12,15,6,8,3,0,5,5,2,4,1,5,3,4,11,6,8,13,0,2,1,11,11,5,8,10,7,10,4,5,8,6,5,4,4,8,3,2,2,2,5,3,2,4,2,0,3,8,9,8,13,9,8,8,0,0,9,11,7,5,5,4,5,2,6,6,3,14,4,2,1,4,4,1,3,1,1,1,1,0,1,2,1,17,14,12,11,14,18,29,5,21,17,22,26,21,9,17,16,14,24,21,5,5,5,4,4,5,2,2,1,2,8,4,12,13,11,14,16,18,19,18,25,20,10,4,5,21,9,13,14,20,16,16,12,9,15,10,3,4,4,4,2,7,1
169.183,0.878238,0.0128217,9,511,0,-100.892,8.37839,0.471285,0.284637,0.385026,0.84607,-0.507953,0.458363,0.145231,-0.00776236,0.25082,-0.371615,0.474574,0.182286,0.648618,0.353158,0.266882,-0.0951004,-0.78352,0.110595,0.282251,-0.460256,1.00903,0.38729,-0.95024,0.296426,0.211254,-0.110354,0.12118,0.0166099,-0.133086,0.824599,0.786854,0.315554,0.152382,0.53651,-0.370022,-0.225419,0.640278,-0.0677992,0.148333,0.743863,0.378023,0.390904,0.504988,-0.523322,0.461567,-0.377393,0.384063,0.515939,-0.468599,0.543324,-0.417006,-0.184713,0.240208,-0.0359246,-0.284557,-0.202426,0.163154,-0.351889,0.537786,-0.270018,-0.0858338,-0.234262,0.39961,0.436539,0.294353,-0.265262,-0.0156995,0.362052,-0.958487,0.620364,0.555377,-0.834933,0.33845,0.00733464,0.980315,0.472283,0.385011,-1.57817,-0.347124,0.704938,-1.01339,0.518498,-0.654456,1.14794,0.204786,-0.397709,-1.12953,-1.27198,0.826754,-0.550458,0.52199,0.213095,0.360483,-0.943591,-1.16295,-0.821781,0.568161,0.881474,0.00352747,0.24371,-0.195525,0.0700884,1.10691,-0.120853,-0.839042,-0.741419,-0.02759,0.0538624,0.487278,-0.422314,-0.09452,0.582382,0.636309,0.655252,0.167497,-0.0251776,-0.264802,0.654878,-0.833351,0.020759,-0.126569,-0.874371,0.446352,0.385286,-0.806364,-0.312383,0.394869,-0.169466,-0.180973,-0.211014,-0.314119,-0.170139,0.207671,-0.20749,-0.162162,0.204548,0.121237,19.6695,0.541921,0.5913,0.444791,0.549857,0.515844,0.499153,0.527346,0.459533,0.551608,0.519883,0.570318,0.538466,0.529093,0.489623,0.415315,0.512067,0.530764,0.449938,0.608374,0.542166,0.397758,0.532305,0.523039,0.487959,0.513222,0.501813,0.48548,0.589033,0.585039,0.534384,0.516624,0.558286,0.459705,0.475419,0.569425,0.492601,0.516183,0.580475,0.541162,0.542558,0.55489,0.443134,0.550203,0.458906,0.541817,0.55607,0.528303,0.561941,0.46269,0.533679,0.510686,0.499429,0.518449,0.472681,0.534866,0.513411,0.547586,0.525965,0.519629,0.493002,0.442596,0.508138,0.520758,0.466182,0.573712,0.528469,0.430526,0.5218,0.515541,0.49188,0.508917,0.501222,0.490208,0.560385,0.557646,0.523204,0.511212,0.539399,0.472798,0.483418,0.546978,0.495011,0.510914,0.554522,0.527789,0.528734,0.537093,0.461566,0.533914,0.472257,0.528233,0.537894,0.480038,0.456225,0.526324,0.476241,0.492467,0.500403,0.486992,0.519267,0.475403,0.490546,0.466405,0.481689,0.48616,0.504933,0.540554,0.494263,0.485363,0.523856,0.447849,0.479921,0.549132,0.484628,0.489043,0.505724,0.493714,0.499138,0.506903,0.45733,0.459274,0.483637,0.492096,0.472199,0.519185,0.511691,0.466836,0.503517,0.492306,0.46149,0.480401,0.479734,0.473829,0.527119,0.476076,0.519566,0.480088,0.473262,0.484396,0.465754,0.520581,0.481426,0.494113,0.500315,0.489833,0.515061,0.48077,0.492611,0.473729,0.485687,0.489182,0.503855,0.531722,0.495517,0.488559,0.51865,0.459184,0.484304,0.538447,0.487985,0.491436,0.504474,0.495087,0.499327,0.505395,0.46662,0.468144,0.48721,0.493823,0.478263,0.514996,0.509138,0.474066,0.502749,0.493987,0.46988,0.48468,0.484158,0.479539,0.521203,0.481297,0.515295,0.484435,0.479096,8.51047,9.05818,6.9826,8.84978,7.68092,7.51733,8.24196,7.12831,8.60618,7.72055,9.44516,8.4764,7.81099,7.99712,7.13638,8.8701,8.4006,7.03357,8.60367,8.38785,7.08349,8.41576,8.37991,8.09324,7.65521,7.96637,7.80631,9.75256,8.93975,9.08923,8.13671,9.37436,8.35622,7.91299,9.04415,8.08153,8.81555,8.94907,8.35279,8.57196,8.63868,7.59456,8.46723,7.57027,8.10031,8.65038,2,4,7,5,2,20,16,9,18,4,2,5,10,13,6,9,6,13,5,7,4,7,4,8,7,1,1,1,3,1,10,24,11,9,20,0,1,1,4,6,9,6,1,3,19,19,20,12,6,9,0,2,1,3,1,2,4,2,1,8,8,8,12,1,1,5,10,10,7,13,8,8,4,6,8,6,6,11,1,2,1,3,1,1,2,2,4,1,2,2,3,23,18,8,26,23,19,28,22,7,4,8,6,8,1,10,9,7,2,9,11,2,4,1,18,17,12,7,8,1,0,2,3,5,3,3,3,4,8,6,4,20,5,9,17,11,13,17,13,8,14,14,12,5,15,9,16,8,14,20,7,23,23,10,4,3,5,9,9,16,23,19,17,7,4,10,9,13,12,5,6,9,10,3,6,9,3,12,11,11,18,14,8,5,5,5,6,6,4,5
170.85,0.79046,0.0128217,9,511,0,-97.6833,10.0336,0.49603,0.258038,-0.148093,0.337708,-1.0205,-0.042775,-0.264822,0.0318129,-0.384672,0.376945,-0.34296,-0.364076,0.720891,0.329409,-0.474843,0.246251,-0.536572,0.00430537,-0.3169,0.256924,0.426345,-0.366188,-0.918556,0.389362,-0.268285,-0.315544,-0.358223,-0.310626,-0.573743,0.35594,0.763403,0.298076,-0.529829,-0.298764,-0.24463,-0.425095,-1.27618,0.905754,-0.109941,0.012095,-0.590055,-0.505561,0.470735,-1.03392,-0.263148,-0.364485,-0.547449,0.435856,0.542301,-0.420411,-0.105294,0.32002,0.0976563,0.0365106,0.561419,0.188691,-0.235812,-0.492812,0.077696,0.425724,0.0775163,0.290999,0.325727,0.330383,-0.468505,-0.314132,-0.199701,0.360207,1.2163,0.707937,0.222814,-0.404324,0.363046,0.99013,0.433941,1.02787,0.770322,-1.24684,-0.757337,1.03578,-0.280309,0.0987339,-0.0489755,1.60632,0.357635,-1.10307,-0.706935,-0.53599,1.43678,-0.29586,0.557325,0.692373,0.134147,-0.556094,-0.65679,-0.119316,0.0394349,0.703675,-0.479637,-0.39909,-0.985218,0.17325,-0.868896,0.0858353,-0.594069,-0.221733,0.372905,-0.0720136,1.17541,-0.515664,0.563006,0.225682,1.42418,0.681488,-0.00699975,-0.111666,-0.626248,-0.167397,0.0864157,-0.216223,0.067034,0.470097,-0.113435,-0.211142,0.337633,-0.00843364,0.272091,0.167324,-0.0695209,-0.121492,0.0958219,-0.041483,0.161293,-0.69139,-0.852737,-0.135248,0.00451476,20.284,0.487771,0.527864,0.416501,0.496467,0.478141,0.502628,0.46827,0.531094,0.471703,0.469965,0.559263,0.527181,0.46086,0.520328,0.455797,0.500356,0.473849,0.521208,0.535156,0.469791,0.424708,0.532115,0.477855,0.473961,0.470447,0.474366,0.452753,0.529365,0.562722,0.5246,0.45635,0.475343,0.479806,0.464947,0.396127,0.574258,0.49092,0.500999,0.451418,0.45834,0.538803,0.415424,0.478279,0.469931,0.454906,0.535938,0.517339,0.460528,0.617301,0.50501,0.530978,0.496274,0.544934,0.455964,0.540083,0.54254,0.416358,0.461494,0.555388,0.471189,0.562518,0.499496,0.537049,0.469944,0.450229,0.542785,0.605957,0.454522,0.531382,0.536891,0.541859,0.536318,0.566799,0.458406,0.411526,0.465144,0.56174,0.534936,0.528621,0.549626,0.645175,0.395476,0.512874,0.498583,0.568674,0.558939,0.445087,0.618785,0.530783,0.542587,0.563771,0.449126,0.525575,0.441892,0.66942,0.507393,0.545646,0.494501,0.5661,0.435212,0.559004,0.5626,0.377913,0.443307,0.581346,0.457539,0.591696,0.499256,0.554557,0.455708,0.426836,0.562959,0.653641,0.433103,0.54624,0.554326,0.561603,0.553485,0.59789,0.438785,0.371028,0.44866,0.590569,0.551458,0.542183,0.572952,0.707307,0.348366,0.518994,0.497909,0.600598,0.586506,0.419345,0.67147,0.545359,0.562669,0.593511,0.425228,0.531529,0.428499,0.704791,0.509118,0.556217,0.493218,0.581278,0.420326,0.572597,0.576998,0.350981,0.430233,0.599868,0.447695,0.612434,0.499082,0.56715,0.445446,0.410098,0.577437,0.686388,0.417748,0.556946,0.566866,0.575779,0.565836,0.61993,0.424696,0.342768,0.436795,0.611068,0.563349,0.551963,0.589644,0.748051,0.315967,0.52342,0.497422,0.623202,0.606139,0.400973,0.707166,0.555865,0.577083,0.614633,0.408138,7.97093,8.99756,7.01836,7.64608,7.83484,8.15583,8.23671,8.52925,7.7601,7.72747,9.45472,8.48761,7.60767,8.39765,8.07245,8.67972,7.78829,8.39941,8.58268,8.2567,7.13811,8.55246,8.34185,8.20818,7.7338,8.08648,7.80194,9.64539,8.95676,8.9976,8.07974,9.35138,8.41035,8.17223,6.31386,9.61141,8.57117,8.64524,7.78431,8.08522,8.64047,7.51464,8.36817,8.25854,8.10837,8.60275,1,3,3,4,0,9,7,6,7,6,10,10,11,9,8,15,8,11,6,9,12,11,14,19,9,0,2,2,3,2,6,5,7,11,6,2,3,4,7,7,15,4,3,3,18,14,13,6,6,8,0,1,4,2,4,6,1,0,2,16,19,37,16,5,6,2,7,6,6,6,8,7,3,5,2,3,5,5,2,2,2,1,1,0,5,0,3,3,1,5,3,3,5,3,7,2,13,14,13,4,3,1,5,3,2,3,1,4,3,4,2,5,2,8,3,0,5,5,3,3,2,7,2,2,0,2,3,3,16,5,18,17,12,23,7,14,15,12,10,16,20,10,12,9,11,12,14,2,3,10,7,4,8,2,3,4,2,3,2,11,10,5,6,17,4,11,11,16,15,6,13,10,12,8,15,20,17,10,10,9,5,6,8,6,3,3,1,2,3,2
180.751,0.992806,0.0128217,9,511,0,-112.072,9.21809,0.575971,0.37588,-0.0672928,0.708113,-0.583164,0.300389,0.762575,0.123038,-0.101016,-0.801296,0.728369,0.191175,0.738131,0.197557,1.12742,-0.415482,0.300049,-0.44278,0.421429,0.275964,0.973502,-0.111287,-1.47043,-0.0582172,0.030649,-0.876702,0.0279222,-0.757057,-1.0031,0.921258,0.358347,0.387914,-0.0191935,0.0115577,-0.330282,-0.0900068,0.922009,-0.578449,-0.383695,0.612122,0.313535,-0.0560586,0.0176879,-0.800635,0.0912941,0.0718422,0.0220201,-0.174562,0.164156,-0.232321,-0.107018,-0.079039,0.363143,0.143692,-0.692882,0.276275,0.0908746,0.297157,0.222895,-0.197736,0.081065,0.185087,-0.0449693,0.0577884,-0.203069,-0.428787,0.0154592,0.358449,-1.21743,0.774931,0.177369,-0.79818,-0.0635307,0.516884,1.16833,0.604898,0.766615,-0.811007,-0.0298754,0.549151,-0.438646,0.719092,-1.13747,1.16529,0.498192,-0.51196,-0.518628,-1.30762,0.932999,-0.130995,0.618467,0.419215,-0.0960291,-1.08953,-1.35732,-0.264498,0.938407,1.43013,0.390512,0.0387261,-1.21073,0.143157,0.309839,-0.256338,-1.20012,-1.09651,0.357667,-0.494156,0.58869,-0.417979,0.0287642,0.431883,0.708863,0.535774,0.269218,-0.597468,0.129971,-0.216421,0.0700611,0.267345,0.13353,0.113034,0.0965959,0.274623,0.327373,0.235117,0.184446,-0.112143,0.185157,0.146356,0.151731,0.014314,0.198888,0.188572,0.0649962,-0.0260956,0.147013,19.4013,0.499028,0.510229,0.491576,0.50434,0.511015,0.501778,0.498541,0.488426,0.510521,0.502762,0.510662,0.502854,0.516282,0.493998,0.504335,0.493603,0.506088,0.503987,0.514061,0.498392,0.478769,0.499159,0.500443,0.487337,0.500403,0.489064,0.485512,0.513306,0.505177,0.505604,0.499723,0.500167,0.495229,0.4987,0.513317,0.491644,0.494457,0.508842,0.50453,0.49919,0.500256,0.488435,0.501319,0.501038,0.500318,0.497478,0.503416,0.464113,0.529571,0.484755,0.461363,0.493754,0.505128,0.54059,0.46309,0.490296,0.462597,0.489972,0.443013,0.52108,0.484772,0.522464,0.478618,0.485994,0.450738,0.505649,0.5741,0.502955,0.498444,0.544391,0.498582,0.538358,0.550749,0.453366,0.481816,0.480317,0.500974,0.499413,0.516761,0.504569,0.453328,0.529333,0.519469,0.468964,0.484088,0.502846,0.499102,0.540557,0.495365,0.496353,0.498882,0.508861,0.496828,0.533333,0.472536,0.514157,0.535888,0.5058,0.495238,0.462296,0.534284,0.509012,0.534742,0.509312,0.552951,0.480423,0.514141,0.479138,0.519857,0.513007,0.545765,0.494754,0.43112,0.497255,0.501445,0.458763,0.501316,0.46437,0.452851,0.543322,0.516887,0.518279,0.499095,0.500545,0.484435,0.495757,0.543357,0.472757,0.481919,0.528825,0.514777,0.497357,0.500834,0.462327,0.504304,0.503387,0.501038,0.491771,0.498907,0.511504,0.490525,0.504881,0.512389,0.501999,0.498359,0.486983,0.511833,0.503106,0.511992,0.50321,0.518311,0.493249,0.504875,0.492806,0.506847,0.504484,0.515813,0.498192,0.476125,0.499054,0.500498,0.485758,0.500454,0.487701,0.483706,0.514965,0.505823,0.506303,0.499688,0.500188,0.494633,0.498537,0.514977,0.490602,0.493766,0.509945,0.505094,0.499089,0.500287,0.486993,0.501483,0.501167,0.500358,0.497164,8.53612,9.02065,7.08377,7.88763,8.44448,7.79783,8.22968,6.86321,9.34064,7.86673,9.47345,8.80392,8.81335,8.18406,8.63522,8.27939,9.03029,7.95246,8.65774,8.2193,7.11746,8.5453,8.33565,8.22958,7.70165,8.07869,7.82993,9.70338,8.9665,9.11934,8.31242,9.26256,8.39314,8.21365,8.51615,7.71977,8.61158,8.92359,9.1612,8.24797,8.62205,7.49512,8.42414,8.40447,8.15917,8.42766,4,1,1,1,4,4,6,4,4,10,6,6,17,24,14,16,20,4,11,6,13,8,18,16,8,2,4,0,6,7,9,12,12,8,11,3,1,7,13,12,16,1,1,1,21,19,16,5,9,3,2,4,1,4,0,1,1,1,2,11,14,20,12,7,2,10,6,5,7,5,3,3,4,4,8,3,4,4,1,0,1,1,0,2,1,0,2,3,2,2,4,11,11,5,14,13,22,21,11,10,5,4,4,4,1,0,1,3,4,2,2,1,3,7,1,7,2,5,6,2,0,3,2,4,3,4,1,1,10,4,2,7,13,5,14,6,16,4,6,7,7,11,11,16,9,6,10,5,3,0,7,6,2,6,1,2,8,4,9,11,16,10,2,4,4,10,7,11,6,5,9,4,2,9,4,9,5,5,10,5,11,1,5,3,9,6,5,0,5,1
175.955,0.998206,0.0128217,8,511,0,-112.234,9.86482,0.653042,0.338148,-0.642009,0.519029,-0.662019,0.771725,0.361175,-0.201822,-0.19661,1.06622,0.113503,0.24122,0.459104,0.583782,-0.34709,-0.487974,0.388579,-0.109249,-1.73352,0.513688,1.09907,-0.155437,-1.63365,0.0261769,-0.138709,-0.658833,0.0608776,-0.508257,-0.726476,0.509117,0.273597,0.0292448,-0.0711074,-0.191517,-0.674638,-0.437385,-0.610322,-0.872145,-0.34499,0.391843,0.280628,0.0919588,-0.00700067,-0.966708,0.0340812,-0.280326,0.272247,-0.691956,-0.0791088,-0.12615,-0.132027,0.0253038,-0.313391,-0.191117,-0.0496122,-0.214408,-0.0611958,-0.347752,0.223726,0.0369637,0.49547,-0.404769,0.481914,0.371219,0.0149836,-0.498407,-0.144532,0.37212,0.617998,0.60492,0.307003,-0.611682,0.275977,0.401085,0.380838,0.346353,0.584955,-0.832207,-1.00815,0.670629,-0.74028,-0.0223924,-0.221171,0.97388,-0.256364,-1.02025,-0.43071,-0.791726,0.960802,-0.537852,-0.0522146,0.621919,-0.088832,-1.04575,0.0503291,0.00370101,0.830711,0.760113,-1.06398,0.0958366,-0.65768,0.167183,0.204476,-0.523368,-0.953157,0.215376,0.872103,-0.439274,0.417705,-0.411234,-0.318585,0.35428,0.791094,0.529701,0.270198,-0.135935,0.721718,0.275812,-0.308516,-0.57516,-0.229211,-0.255521,-0.11299,0.114939,-0.352972,-0.344391,-0.0132736,0.179513,-0.054707,-0.219586,-0.0864459,-0.0863917,0.147013,-0.676844,-0.666527,-0.000849514,0.096122,24.1559,0.440699,0.54802,0.438869,0.571134,0.533469,0.481279,0.481762,0.597678,0.510532,0.522371,0.542504,0.553967,0.467833,0.454837,0.536,0.489863,0.344452,0.547529,0.600607,0.485579,0.352872,0.502429,0.48713,0.43916,0.505649,0.452971,0.432985,0.547108,0.525369,0.502714,0.493401,0.482234,0.437716,0.459498,0.4436,0.41976,0.468027,0.536301,0.52602,0.508533,0.49935,0.411235,0.503163,0.474008,0.525244,0.436134,0.497595,0.501944,0.49752,0.502891,0.501353,0.499244,0.499264,0.503994,0.500425,0.500904,0.50172,0.502187,0.4987,0.498172,0.501456,0.499591,0.493507,0.501924,0.504117,0.499418,0.493881,0.500098,0.49948,0.497532,0.500228,0.498096,0.497279,0.501907,0.501025,0.50011,0.499734,0.499283,0.497473,0.498362,0.497714,0.496733,0.498708,0.501468,0.501051,0.500344,0.499974,0.496379,0.500128,0.49895,0.50102,0.497408,0.606957,0.413067,0.610183,0.372306,0.439188,0.534097,0.53322,0.327027,0.480803,0.459273,0.422934,0.402483,0.558463,0.581828,0.434625,0.518478,0.763745,0.413943,0.322152,0.526277,0.751331,0.495571,0.523454,0.60967,0.4897,0.585165,0.620509,0.414694,0.453836,0.495052,0.51203,0.532361,0.612213,0.573475,0.601829,0.643435,0.558112,0.434082,0.452657,0.484445,0.501185,0.657981,0.494233,0.547293,0.454063,0.614992,0.605376,0.414366,0.608558,0.374168,0.440106,0.533579,0.532715,0.329453,0.481096,0.459891,0.42409,0.403932,0.55758,0.580603,0.43561,0.518196,0.760503,0.41523,0.324633,0.525878,0.748169,0.495638,0.523097,0.608052,0.489857,0.583891,0.618743,0.41597,0.454536,0.495127,0.511847,0.53187,0.610559,0.57237,0.600319,0.641368,0.557234,0.435075,0.453374,0.484682,0.501167,0.655733,0.494321,0.546576,0.454759,0.6133,8.04553,8.99835,6.90065,8.50878,7.95902,7.37662,8.1839,8.68794,8.82701,7.83494,9.54756,9.31344,7.22635,8.20482,8.78926,8.95963,6.91823,8.11676,8.72188,8.2265,7.02123,8.73667,8.31797,8.28234,7.64838,8.0185,7.79285,9.84927,8.99262,9.10291,8.31373,9.09378,8.37485,8.00902,7.07932,7.55949,8.69841,8.86681,8.83455,8.5566,8.70235,7.46175,8.42255,8.0973,8.02331,7.99388,2,1,6,2,2,13,3,11,9,3,6,3,5,10,7,8,7,14,12,8,13,11,4,10,11,5,1,2,2,4,5,13,10,12,13,3,3,1,4,6,8,6,6,7,4,16,12,2,4,4,3,1,3,1,2,3,2,2,2,15,13,22,14,5,6,4,4,2,2,4,2,5,4,2,7,3,6,2,2,1,3,9,4,4,3,2,5,1,9,6,2,9,14,22,9,13,8,11,10,2,2,8,7,10,3,4,4,5,3,1,3,4,8,7,7,10,4,9,3,2,0,3,6,2,2,4,9,6,7,5,5,16,12,11,16,16,16,15,16,17,9,6,11,2,23,14,12,6,4,3,3,4,3,2,5,11,1,4,2,12,9,10,13,4,5,6,3,9,4,2,7,5,3,5,2,7,4,8,7,7,5,6,4,9,3,4,6,4,4,4
185.506,0.944099,0.0128217,9,511,0,-123.103,8.2194,0.488142,0.335723,0.100993,0.522178,-0.91594,-0.778469,0.130073,0.309114,-0.113149,0.244868,0.107552,-0.20128,0.944589,0.788987,0.746006,-0.102971,0.0664324,0.258336,-0.0157475,-0.445881,0.550912,0.0933655,-1.08368,0.233023,-0.220454,-0.241906,-0.161841,-0.132592,-0.396773,0.97305,0.512414,0.398917,0.07578,0.346172,-0.0402136,-0.496456,0.388844,0.597161,-0.0169587,-0.0717521,-0.332053,-0.0721565,0.298406,-0.778795,0.270944,0.252621,-0.0876575,-0.374721,0.0118841,0.103714,-0.246099,-0.130718,0.169004,-0.257439,-0.140485,0.648519,0.0656934,-0.145814,0.298268,-0.0231604,0.00625368,0.0582862,-0.00259365,0.815327,0.255056,-0.216662,-0.00565252,0.356937,-0.36126,0.669459,0.284098,-1.08283,0.780914,0.232758,0.156228,0.0399812,0.0586227,-0.963417,-0.507584,0.780079,-0.554467,0.472801,-0.101392,0.767605,0.0270703,-0.836811,-0.363947,-2.30948,0.795651,-0.57553,-0.0024591,0.337211,-0.301686,-0.847812,-0.31175,-0.247427,0.574421,0.527054,-0.119873,0.104316,-0.187426,0.150547,0.210572,-0.0990553,-0.52421,-1.85176,0.210828,-1.17246,1.23431,-0.183906,0.302656,0.33666,1.48047,0.63632,-0.0742699,0.28569,-0.241574,0.137251,0.392097,-0.0692675,0.138653,-0.156315,-0.14602,0.0536705,-0.376202,0.332882,0.241389,-0.241696,0.258502,0.0926848,-0.182503,-0.0206946,0.202738,-0.116558,-0.420402,0.151385,0.0294807,19.8447,0.520574,0.604857,0.321521,0.346444,0.526488,0.562676,0.476953,0.549747,0.521908,0.459065,0.683553,0.655495,0.647539,0.479023,0.513538,0.552463,0.49679,0.410103,0.610443,0.519022,0.292442,0.547355,0.455185,0.450851,0.46706,0.473,0.419823,0.688551,0.602953,0.580603,0.515441,0.570096,0.491804,0.400166,0.578601,0.619371,0.496543,0.485379,0.432727,0.485296,0.560526,0.346384,0.555004,0.551311,0.48214,0.424209,0.506439,0.533247,0.44186,0.450524,0.508293,0.5197,0.492786,0.515609,0.506858,0.487168,0.559941,0.55014,0.547425,0.493435,0.504236,0.516467,0.498996,0.471599,0.535071,0.505953,0.431337,0.514854,0.485947,0.48458,0.489682,0.491546,0.474722,0.561729,0.532627,0.525415,0.504832,0.522059,0.497436,0.468386,0.524774,0.538004,0.498919,0.495425,0.47884,0.495399,0.519018,0.450504,0.51727,0.516103,0.494411,0.476124,0.497057,0.484789,0.526665,0.522669,0.49621,0.490994,0.503297,0.492865,0.496866,0.505865,0.472503,0.477026,0.478276,0.503,0.498064,0.492473,0.500459,0.51299,0.483952,0.497279,0.531536,0.49321,0.506424,0.507049,0.504716,0.503864,0.51156,0.471676,0.485073,0.488378,0.497792,0.489914,0.501172,0.514462,0.488671,0.482606,0.500494,0.502091,0.509675,0.502103,0.491306,0.522678,0.492106,0.492639,0.502554,0.510917,0.489387,0.445338,0.595094,0.581095,0.486333,0.467558,0.51189,0.474287,0.488698,0.521142,0.402008,0.417829,0.422231,0.510821,0.493018,0.472875,0.501655,0.546726,0.442356,0.490188,0.611965,0.475529,0.523153,0.525403,0.517003,0.513932,0.541605,0.399135,0.446352,0.458172,0.492036,0.463681,0.504226,0.551989,0.459223,0.437566,0.501782,0.507541,0.534842,0.507583,0.468678,0.581128,0.471554,0.473474,0.509212,0.539302,8.47295,9.0416,6.92605,7.21435,8.15613,8.36758,8.04914,8.29175,8.48071,7.76441,9.58726,9.2821,8.88073,8.23179,8.26147,8.78304,8.33492,7.47592,8.65224,8.29331,7.08312,8.62896,8.16487,8.1746,7.81101,8.11066,7.79883,9.87198,8.95822,8.94884,8.27252,9.18964,8.43018,7.83953,8.58988,9.12963,8.62539,8.34061,7.87512,8.34013,8.70615,7.50878,8.50312,8.48148,8.06268,7.91094,0,5,3,2,0,18,11,13,11,2,10,8,6,5,7,2,4,5,2,8,3,6,6,4,3,2,1,4,2,0,18,7,12,14,17,5,5,1,14,12,7,4,6,12,20,14,14,4,4,12,4,1,7,6,4,0,1,2,1,20,9,16,9,6,2,2,11,9,6,5,7,4,8,9,15,5,3,7,2,0,1,5,6,3,3,2,4,4,1,3,2,17,20,10,14,19,8,17,8,3,5,15,8,8,6,1,2,8,7,9,7,9,4,7,7,6,3,2,5,2,2,4,1,0,0,3,0,0,13,14,11,19,28,15,18,10,15,15,19,17,14,16,18,11,12,17,13,1,4,2,2,1,4,6,2,3,10,10,12,9,7,4,4,23,11,24,15,31,30,13,17,17,28,27,15,23,22,27,36,6,9,12,11,2,5,4,10,6,10,10
184.47,0.888522,0.0128217,8,255,0,-121.428,9.25677,0.632921,0.44472,-0.528735,0.366017,-0.684032,1.04134,0.142899,-0.0540488,-0.134065,-0.196772,0.00139171,0.0115642,0.578186,0.376017,-0.568522,-0.0511047,0.0291747,0.908148,0.301907,1.05655,0.856316,0.131127,-1.13811,0.200557,-0.268642,-0.631433,-0.154605,-0.238004,-0.582357,0.381671,0.482484,0.0860888,0.030371,0.0464509,-0.401029,0.633813,0.0840531,-0.315741,-0.357501,-0.220113,0.456435,-0.263828,0.204827,-0.942592,0.106576,-0.182676,0.26819,0.177802,-0.279116,-0.128087,-0.378278,0.0302521,0.246539,0.00486142,-0.118868,0.289494,0.141253,-0.27114,0.521491,0.372274,0.149735,0.041317,0.234264,0.230915,0.573365,-0.581986,-0.0603103,0.371142,0.931238,0.670927,0.107484,-0.345192,0.338963,-0.0890992,0.295968,0.545322,0.195763,-1.0829,-1.1315,0.727907,-0.973632,0.481255,-0.729076,0.872776,0.171878,-0.196696,-0.954735,-0.480402,0.835009,-0.352218,0.543347,0.368189,0.246703,-0.485174,-0.260708,-0.346651,0.528741,1.12619,-0.348809,0.101937,-1.04817,0.132279,0.50326,-0.876651,-1.01946,-0.225635,0.983606,-0.17697,0.930028,-0.449169,0.346325,0.425036,1.06231,0.447692,0.616061,-0.519542,-0.101004,-0.0844328,-0.175292,-0.198281,-0.00617425,0.083095,0.184014,0.143207,0.29542,-0.0974435,-0.0630847,0.149524,0.0108827,-0.0226197,0.0633011,0.101314,0.0253228,-0.292139,0.15654,0.148585,0.0354779,18.6808,0.469515,0.521117,0.460594,0.559827,0.508249,0.49688,0.492261,0.488643,0.50008,0.500668,0.533328,0.521693,0.467227,0.49705,0.501684,0.552235,0.517422,0.560692,0.549274,0.507569,0.434674,0.511576,0.484497,0.463613,0.491076,0.486264,0.466432,0.522019,0.527824,0.50497,0.501753,0.502682,0.476866,0.536524,0.504852,0.481781,0.479374,0.487296,0.526325,0.484774,0.511822,0.445799,0.506152,0.489456,0.515477,0.510263,0.424786,0.552274,0.403188,0.644985,0.520472,0.492253,0.480792,0.471824,0.500199,0.501658,0.582127,0.553691,0.419221,0.492675,0.504182,0.627312,0.543168,0.646979,0.620338,0.518787,0.342415,0.528717,0.461569,0.410465,0.477853,0.465937,0.417291,0.554492,0.568722,0.512338,0.504353,0.506658,0.442768,0.589865,0.512046,0.454865,0.448934,0.468491,0.565055,0.462254,0.529327,0.368083,0.515272,0.473839,0.538367,0.525464,0.538539,0.473294,0.549792,0.424528,0.489565,0.503947,0.50979,0.514367,0.499898,0.499155,0.457873,0.472565,0.541427,0.503732,0.497869,0.43406,0.477965,0.423442,0.437783,0.490424,0.582364,0.485357,0.51961,0.545986,0.51129,0.517376,0.54243,0.472154,0.46482,0.493713,0.497782,0.496608,0.529256,0.453841,0.493862,0.523044,0.526086,0.51607,0.466714,0.519259,0.485045,0.56841,0.492217,0.513338,0.480423,0.487017,0.47932,0.51432,0.473256,0.540663,0.505592,0.497885,0.494754,0.4923,0.500054,0.500453,0.522612,0.514711,0.477766,0.498,0.501142,0.535481,0.511813,0.541254,0.533462,0.505131,0.455578,0.507848,0.489488,0.475309,0.49395,0.490687,0.477225,0.514932,0.518873,0.503369,0.501189,0.501818,0.484311,0.524784,0.503289,0.487646,0.486013,0.491387,0.517855,0.489677,0.508015,0.463178,0.504171,0.492851,0.510494,0.506958,7.82455,9.05234,7.03855,8.52672,7.94374,7.72798,8.124,7.57165,8.40497,7.79986,9.50251,8.81526,7.16479,8.34746,8.30283,9.86275,8.73413,8.94203,8.72389,8.41451,7.1599,8.62314,8.35722,8.16836,7.61783,8.07953,7.70271,9.65591,8.93176,8.96385,8.30414,9.52997,8.43035,9.34525,7.48053,8.30565,8.75397,8.41036,8.84006,8.36249,8.62782,7.62073,8.38762,8.07076,8.11174,8.59822,3,0,3,6,0,8,7,3,12,3,2,2,5,3,9,4,3,10,4,9,4,3,2,5,6,1,1,4,3,1,7,6,16,15,13,1,0,1,10,6,7,0,1,0,19,12,5,6,5,6,2,8,2,3,6,4,2,6,6,22,10,9,11,2,2,2,10,17,12,8,12,10,2,2,6,16,8,6,4,4,2,5,2,5,3,3,2,2,3,3,3,6,7,9,13,19,7,14,6,5,1,5,4,3,1,5,0,5,10,2,5,3,6,11,3,11,2,2,0,0,2,1,5,7,10,3,5,2,2,18,10,14,25,12,9,9,7,12,16,10,14,9,8,23,12,14,11,1,2,7,2,4,4,7,5,4,11,4,10,19,6,5,9,15,22,7,6,19,17,13,8,17,17,31,23,5,16,10,19,9,7,10,6,20,16,9,5,6,3,4
177.387,0.997513,0.0128217,8,255,0,-112.186,9.47001,0.473872,0.487227,-0.670668,0.453812,-0.578826,0.129909,0.320728,0.240295,-0.0646959,-0.523057,-0.505203,0.110747,0.598704,0.612224,0.820682,-0.2048,-0.375921,1.01398,-0.221771,1.14216,0.858299,0.180049,-0.963833,0.0884658,-0.121184,-0.522684,-0.0610068,-0.514091,-0.496238,0.46093,0.415542,0.230881,-0.0829786,-0.449227,-0.397402,-0.668591,0.972593,1.34202,-0.629873,-0.609707,0.248082,0.000138146,0.166882,-0.814002,0.15613,-0.312167,0.0603462,0.628659,0.232134,0.118739,-0.389062,-0.00719532,0.207212,0.216083,-0.16761,-0.00418102,0.321975,-0.352822,0.368191,0.427049,0.254981,0.129324,0.219078,0.207385,0.899398,-0.626491,-0.113384,0.358952,1.2773,0.590826,0.207772,-0.959563,0.704786,0.263286,0.627832,0.368144,-0.0566544,-0.378548,-0.327093,0.854549,-0.816759,0.669052,-1.04691,0.946707,-0.213549,-0.219259,-0.114521,-0.850346,0.662652,-0.359946,0.0776911,0.247733,0.104105,-0.226027,-0.182605,-0.682384,0.971988,0.847936,-0.626162,0.225495,-0.511772,0.124198,0.85692,-0.357629,-1.25262,-0.642283,0.0661475,-0.382446,0.980585,-0.62565,0.0312551,0.346902,0.949538,0.492834,0.135657,-0.371526,0.568514,0.344148,-0.0153426,0.0238386,-0.0135004,-0.218277,0.00190561,0.309857,-0.278373,0.0311804,0.195461,0.132724,0.122228,0.0607775,0.0804269,0.101847,0.00976238,0.0717482,-0.951215,0.0799805,0.0687116,27.4472,0.465284,0.523511,0.470026,0.506735,0.516622,0.512456,0.496646,0.472908,0.473831,0.505742,0.531001,0.531699,0.542447,0.489383,0.48052,0.552378,0.488504,0.558941,0.544382,0.509334,0.450195,0.504586,0.493717,0.472927,0.496837,0.473372,0.474295,0.523879,0.521531,0.511968,0.495698,0.476726,0.479408,0.465392,0.550255,0.569133,0.46739,0.468431,0.512859,0.500007,0.508651,0.457897,0.508094,0.483821,0.503129,0.532547,0.353613,0.600646,0.372713,0.529177,0.57162,0.553821,0.485457,0.384513,0.38832,0.524881,0.631457,0.634282,0.676585,0.454081,0.41627,0.713403,0.4503,0.736384,0.683943,0.540396,0.295906,0.519881,0.472779,0.384592,0.486286,0.386423,0.390237,0.602181,0.592362,0.551728,0.481351,0.400344,0.411584,0.35404,0.705733,0.769769,0.362043,0.366243,0.555551,0.500031,0.537453,0.324732,0.535048,0.430267,0.513565,0.637704,0.487973,0.508139,0.489619,0.50233,0.505753,0.50431,0.49884,0.490619,0.490939,0.501986,0.510737,0.51098,0.514716,0.496327,0.493257,0.51818,0.496022,0.520476,0.515391,0.50323,0.482719,0.501587,0.497826,0.490626,0.498906,0.49078,0.4911,0.508267,0.507453,0.504141,0.498512,0.491943,0.492872,0.48801,0.517438,0.524053,0.488704,0.489065,0.50445,0.500002,0.502993,0.485403,0.5028,0.494401,0.501082,0.511274,0.65429,0.393727,0.634272,0.469146,0.424316,0.443105,0.51538,0.621881,0.617879,0.473688,0.361353,0.35839,0.314181,0.548549,0.588455,0.275976,0.552543,0.252289,0.306523,0.457288,0.714392,0.478975,0.528786,0.621798,0.514504,0.619873,0.615864,0.392112,0.402449,0.445315,0.519722,0.605232,0.593394,0.653843,0.283911,0.218138,0.645461,0.641059,0.441277,0.499967,0.460398,0.684448,0.46294,0.573694,0.485653,0.354804,7.62206,9.03844,7.02867,7.79185,8.11679,8.01948,8.15985,7.09565,7.82052,7.86251,9.55581,9.17116,8.7165,8.18329,7.78306,10.0492,8.16274,9.09518,8.76114,8.45664,7.27387,8.53889,8.34226,8.23512,7.6542,7.78092,7.80239,9.85557,8.93467,9.11233,8.13768,9.18231,8.35125,7.68219,8.80235,10.0882,8.68126,7.75268,8.70339,8.4894,8.63395,7.50886,8.42765,7.86008,8.04345,9.19085,1,2,1,5,3,11,14,15,21,2,2,8,12,6,5,9,9,13,4,4,8,3,8,4,5,2,4,5,7,2,6,10,11,7,13,1,2,3,7,6,4,2,1,2,19,24,26,3,5,3,4,4,4,5,6,4,2,1,3,17,14,14,17,3,0,3,5,5,5,4,7,3,7,2,5,8,10,10,2,5,5,4,5,3,1,5,6,3,2,4,4,12,18,16,20,22,29,7,14,3,2,7,11,12,4,2,1,4,8,6,4,3,5,3,12,6,1,6,4,1,2,0,4,4,2,7,3,3,8,3,13,18,15,9,13,18,11,21,5,22,17,17,20,18,7,7,15,2,6,1,5,7,1,3,2,0,10,5,6,9,12,9,9,10,13,5,3,8,12,16,9,7,17,2,8,3,3,6,6,10,5,6,9,1,5,4,5,3,2,6
183.989,0.987801,0.0128217,8,511,0,-121.658,9.63322,0.533947,0.162933,-0.383184,0.515178,-0.643629,-0.27451,0.270877,0.410612,-0.20069,-0.3307,-0.592188,0.0333682,0.619962,0.397735,0.490334,-0.262828,-0.112883,1.12132,-0.414735,1.1504,0.713307,-0.0855406,-1.13133,0.111982,-0.145175,-0.641373,-0.039813,-0.288023,-0.625572,0.287604,0.411001,0.149754,-0.0731043,-0.263907,-0.292014,-0.322805,1.06639,1.33942,-0.745847,-0.903493,0.0542831,-0.189817,0.155869,-0.735264,0.0734349,0.107725,-0.101097,0.517999,0.34177,0.0339342,-0.315041,-0.012952,0.0566193,0.367646,-0.28992,0.127631,0.294233,-0.327047,0.16178,0.423339,0.191437,0.152697,0.0273273,0.361194,0.965517,-0.629838,-0.141769,0.362028,1.51775,0.624457,0.207947,-0.903482,0.326775,0.212359,0.656802,0.427395,0.0444645,-0.954394,-0.114218,0.886696,-0.839659,0.75484,-1.03737,0.76373,-0.114018,-0.384264,-0.0734544,-0.893577,0.581312,-0.318979,0.185928,0.086938,0.355578,-0.526487,-0.10024,-0.852022,0.691959,0.87264,-0.492154,-0.149108,-0.594865,0.0611549,0.806033,-0.501226,-1.26014,-0.66267,0.0792414,-0.165492,0.992586,-0.710842,-0.183587,0.533365,0.80912,0.415285,0.150843,-0.438874,0.580041,0.438271,-0.0865222,-0.100691,0.0609921,-0.220706,0.0527193,0.299504,-0.184729,0.0380689,0.142451,0.171107,0.160892,0.0288855,0.252775,0.0371969,-0.0416483,0.166451,-0.652801,0.137999,0.058762,21.5147,0.465454,0.546386,0.442142,0.475232,0.52444,0.53701,0.481886,0.470174,0.446729,0.503013,0.555749,0.535853,0.544161,0.476285,0.489808,0.599891,0.46262,0.60241,0.564057,0.492276,0.399241,0.51011,0.486894,0.442343,0.496405,0.474015,0.443751,0.525947,0.537045,0.513519,0.493399,0.476188,0.473656,0.470884,0.59512,0.618642,0.433056,0.419132,0.504902,0.482867,0.514071,0.433994,0.506631,0.509726,0.490872,0.546639,0.408548,0.621851,0.349455,0.434124,0.565014,0.597835,0.451709,0.420847,0.360829,0.508054,0.645332,0.594842,0.616194,0.436897,0.472779,0.746995,0.401208,0.752265,0.66568,0.479364,0.251182,0.527004,0.465015,0.349951,0.490391,0.430922,0.353429,0.568979,0.597925,0.536085,0.482361,0.436641,0.429977,0.422706,0.736841,0.784693,0.327365,0.294768,0.5131,0.45431,0.537553,0.329619,0.517718,0.525979,0.475617,0.622492,0.48406,0.521425,0.473242,0.488579,0.51127,0.51708,0.49165,0.486242,0.475377,0.501389,0.525776,0.516545,0.520393,0.489065,0.495303,0.546526,0.482749,0.547725,0.529648,0.49644,0.453061,0.50466,0.493959,0.473336,0.498343,0.488017,0.473992,0.511966,0.517096,0.506231,0.496958,0.48902,0.487851,0.48657,0.544259,0.555507,0.469003,0.462474,0.502259,0.492102,0.506486,0.469442,0.503056,0.504483,0.495793,0.521542,0.562212,0.416706,0.603522,0.544681,0.455908,0.433386,0.532706,0.553762,0.595459,0.494555,0.400181,0.435452,0.420654,0.542789,0.518414,0.324757,0.567274,0.320608,0.385647,0.513957,0.676675,0.481733,0.523675,0.603169,0.506497,0.546867,0.600698,0.4532,0.433324,0.47558,0.511928,0.542964,0.547513,0.552488,0.332669,0.294345,0.619373,0.643319,0.491142,0.530939,0.474584,0.617743,0.488018,0.482426,0.516493,0.416259,7.95586,9.04734,6.99745,7.34663,8.1498,8.32577,8.09843,7.38943,7.69402,7.84956,9.51013,8.94208,8.4258,8.1075,8.20944,10.1256,7.9162,9.23828,8.70374,8.24403,7.03186,8.58153,8.21407,8.22335,7.75694,8.25035,7.82705,9.67686,8.95875,8.91918,8.25977,9.48602,8.36057,7.9898,9.02311,10.0549,8.63198,7.2669,8.68315,8.15763,8.63703,7.47414,8.44522,8.48861,8.03762,9.09293,0,3,2,0,5,4,7,8,12,5,10,5,10,10,9,10,7,10,3,8,10,6,6,5,6,1,3,1,3,8,12,17,12,15,14,2,2,1,7,8,11,1,1,2,18,18,10,11,4,3,1,5,3,6,2,3,0,1,0,10,19,10,8,2,6,6,5,6,10,8,0,7,6,3,9,9,12,13,5,0,3,3,2,5,4,6,1,2,0,2,3,12,12,12,9,13,15,22,17,3,2,7,7,3,5,2,5,5,6,6,7,8,5,7,11,9,1,2,4,1,1,2,5,3,5,1,6,2,11,4,2,9,13,7,12,29,20,19,15,13,6,9,21,18,10,14,11,8,0,9,6,2,6,2,6,4,6,2,2,8,13,9,10,10,13,18,15,9,15,15,10,7,9,7,13,4,13,20,32,7,11,11,6,10,11,7,2,1,3,1
174.072,0.916605,0.0128217,8,255,0,-113.266,10.3715,0.573899,0.582571,-0.108217,0.53031,-0.769177,1.02676,-0.000558971,-1.07503,-0.198485,-0.0469499,-0.706953,0.0725512,1.05264,0.582127,-0.127591,-0.295786,0.420602,-0.775192,-0.293618,-0.0847819,0.948039,-0.0484059,-1.46653,0.124093,-0.335856,-0.562297,-0.139029,-0.482822,-0.93142,0.0452249,0.499972,0.432996,-0.167113,-0.594448,-0.219776,-0.529231,-1.0412,0.349512,-0.323878,0.205463,0.138898,-0.014592,0.172735,-1.0659,0.0878674,0.220526,0.184482,0.305619,0.155124,-0.410067,-0.556196,-0.118933,0.295977,0.0763201,-0.156754,-0.238779,-0.237395,-0.473532,0.345414,0.178264,0.120148,-0.304396,-0.202718,0.0045894,-0.307767,-0.551002,-0.134655,0.359707,2.08158,0.56615,0.223272,-0.717767,0.353343,-0.296231,0.307915,0.0151472,0.0451404,-1.08444,-1.28817,0.699924,-0.771122,0.237702,0.0236215,0.717345,0.272017,-1.1129,-0.940287,-1.41171,0.449113,-0.943534,-0.143636,0.409357,-0.182511,-0.826825,-0.384024,0.0417468,0.137783,0.465776,0.085543,0.373022,-1.02946,-0.25917,0.592782,-0.806068,-0.0548327,-0.6601,0.16597,-0.676283,0.878332,-0.287331,0.251052,0.145229,0.835241,0.0996247,-0.175114,-0.453668,-0.553441,-0.098942,-0.171978,-0.376999,0.230337,-0.289917,0.220286,0.251771,-0.205942,-0.135686,0.172956,-0.0439398,0.104692,-0.165844,-0.258368,0.17524,-0.0461166,-0.652803,-0.180151,0.162206,0.0281754,20.0349,0.499876,0.500608,0.499117,0.501178,0.499999,0.498767,0.499772,0.499946,0.499189,0.500083,0.501208,0.500668,0.499854,0.499661,0.500483,0.499111,0.499663,0.499903,0.501088,0.499944,0.498317,0.500142,0.499615,0.499355,0.49984,0.499446,0.498931,0.500052,0.500574,0.500497,0.499808,0.499318,0.499748,0.499393,0.498805,0.500401,0.499628,0.500236,0.500159,0.499983,0.500198,0.498777,0.500101,0.500253,0.500212,0.500351,0.508326,0.459287,0.558907,0.42165,0.500043,0.581968,0.515267,0.503612,0.554181,0.494418,0.419709,0.45533,0.509816,0.522743,0.467683,0.559363,0.522576,0.506523,0.427569,0.503724,0.61096,0.490453,0.525818,0.543156,0.510695,0.537081,0.571178,0.49652,0.461607,0.466734,0.512855,0.545611,0.516904,0.54063,0.579433,0.473134,0.524899,0.484197,0.489315,0.501123,0.486713,0.581285,0.49324,0.483039,0.485809,0.476502,0.517654,0.414307,0.622958,0.338436,0.500091,0.668583,0.532348,0.507662,0.61337,0.488162,0.334664,0.406124,0.520811,0.548123,0.431785,0.623879,0.547773,0.513833,0.350036,0.507899,0.722591,0.479759,0.554593,0.590751,0.522674,0.578151,0.647492,0.49262,0.419121,0.429801,0.527246,0.595815,0.535806,0.585522,0.663671,0.443206,0.552661,0.466518,0.477347,0.502381,0.471839,0.667262,0.485664,0.464072,0.469929,0.450288,0.504874,0.476134,0.534587,0.453888,0.500025,0.548266,0.508938,0.502115,0.531797,0.496733,0.452733,0.473806,0.505746,0.513318,0.481066,0.534856,0.513221,0.503818,0.457406,0.50218,0.565668,0.494411,0.515122,0.525303,0.506261,0.521732,0.541851,0.497963,0.477498,0.480509,0.507526,0.526747,0.509897,0.523817,0.546756,0.484264,0.514583,0.490747,0.493745,0.500657,0.492221,0.547859,0.496043,0.490069,0.491692,0.486239,8.36418,9.10855,6.99559,8.50973,7.78233,6.68264,8.15313,7.73484,7.75133,7.85717,9.63232,9.07083,7.65229,8.17217,8.78686,7.7615,8.17439,7.69611,8.75324,8.30676,6.97427,8.60199,8.22191,8.18725,7.64058,8.03593,7.57683,9.59251,8.98675,8.9982,8.18524,9.43069,8.32999,8.02397,6.39321,8.92349,8.71322,8.77604,8.67235,8.55077,8.65178,7.47478,8.44626,8.58206,8.07223,8.78781,1,2,3,2,4,10,17,9,12,4,5,2,8,8,9,6,9,9,12,4,6,7,3,3,3,3,1,1,0,1,16,21,11,7,6,4,4,2,1,11,7,1,5,4,12,13,7,4,8,16,5,4,8,1,0,2,0,3,3,9,6,11,9,3,4,3,8,9,8,7,7,12,11,5,7,13,2,2,1,1,2,1,2,1,1,3,2,6,12,7,4,6,5,8,5,11,9,18,11,6,6,12,3,6,6,3,2,9,4,2,3,9,4,4,4,14,4,4,3,3,4,5,4,3,3,8,5,9,9,2,5,30,15,23,9,20,12,13,17,24,28,8,20,30,21,16,32,7,5,3,5,5,7,10,5,4,13,13,11,11,10,8,8,17,23,10,22,17,16,7,11,26,15,22,23,16,16,14,22,11,1,11,10,5,2,5,5,8,4,2
173.599,0.984295,0.0128217,8,255,0,-104.284,8.9703,0.428565,0.122412,0.00760903,0.14046,-0.241377,-0.894485,0.0469923,0.860324,0.0816713,-0.000211604,0.649188,0.301919,0.537019,0.802018,0.075114,0.169934,-0.283344,0.726276,0.251864,0.0832872,0.958923,0.245849,-0.694199,0.303426,-0.333721,-0.758042,0.145374,-0.264068,-0.399984,0.934451,0.600999,0.0833576,0.130329,0.152075,-0.28823,0.454777,0.846191,-0.280327,-0.0755202,-0.194981,-0.237887,-0.10938,0.354915,-0.781423,0.293729,-0.23721,0.222493,-0.252253,-0.0752036,0.212088,0.325936,-0.0754102,-0.15467,-0.065348,0.309485,-0.0206591,-0.0235703,-0.0495873,-0.188162,0.0425006,0.0257143,0.011063,0.455089,-0.284564,1.33928,-0.507471,-0.0868379,0.360755,0.314357,0.619063,0.372138,-0.652813,0.544896,0.0217176,1.06202,0.391872,-0.152391,-0.916174,-0.411327,0.686005,-1.18374,0.839994,-0.820176,0.902913,-0.206754,-0.0717662,0.269277,-0.806992,0.698858,-0.157542,0.381737,0.299113,0.503649,-0.721689,-0.312115,-1.14966,0.688676,0.873158,-0.344012,-0.0674923,-0.213692,0.429877,0.213879,0.125756,-1.63624,-0.760467,0.747168,-0.290364,1.04179,-0.545619,0.0757547,0.81037,0.901523,0.682407,0.257419,-0.574712,0.562826,0.300237,-0.28737,-0.253177,0.0765293,0.760898,-0.315342,-0.0701749,0.392931,-0.120634,0.450937,-0.24772,0.124409,-0.0370872,0.503194,-0.282735,0.014649,0.063373,-0.40399,0.198894,0.153226,16.6668,0.499459,0.490009,0.517165,0.563293,0.496657,0.4391,0.49419,0.500015,0.453947,0.478534,0.46187,0.44319,0.494657,0.487913,0.520146,0.448515,0.48209,0.494075,0.432202,0.482517,0.549226,0.478427,0.523723,0.55372,0.489659,0.518777,0.528425,0.433911,0.457348,0.49407,0.490729,0.489183,0.520493,0.467692,0.44009,0.519932,0.505372,0.513868,0.516917,0.507781,0.474772,0.555363,0.479116,0.516869,0.484177,0.517938,0.502548,0.546891,0.419878,0.231837,0.515729,0.759916,0.527318,0.499929,0.704631,0.599734,0.672435,0.745381,0.525129,0.556653,0.406253,0.725655,0.583539,0.527857,0.783176,0.58158,0.282979,0.600218,0.390087,0.265957,0.548521,0.412495,0.36919,0.777559,0.691023,0.527881,0.543526,0.550743,0.404675,0.64773,0.756446,0.407228,0.474736,0.435085,0.421017,0.463443,0.616645,0.259889,0.597098,0.421238,0.573949,0.416335,0.500121,0.502225,0.496176,0.485832,0.500745,0.513627,0.501294,0.499997,0.510284,0.504783,0.508507,0.512704,0.50119,0.502692,0.495511,0.511505,0.50399,0.50132,0.515188,0.503895,0.489003,0.504807,0.494713,0.487992,0.502303,0.495816,0.493663,0.5148,0.509521,0.501321,0.502065,0.502409,0.495434,0.507205,0.513403,0.495559,0.498804,0.496911,0.496231,0.498267,0.505623,0.487622,0.504653,0.496242,0.503525,0.496004,0.499232,0.485818,0.524359,0.58937,0.495254,0.413974,0.491752,0.500021,0.434807,0.469545,0.445974,0.4197,0.492414,0.482844,0.528586,0.42717,0.474584,0.491589,0.404345,0.47519,0.569656,0.469393,0.533654,0.575967,0.485322,0.526645,0.54031,0.406728,0.439597,0.491582,0.48684,0.484646,0.529078,0.454197,0.41536,0.528282,0.507627,0.519682,0.524007,0.511045,0.464216,0.578273,0.470369,0.523939,0.477544,0.525455,8.07312,8.94866,7.01318,6.42752,7.43576,8.5925,8.12797,7.36644,8.99829,7.80835,9.62122,9.20876,7.47704,8.31119,7.59343,9.88555,8.43079,7.48903,8.72422,8.36814,7.06308,8.50573,8.25488,8.14784,7.58005,8.04893,7.85227,9.75666,8.93091,8.96479,8.19932,9.16205,8.42068,9.40438,8.90586,8.33231,8.65195,8.45669,8.08705,8.582,8.58026,7.6238,8.43777,7.66057,8.08305,7.69253,4,3,4,3,4,6,6,5,4,9,12,3,8,6,13,9,10,5,10,10,10,5,8,2,6,0,0,2,1,3,7,14,7,16,10,0,3,4,5,5,15,3,4,5,13,17,11,4,6,10,1,8,4,2,7,3,0,3,6,11,10,27,5,4,7,3,12,4,5,9,11,5,5,9,6,7,8,6,3,3,4,1,6,4,1,3,2,0,2,1,1,16,31,19,10,31,29,21,25,4,3,7,8,7,2,1,3,9,5,16,7,8,8,19,2,2,4,2,9,1,1,0,6,1,2,3,0,3,11,13,8,12,9,9,7,17,13,6,16,15,21,5,8,5,10,7,7,15,9,10,8,7,3,5,1,2,9,6,7,7,6,14,8,13,12,12,13,10,16,7,16,8,12,14,14,13,5,12,9,14,13,7,8,22,10,11,1,2,7,2
185.444,0.962851,0.0128217,8,255,0,-109.25,8.95514,0.421506,0.282442,-0.335212,0.466247,-0.491861,0.578061,-0.351777,0.398592,-0.0771056,-0.0874821,-0.216605,0.191402,0.327894,0.385815,-0.00590757,-0.0707279,0.32296,0.0255828,-0.499285,0.744935,0.80319,0.127298,-0.81426,0.326163,-0.115896,-0.733043,0.176016,-0.307493,-0.396931,0.663393,0.561417,-0.0801441,0.10108,-0.328414,-0.417281,-0.0880595,-0.164715,0.181913,0.0501364,0.582758,0.255406,-0.205618,0.338912,-0.695395,0.149257,0.35515,0.13501,-0.0183843,0.169645,-0.44218,-0.109288,-0.067874,0.195372,0.150881,-0.251523,0.2328,-0.239269,-0.30673,0.0869967,0.170166,-0.000352167,0.148966,0.497242,0.652385,0.914407,-0.577889,-0.0799779,0.370757,0.277406,0.519903,0.379267,-0.62867,0.32534,-0.184717,0.703993,0.225446,-0.223964,-1.14389,-0.862882,0.943889,-0.750843,0.817034,0.0990489,0.577891,0.176472,-0.182952,-0.544987,-0.703836,0.328162,-0.997567,0.120967,0.193817,0.369681,-0.705572,-0.434121,-0.455891,0.0725514,0.559281,-0.130948,0.368003,-0.466129,0.263527,-0.13386,0.0453819,-0.42,-0.37449,0.208055,-0.392133,0.634694,-0.158073,0.141611,0.530251,0.868516,0.713184,0.131016,-0.718943,-0.563288,0.169644,-0.373731,-0.251823,-0.436911,0.537203,-0.425141,0.265051,-0.0747676,-0.242912,0.370302,0.118976,0.226502,-0.465979,0.24069,-0.438786,0.157574,-0.31817,-0.550492,0.111661,0.0691107,18.7369,0.445545,0.575462,0.420461,0.593178,0.442877,0.564645,0.487427,0.485736,0.464731,0.531176,0.553275,0.562595,0.499036,0.488467,0.55248,0.504172,0.419281,0.61916,0.62808,0.52075,0.370234,0.552996,0.481107,0.382671,0.528676,0.450016,0.435621,0.606539,0.590555,0.486932,0.51648,0.446641,0.43236,0.485642,0.473161,0.529635,0.508176,0.593917,0.54156,0.466515,0.555051,0.38849,0.524324,0.557666,0.522005,0.497002,0.423964,0.604999,0.389417,0.629152,0.420269,0.590123,0.482381,0.480012,0.450645,0.543644,0.574401,0.587295,0.49865,0.483837,0.573297,0.505848,0.387805,0.664001,0.675779,0.529068,0.322007,0.574014,0.473531,0.33843,0.540151,0.430166,0.410244,0.647167,0.625595,0.481687,0.523091,0.425483,0.40575,0.47988,0.462417,0.54149,0.511459,0.630154,0.558122,0.453133,0.576862,0.34618,0.534068,0.580482,0.530824,0.495797,0.526638,0.462981,0.539044,0.454149,0.527952,0.468337,0.506133,0.506958,0.517222,0.48478,0.473942,0.46935,0.50047,0.505626,0.474334,0.497965,0.539631,0.441022,0.436458,0.489876,0.564408,0.474079,0.509218,0.558045,0.486003,0.524439,0.531531,0.447427,0.455462,0.506375,0.491961,0.526099,0.533143,0.507004,0.513099,0.485534,0.496012,0.453778,0.479696,0.51635,0.473068,0.555089,0.48813,0.47178,0.489263,0.501462,0.546002,0.436184,0.567281,0.42111,0.548262,0.445364,0.51061,0.512037,0.529774,0.473683,0.454996,0.447102,0.500813,0.509733,0.45567,0.496479,0.568284,0.398893,0.391229,0.482488,0.610221,0.455233,0.515945,0.599536,0.475795,0.542217,0.55441,0.409703,0.423345,0.511028,0.486093,0.545075,0.557176,0.512117,0.522653,0.474985,0.493101,0.42048,0.464908,0.528268,0.453493,0.59455,0.47947,0.451278,0.481428,0.50253,7.76408,9.04619,6.9085,7.84241,7.09142,8.07654,8.05682,7.43831,7.91961,7.80502,9.52229,8.71082,7.5456,8.11132,8.58246,9.12526,7.54981,8.52601,8.60085,8.32565,7.14267,8.63276,8.28228,8.12368,7.78481,7.92954,7.8125,9.7243,8.93969,8.98619,8.29118,9.06025,8.54401,8.31888,6.86888,8.67389,8.8328,9.19774,8.66917,8.16438,8.64946,7.5259,8.35451,8.6246,8.13126,8.18017,1,2,2,0,2,14,14,14,7,4,6,4,8,6,14,10,4,6,11,7,13,8,6,2,9,1,1,0,2,4,7,8,12,17,6,2,3,7,13,7,22,5,8,10,19,11,16,4,12,6,2,3,1,1,3,4,8,3,5,8,9,16,10,12,4,2,6,5,1,4,2,5,6,3,4,3,6,6,5,4,8,4,4,4,0,4,2,1,2,1,3,13,5,12,7,12,10,22,24,1,7,5,0,10,5,3,2,2,3,11,2,8,17,13,9,6,7,3,4,1,2,2,5,5,3,6,1,0,8,10,6,17,11,9,17,11,15,15,16,12,16,26,18,14,11,18,18,12,9,8,8,7,12,1,11,2,4,8,2,19,19,11,16,4,8,12,6,9,6,8,8,6,2,11,8,7,10,6,5,5,5,10,4,8,10,12,2,1,3,2
182.011,0.964218,0.0128217,9,511,0,-105.018,8.85771,0.400584,0.26223,0.263338,0.463547,-0.663048,0.159005,0.403037,0.00169649,0.148569,0.0426956,0.201385,-0.0582311,0.380247,0.349263,0.0183277,0.0203563,0.515008,-0.444675,0.031523,0.237063,0.617599,0.0997196,-0.873808,0.209194,-0.0657265,-0.899673,-0.240171,-0.194357,-0.410657,0.801815,0.565107,0.0918429,0.0628918,-0.167119,-0.612851,-0.192347,-0.198851,0.0453706,-0.0889216,-0.266128,-0.354587,-0.0698295,0.270807,-0.702127,0.2726,0.553105,0.117164,-0.15928,-0.0291767,-0.529534,-0.0591687,-0.29407,0.382746,0.143285,-0.596188,0.238864,-0.40993,-0.420872,0.153744,0.178109,-0.173707,0.0233418,0.370736,0.274645,1.00674,-0.521783,-0.0216738,0.371697,0.519137,0.600631,0.324387,-0.721186,0.213486,0.048192,0.477657,0.428025,-0.174903,-1.27689,-0.511505,0.833689,-0.517429,0.925546,-0.158546,0.80406,0.465916,-0.270029,-0.24333,-0.81662,0.389877,-0.806368,-0.020448,0.222806,0.18721,-0.925447,-0.410082,-0.190109,0.359365,0.234344,-0.135586,0.217639,-0.173488,0.273591,0.148505,-0.487853,-0.841679,-0.451318,0.151759,-0.322725,0.472878,-0.266344,0.0560242,0.750032,0.638248,0.521477,0.756296,-0.951675,-0.636665,0.605153,-0.609747,-0.0648787,-0.253409,0.355606,-0.516056,0.418185,-0.00672803,-0.595496,0.337199,0.102428,-0.0291995,-0.342353,0.346397,-0.435799,0.0936819,-0.191658,-0.529205,0.190994,0.0778391,19.6627,0.518073,0.531785,0.4546,0.510916,0.527645,0.500116,0.5102,0.502931,0.513824,0.496002,0.526084,0.523962,0.501258,0.501398,0.535302,0.469506,0.502164,0.516271,0.542304,0.506846,0.44029,0.51436,0.495487,0.43854,0.483516,0.486658,0.471834,0.554832,0.538723,0.506306,0.504318,0.488527,0.45802,0.486796,0.48635,0.503115,0.493895,0.481735,0.475673,0.495206,0.518585,0.45194,0.518708,0.537904,0.508044,0.489065,0.565893,0.614596,0.339053,0.539934,0.60007,0.500427,0.537323,0.510744,0.550513,0.485348,0.594551,0.58701,0.504613,0.505123,0.626793,0.389914,0.507933,0.559384,0.65062,0.525077,0.29324,0.552457,0.483464,0.287872,0.439845,0.451239,0.398091,0.691517,0.638513,0.523099,0.515824,0.458037,0.350468,0.45174,0.450119,0.511417,0.477635,0.433417,0.411691,0.482432,0.567739,0.330293,0.568182,0.63572,0.529454,0.459997,0.487385,0.477804,0.531727,0.492382,0.480698,0.499919,0.492882,0.497954,0.490352,0.50279,0.481789,0.483272,0.499122,0.499025,0.475344,0.521293,0.49849,0.488643,0.470443,0.495222,0.54177,0.489978,0.503149,0.543001,0.511506,0.509311,0.519666,0.461657,0.47295,0.4956,0.496987,0.508007,0.529331,0.509215,0.509527,0.497826,0.504261,0.512749,0.516983,0.503346,0.487027,0.533591,0.486942,0.473523,0.494386,0.507631,0.465216,0.438978,0.586833,0.478976,0.446879,0.499776,0.480354,0.494352,0.473382,0.507703,0.449862,0.453923,0.497575,0.497307,0.432282,0.558561,0.49583,0.468677,0.41901,0.48681,0.613589,0.472352,0.508695,0.616829,0.531732,0.525691,0.554118,0.395482,0.425788,0.487851,0.49168,0.522096,0.580378,0.525426,0.526284,0.493998,0.511762,0.535151,0.546775,0.509237,0.464233,0.591838,0.463997,0.427341,0.484504,0.52106,8.62287,8.96732,7.03211,7.3851,8.38103,7.87181,8.28958,7.92397,8.54426,7.79558,9.63997,8.73167,7.89297,8.31413,8.75298,8.5935,8.32833,8.17097,8.65051,8.22748,7.18987,8.55418,8.29606,8.14138,7.5644,7.98501,7.71114,9.86981,9.00342,9.2742,8.18064,9.31688,8.38245,8.13512,6.93008,8.43739,8.52125,8.0415,7.78195,8.29084,8.63234,7.4935,8.44701,8.80078,8.0877,8.08567,1,5,2,3,3,6,11,19,9,2,6,6,5,9,6,5,4,8,16,8,13,2,3,3,5,0,2,1,4,3,19,13,16,11,16,4,5,2,19,11,15,2,7,5,9,13,11,11,3,5,2,4,0,4,3,1,3,0,3,11,8,8,10,4,6,2,6,3,4,1,1,6,6,3,4,2,10,7,8,2,1,6,7,4,9,5,3,9,6,5,2,17,10,8,14,25,5,7,9,3,4,6,4,12,4,2,5,13,7,4,3,3,9,22,4,4,8,2,6,2,4,1,6,5,9,0,8,2,3,1,1,12,5,4,11,11,25,21,12,13,17,9,15,12,6,13,18,2,6,8,4,6,9,2,10,4,12,11,4,23,16,19,25,11,6,13,10,6,9,10,8,10,15,15,11,5,6,15,5,14,9,7,6,18,21,16,4,1,0,5
180.943,0.991559,0.0128217,8,511,0,-109.214,9.03608,0.5178,0.337042,-0.319118,0.305662,-0.346679,-0.253813,-0.312376,-0.123834,0.358549,-0.101113,-0.22318,0.407676,0.345792,0.643341,0.121572,-0.282215,-0.567295,0.16104,-0.342708,-0.219653,0.976129,0.400526,-1.10099,0.0864757,-0.30841,-0.481559,0.294854,0.214064,-0.029067,0.552977,0.285129,0.188029,0.260432,-0.00679209,-0.345923,-0.0331699,-0.0184323,0.0788756,-0.188173,0.315148,0.382174,-0.25798,0.0746878,-0.818487,0.425269,-0.772253,0.540336,0.168077,0.0468915,-0.36166,-0.384069,-0.385923,0.492546,-0.198628,-0.23114,0.689808,0.231391,-0.628962,0.612919,-0.256981,0.229949,-0.25155,0.199648,0.854869,-0.762147,-0.512883,0.0176436,0.365123,2.30647,0.529801,0.258042,-0.357053,0.480199,-0.175493,-0.056473,0.0499142,0.490361,-0.268851,-1.04706,0.867038,-0.857353,0.412183,-0.568098,0.687464,-0.12101,-0.579759,-0.0165839,-0.538461,0.805322,-0.367507,0.169889,0.658357,0.115325,-1.19268,-0.412519,-0.771782,0.197318,0.771003,-0.151744,0.202851,-0.639453,-0.275077,-0.158485,-0.189391,-0.515389,-1.22865,0.485399,-0.511337,0.635575,-0.566756,0.0433218,0.32861,0.958863,0.226318,-0.236072,-0.263519,0.582496,-0.33215,0.378533,-0.28663,0.0975036,0.27659,0.110288,-0.0662541,-0.106523,0.225374,-0.0193908,-0.334778,0.0452892,-0.341191,-0.251319,-0.0864747,-0.048875,-0.781869,-1.05722,0.0425449,0.114393,15.8263,0.432219,0.564956,0.426446,0.445968,0.433634,0.473559,0.576034,0.478404,0.452447,0.586256,0.573368,0.634129,0.525959,0.439977,0.381081,0.534363,0.427277,0.453194,0.697298,0.584773,0.280657,0.518473,0.434467,0.398512,0.562684,0.545622,0.493788,0.616028,0.560637,0.540099,0.55543,0.498548,0.426604,0.492911,0.496061,0.516851,0.459871,0.566948,0.580958,0.445088,0.515957,0.331879,0.589899,0.3407,0.613469,0.535859,0.560506,0.442022,0.565673,0.54821,0.55924,0.523577,0.432105,0.519256,0.542422,0.422942,0.434493,0.379818,0.476853,0.553566,0.606438,0.469354,0.56493,0.541754,0.32214,0.424272,0.69828,0.483529,0.558494,0.590738,0.444055,0.459303,0.505538,0.39617,0.445885,0.464235,0.45054,0.501294,0.565532,0.50632,0.503512,0.484976,0.535793,0.44024,0.427692,0.548997,0.485773,0.651084,0.419673,0.643037,0.398477,0.468019,0.562055,0.440536,0.567352,0.54945,0.560758,0.524187,0.430371,0.519754,0.543514,0.42098,0.432818,0.376834,0.476254,0.554941,0.609105,0.468563,0.56659,0.54283,0.317951,0.422344,0.702835,0.483103,0.559994,0.593033,0.44262,0.458255,0.505681,0.393564,0.444496,0.463313,0.449269,0.501328,0.567208,0.506483,0.503603,0.484587,0.536715,0.438709,0.425848,0.550256,0.485405,0.654742,0.417631,0.646525,0.395925,0.467194,0.583553,0.419908,0.590617,0.566684,0.58182,0.532683,0.406352,0.526699,0.558716,0.393887,0.40961,0.336227,0.467912,0.574043,0.645601,0.457539,0.589601,0.557796,0.2627,0.395693,0.762058,0.47716,0.5808,0.624599,0.422694,0.443662,0.507682,0.35787,0.425204,0.450466,0.431598,0.501795,0.590424,0.508766,0.504872,0.479165,0.549572,0.417467,0.400342,0.567766,0.48027,0.703771,0.389455,0.693481,0.360947,0.455693,8.13896,9.07259,6.83627,6.79057,6.88162,7.13148,8.28876,7.16163,8.26597,7.83603,9.28853,9.41174,7.45729,8.18779,7.06339,9.04387,8.10778,7.00439,8.57623,8.34418,7.12252,8.67696,8.2582,8.14822,7.68696,8.0193,7.69662,9.71183,8.94035,9.07966,8.15898,9.25691,8.37148,8.62316,7.10284,8.77194,8.77739,9.08514,8.24171,8.32494,8.66131,7.58985,8.37681,6.79602,8.11514,8.78524,3,4,2,3,6,14,6,4,5,4,4,3,7,4,9,7,7,5,5,6,6,19,12,11,9,5,5,4,1,4,9,5,8,12,10,1,1,3,6,7,2,1,3,4,13,11,14,3,3,4,2,2,4,5,2,3,5,0,0,9,17,20,20,13,9,5,8,9,4,8,6,6,1,10,3,7,6,5,1,0,1,4,4,6,1,4,4,2,3,4,5,5,12,7,11,7,14,14,15,8,10,6,11,7,2,1,4,2,6,4,5,9,6,8,4,3,1,5,1,11,4,7,0,2,0,0,2,0,23,10,11,9,12,8,6,9,9,6,7,10,15,12,11,7,13,9,16,4,0,5,5,4,2,2,6,4,4,1,6,6,2,8,4,7,21,18,12,5,13,6,9,16,5,14,14,14,14,4,8,12,7,7,8,4,3,3,8,9,3,4
188.988,0.903409,0.0128217,9,511,0,-111.557,9.25243,0.510078,0.575599,0.00133711,0.578338,-0.953719,0.28429,-0.829007,0.339082,0.00899868,-0.966727,0.373658,-0.24379,0.25229,0.76527,-0.330655,-0.18951,0.795675,0.421047,0.091823,0.316118,0.46136,0.0708184,-1.11794,0.223954,-0.0521066,-0.320076,-0.355782,-0.163868,-0.461664,0.210643,0.416267,-0.0119518,0.107571,0.163837,-0.619357,0.706748,-0.323983,0.379004,-0.448445,-0.0388541,-0.51724,-0.0461708,0.19435,-0.691681,0.197797,-0.504148,-0.513578,-0.246065,-0.412018,0.464414,-0.625155,-0.425029,-0.3239,-1.25464,-0.505418,-0.297892,0.0148698,-0.690866,0.402823,-0.0102844,-0.124973,0.19526,0.36739,0.959831,-0.160767,-0.331786,-0.0728986,0.358066,-0.411369,0.684141,0.296539,-0.915282,0.475,0.551371,0.617201,0.376407,0.0890646,-1.55877,-0.369396,0.774928,-0.803915,0.970525,-0.198051,0.940637,0.34177,-0.180605,-0.164813,-1.34513,0.751803,-0.551031,0.608902,0.677078,0.285692,-0.503429,-0.44896,0.124601,0.313223,0.52237,-0.145528,0.162975,-0.363673,0.674839,0.40027,0.0708482,-0.863892,-0.271269,0.499742,-0.85024,1.05638,-0.152358,0.471595,0.586439,1.07783,0.947635,0.592542,-0.250953,-0.631587,0.327944,0.0117578,-0.153742,-0.176549,0.14142,-0.0266729,0.220631,-0.0702262,-0.0914981,0.302811,0.106089,0.571659,0.0174305,0.0757497,-0.233467,0.186754,-0.165642,0.0710041,0.00821604,0.0380571,22.6311,0.500321,0.63532,0.285894,0.567797,0.310945,0.580655,0.502159,0.283352,0.588713,0.441766,0.560245,0.675798,0.421316,0.454651,0.682159,0.599681,0.522019,0.575278,0.608933,0.516987,0.254826,0.553534,0.487499,0.423794,0.415447,0.46076,0.390998,0.550374,0.598579,0.497132,0.52579,0.539233,0.355608,0.663372,0.422878,0.589955,0.394023,0.490678,0.378372,0.488923,0.546501,0.339865,0.547321,0.381332,0.379199,0.441228,0.499946,0.476772,0.538257,0.488576,0.53327,0.486375,0.499638,0.538776,0.484987,0.509797,0.489861,0.469281,0.513286,0.507616,0.468064,0.483084,0.49631,0.487297,0.481466,0.497154,0.544812,0.491,0.502094,0.512862,0.514296,0.506586,0.518547,0.491535,0.483276,0.50048,0.495677,0.493415,0.524872,0.471625,0.513018,0.484772,0.518016,0.501562,0.520777,0.501856,0.492189,0.527771,0.492051,0.520252,0.52063,0.509888,0.499945,0.476069,0.539412,0.48823,0.534276,0.485962,0.499627,0.539947,0.484532,0.510094,0.489554,0.468352,0.513689,0.507847,0.467098,0.482571,0.496198,0.486912,0.480904,0.497067,0.546163,0.490727,0.502158,0.513251,0.514729,0.506785,0.519108,0.491278,0.482769,0.500495,0.495546,0.493216,0.525625,0.470767,0.513413,0.48431,0.518562,0.501609,0.521406,0.501912,0.491953,0.528612,0.49181,0.520865,0.521255,0.510188,0.500024,0.510265,0.483077,0.505046,0.485289,0.506019,0.50016,0.482846,0.506632,0.495673,0.504478,0.513581,0.494131,0.496636,0.51412,0.507473,0.50163,0.505611,0.508189,0.501257,0.480166,0.503975,0.499075,0.494319,0.493685,0.497091,0.491806,0.503739,0.507389,0.499788,0.501909,0.502908,0.489008,0.512543,0.494249,0.506727,0.49204,0.49931,0.490819,0.49918,0.50345,0.487724,0.503511,0.491052,0.490884,0.495632,8.46199,9.02605,6.95329,9.08597,7.10285,8.53735,8.22991,6.93776,8.92156,7.81741,9.50264,9.39928,7.71035,8.22607,9.19443,9.71034,8.57389,8.50908,8.68756,8.30636,7.09986,8.73712,8.24965,8.14204,7.67943,8.04984,7.68316,9.71485,8.97391,9.17612,8.3518,9.25126,8.42895,9.18221,8.33467,8.78189,8.58265,8.26604,7.61511,8.25699,8.70057,7.46424,8.46328,7.59748,8.01711,8.15627,1,1,0,4,0,7,11,10,14,5,9,9,8,12,2,9,9,13,7,11,12,7,9,14,8,1,1,0,3,5,5,17,5,7,9,4,2,1,10,8,4,3,5,0,20,11,9,7,6,5,1,0,2,1,10,3,2,0,2,11,17,11,24,5,10,6,4,5,7,4,1,6,12,6,5,8,11,3,6,1,1,0,0,3,6,1,1,4,6,5,12,3,7,5,5,13,11,3,9,7,7,3,9,2,2,2,3,4,5,12,9,5,7,3,6,3,3,3,5,3,1,1,1,2,3,2,5,2,4,6,5,6,10,15,7,18,11,11,10,15,10,8,11,12,9,4,7,0,2,4,5,5,4,7,4,3,1,2,4,7,2,4,16,16,8,5,14,10,7,7,4,7,5,7,8,11,4,12,2,6,8,10,5,4,6,8,1,2,1,1
175.06,0.942055,0.0128217,8,511,0,-103.941,9.74266,0.430631,0.508794,0.582235,0.946122,-0.73645,0.50574,0.449223,-0.537024,-0.109184,0.363076,0.202539,0.0968969,0.307972,0.153746,0.424287,-0.386781,-0.724386,0.245742,-0.165058,0.167082,0.863364,-0.032406,-1.57374,-0.140412,0.0796633,-0.396458,-0.115408,-0.0348784,-0.339108,-0.447631,0.29053,-0.0466192,-0.00815887,-0.0384648,-0.811077,-0.052839,-0.147016,-0.149881,0.175619,0.21722,0.0646273,0.173684,-0.0034304,-0.642334,0.0643496,0.137241,-0.0248562,0.433753,0.00382119,0.418867,-0.601304,-0.208479,-0.110874,0.186059,-0.441228,0.16681,-0.506077,-0.725256,1.21364,-0.0389341,0.299956,-0.157226,0.495275,0.10625,-0.172589,-0.394991,-0.0966887,0.371559,0.85836,0.684098,0.251287,-0.661432,0.50149,0.0277841,0.788831,0.619297,0.747608,0.0233365,-0.549161,0.359532,-1.10551,0.595357,-0.529006,0.89212,-0.0537473,-0.624551,-0.805318,-1.5835,1.16089,-0.132547,0.59787,0.148241,-0.251392,-1.16022,-0.665329,-0.427533,0.0740837,0.391046,-0.3994,0.136238,-0.0898225,0.256514,-0.775041,-0.353408,-0.792506,-0.419816,0.529518,-0.518905,0.714598,-0.840924,-0.0707087,0.281124,0.872131,0.837862,0.76582,0.382068,0.00343595,0.028751,-0.1466,-0.154435,-0.322326,0.564624,-0.24196,0.112798,-0.297407,0.21626,0.272206,-0.037181,-0.0812428,-0.0573382,-0.392112,-0.135981,0.0712708,-0.392716,-0.309839,0.0527294,0.071567,18.614,0.515461,0.52511,0.480448,0.51343,0.51193,0.485739,0.4971,0.509643,0.50538,0.502574,0.50818,0.504084,0.511268,0.489728,0.480768,0.506527,0.495616,0.504438,0.522917,0.499139,0.458295,0.49627,0.502116,0.489471,0.496935,0.499074,0.490993,0.488112,0.507717,0.498762,0.499783,0.498978,0.478469,0.498596,0.496095,0.496019,0.504665,0.50577,0.501717,0.504613,0.499909,0.482945,0.501709,0.503645,0.49934,0.51152,0.474899,0.459268,0.531733,0.478193,0.480627,0.523154,0.504711,0.484339,0.491262,0.495819,0.486715,0.493367,0.481701,0.516682,0.531215,0.489399,0.507121,0.492791,0.462817,0.501398,0.567488,0.506058,0.496563,0.517099,0.504979,0.501505,0.514627,0.519304,0.487467,0.502011,0.500352,0.50166,0.534939,0.50228,0.506343,0.506467,0.492423,0.490629,0.497212,0.492507,0.500148,0.527687,0.497224,0.494079,0.501072,0.481294,0.443084,0.408165,0.571804,0.450509,0.45601,0.55253,0.510718,0.464414,0.480125,0.490488,0.4698,0.48491,0.45844,0.537901,0.570644,0.475892,0.5162,0.483602,0.416039,0.503182,0.649771,0.513782,0.492179,0.538845,0.511329,0.503424,0.533244,0.543835,0.471507,0.504577,0.500801,0.503776,0.578964,0.505187,0.51443,0.514711,0.482765,0.478686,0.493655,0.482955,0.500337,0.562731,0.493683,0.486529,0.50244,0.457517,0.455022,0.427234,0.556799,0.460906,0.465259,0.541502,0.508457,0.471906,0.484317,0.492495,0.476163,0.488093,0.467182,0.529924,0.555876,0.480974,0.512783,0.487061,0.43352,0.50251,0.619542,0.510875,0.49383,0.530671,0.508938,0.502702,0.526243,0.534618,0.477511,0.503611,0.500632,0.502979,0.562497,0.504093,0.511386,0.511608,0.4864,0.483181,0.494994,0.48655,0.500266,0.549591,0.495016,0.489371,0.501925,0.466452,9.25952,9.14926,7.05074,8.95328,8.24858,7.25221,8.13918,8.16155,8.87593,7.89264,9.46666,8.82664,8.22339,8.28056,7.51767,9.40379,8.50456,7.96354,8.66696,8.21675,7.0815,8.52946,8.27392,8.0608,7.67815,8.07667,7.76931,9.74007,8.96483,9.10843,8.24125,9.21786,8.33613,8.14005,8.29382,8.04202,8.70793,8.41289,8.17719,8.3689,8.66785,7.54451,8.3145,8.38814,8.06987,9.10952,2,7,0,3,6,17,10,8,7,3,5,4,13,8,3,15,15,10,7,9,16,15,10,15,23,2,3,1,2,2,14,8,16,6,6,2,3,2,5,5,14,0,2,3,9,16,15,6,9,5,3,0,1,3,2,0,1,0,0,14,13,14,5,6,8,2,4,3,8,6,6,3,3,4,7,8,3,5,2,2,1,2,5,2,2,2,1,3,1,4,2,9,3,16,18,6,7,8,16,5,8,8,4,2,4,2,7,1,4,6,7,3,11,9,1,3,4,4,2,2,7,2,4,4,3,7,5,5,16,11,9,16,5,4,21,13,8,10,17,16,10,19,11,14,9,10,11,7,4,8,5,2,3,4,4,3,2,7,9,6,10,14,7,10,15,10,9,5,9,6,11,10,5,2,5,5,8,6,7,8,7,11,2,6,7,12,17,5,4,11
185.442,0.998746,0.0128217,8,511,0,-121.855,9.9726,0.543761,0.31758,0.0866376,0.735179,-0.780846,-0.228786,0.255897,-0.477952,-0.132865,-0.414248,0.0583351,-0.04365,0.222524,0.685787,0.3817,-0.501471,-1.13304,0.227813,0.751488,-0.570951,0.784674,-0.0604338,-1.38814,0.0779031,-0.053524,-0.706823,-0.176163,-0.556373,-0.648002,-0.125099,0.301464,-0.00135066,-0.206214,-0.224233,-0.755224,-0.204975,-0.054207,0.309806,-0.0911474,0.0953843,-0.0460285,-0.0203482,0.0283239,-0.734694,0.0143824,-0.27445,-0.127714,0.244905,0.410431,0.25511,-0.170435,-0.207615,-0.067782,0.361748,-0.318354,0.116108,-0.339185,-0.476498,0.570478,-0.173445,0.150109,-0.405614,0.525457,-0.112226,0.244586,-0.342148,-0.146917,0.363691,1.22561,0.624545,0.24824,-1.07517,0.40971,0.428636,0.638628,0.228972,0.71991,-1.06662,-0.430558,0.950079,-0.716603,0.444023,-0.524586,1.18339,0.229511,-0.681677,-0.496182,-1.41963,1.09268,-0.112445,0.392679,0.519518,-0.404618,-0.625831,-0.423536,0.161481,0.476197,0.721724,-0.188024,-0.100415,-0.389822,0.480873,-0.224694,0.00275895,-0.8699,-0.718451,0.439842,-0.966668,0.944571,0.249449,-0.0435709,0.377195,1.16998,0.47856,0.198409,-0.0539991,0.236073,0.0423644,-0.378317,0.0447368,-0.163111,0.419916,-0.0904557,0.100618,-0.307579,0.0964098,0.324271,0.191257,-0.132685,0.0378947,-0.354484,-0.0265653,0.0171719,-0.514284,-0.811684,0.13265,0.096647,19.3387,0.497569,0.479385,0.521894,0.506419,0.492821,0.513406,0.503728,0.51162,0.498363,0.501225,0.493757,0.480769,0.489292,0.514066,0.531746,0.493609,0.478928,0.516013,0.477999,0.501696,0.538868,0.497814,0.501502,0.519821,0.504942,0.515605,0.518173,0.50351,0.491543,0.500038,0.505785,0.506291,0.521176,0.505751,0.501521,0.491309,0.502557,0.497324,0.501291,0.500571,0.499205,0.520601,0.499596,0.5077,0.503583,0.493129,0.505297,0.544833,0.452399,0.486014,0.515642,0.470808,0.491877,0.474692,0.503567,0.497331,0.513603,0.541835,0.523323,0.469375,0.431159,0.513926,0.545822,0.465145,0.547833,0.496305,0.415926,0.504763,0.496727,0.456888,0.48923,0.466032,0.46046,0.492351,0.518425,0.499917,0.487393,0.486292,0.453952,0.487469,0.496685,0.518935,0.494427,0.505832,0.497186,0.498756,0.501732,0.455197,0.500879,0.483225,0.492191,0.514971,0.488863,0.406587,0.599066,0.529381,0.467147,0.561143,0.517076,0.55306,0.4925,0.505612,0.471421,0.41273,0.451081,0.56412,0.641689,0.470743,0.404565,0.572885,0.400461,0.507769,0.671262,0.489985,0.506881,0.589889,0.522634,0.571049,0.582552,0.516079,0.461318,0.500174,0.526488,0.528798,0.595897,0.526329,0.506969,0.460252,0.511717,0.487739,0.505918,0.502616,0.496358,0.593352,0.498151,0.535228,0.516414,0.468554,0.482427,0.355091,0.653351,0.546293,0.448259,0.595788,0.526935,0.583276,0.488165,0.508857,0.454968,0.364325,0.423159,0.600377,0.714975,0.453903,0.352066,0.613828,0.345946,0.512261,0.755235,0.484197,0.510859,0.63962,0.535686,0.611019,0.628543,0.525364,0.43913,0.500274,0.541748,0.545376,0.648626,0.541498,0.510998,0.437463,0.518487,0.480654,0.509339,0.504129,0.494253,0.644818,0.497082,0.555463,0.525893,0.450467,8.68249,9.00343,7.04584,8.33772,8.10132,7.35419,8.2845,7.41905,8.65367,7.79635,9.48033,9.29246,8.22939,8.08374,7.26633,9.48571,9.35934,7.25951,8.63963,8.35824,7.18122,8.67359,8.20048,8.17942,7.66144,8.05741,7.96413,9.74556,8.9012,9.2524,8.20982,9.38705,8.48491,8.04629,8.51546,8.57039,8.76496,8.35209,8.57698,8.23426,8.62312,7.50701,8.43441,8.14035,8.03713,8.84362,2,6,1,0,3,10,6,6,7,5,1,6,6,9,0,5,7,9,1,2,7,6,13,7,6,1,0,1,2,2,10,22,13,12,18,2,1,0,7,5,11,6,9,4,21,11,13,6,7,4,1,2,3,1,3,3,2,1,2,9,14,9,6,4,3,5,5,1,4,4,10,5,7,9,9,9,3,7,5,1,2,4,2,6,5,2,4,2,2,2,4,7,11,22,12,15,19,19,6,4,5,5,6,3,4,6,3,10,5,6,9,2,8,24,5,4,6,5,3,2,0,2,0,2,7,4,0,0,6,12,8,6,14,8,7,17,15,10,11,7,12,18,15,9,9,17,22,2,1,2,0,2,5,6,4,5,6,2,8,4,4,9,11,8,10,8,6,9,7,11,14,6,8,6,14,8,11,7,7,4,4,2,10,2,3,2,9,8,7,10
178.07,0.996414,0.0128217,8,511,0,-110.96,9.38541,0.5436,0.499872,-0.110953,0.144469,-0.770487,-0.431066,0.763166,0.367847,-0.337046,0.105087,-0.190314,-0.0178977,0.792773,0.0436742,0.317317,-0.389942,0.662223,-0.7508,-1.18527,0.165826,0.703806,-0.250756,-1.26987,-0.21631,-0.37301,-1.14228,-0.0916235,0.0492687,0.0900171,0.460968,0.175649,0.503258,-0.370347,0.491612,-0.229456,0.171826,-0.331185,0.517823,0.288427,0.126755,-0.417587,-0.415493,-0.065902,-1.10514,-0.0959718,-0.13497,0.0712588,-0.463151,-0.122002,-0.345214,0.274008,0.36408,-0.304643,-0.5855,0.0601654,-0.592151,-0.722602,-0.695258,0.565485,0.376687,0.472679,0.308936,-0.100013,0.801791,-0.595105,-0.567585,-0.0364974,0.362823,-0.212689,0.69622,0.191942,-0.83734,0.761872,0.362533,0.427309,0.631986,0.0764576,-0.459205,-0.590174,0.518629,-0.703433,0.76904,-0.776297,0.834859,-0.12338,-0.374059,0.203497,-0.671001,0.815926,-0.513443,0.32868,0.41335,-0.0463483,-0.68513,-0.586293,-0.454983,0.951959,1.05209,-0.289916,-0.0357964,-0.452581,-0.132654,0.941915,-0.467802,-0.564446,-0.436456,0.105915,-0.441228,0.97876,-0.511473,0.686986,0.281757,1.2908,0.655306,0.633546,-0.728886,-0.00282656,-0.0287097,0.037376,-0.00200381,-0.093368,-0.332708,0.0832162,0.0607823,0.306416,-0.137344,-0.0178347,-0.242191,0.0533201,0.341202,0.271284,-0.152538,0.211138,-0.453798,-0.381749,0.0567147,0.0410549,19.2232,0.477774,0.528926,0.350289,0.414444,0.648374,0.573204,0.432848,0.521052,0.461926,0.496413,0.653767,0.508753,0.563265,0.422468,0.629708,0.35389,0.278817,0.533191,0.637448,0.449905,0.265384,0.45675,0.425783,0.2858,0.481643,0.509875,0.518036,0.591362,0.53515,0.59953,0.426306,0.597286,0.454135,0.534388,0.434002,0.602331,0.557558,0.525386,0.417069,0.417477,0.486793,0.291918,0.480772,0.472972,0.51428,0.408215,0.516501,0.47852,0.612663,0.563783,0.388371,0.445491,0.549977,0.484371,0.528284,0.502663,0.384194,0.493503,0.452931,0.557755,0.402733,0.609879,0.669375,0.475349,0.396795,0.537237,0.680421,0.532137,0.555268,0.663689,0.513628,0.492671,0.486611,0.431846,0.473891,0.425682,0.554877,0.427377,0.534085,0.474459,0.549113,0.423564,0.457194,0.481151,0.561809,0.561502,0.509803,0.658737,0.514274,0.52007,0.4894,0.568473,0.512585,0.483616,0.586532,0.548749,0.414274,0.458365,0.538163,0.48808,0.521578,0.50203,0.411018,0.495045,0.464063,0.544124,0.425431,0.584363,0.631317,0.481196,0.420826,0.528417,0.640207,0.524521,0.542217,0.626765,0.510393,0.494411,0.489789,0.447893,0.480083,0.443153,0.541917,0.444457,0.526008,0.480516,0.537502,0.441522,0.467325,0.485624,0.547234,0.546998,0.507476,0.622814,0.510886,0.515307,0.491916,0.552352,0.510587,0.486216,0.573008,0.541047,0.427676,0.464951,0.532122,0.489972,0.518155,0.501708,0.424912,0.495832,0.469753,0.537146,0.437134,0.571168,0.611227,0.484179,0.433232,0.523913,0.618874,0.520632,0.535539,0.607321,0.508743,0.495298,0.49141,0.45612,0.483243,0.452118,0.535286,0.453219,0.521885,0.483607,0.531565,0.450741,0.472501,0.487905,0.539769,0.539571,0.506289,0.603934,0.509158,0.512878,0.4932,0.544087,8.60631,9.05163,6.86065,6.60942,8.76678,8.2772,8.16467,7.94949,8.50723,7.79586,9.51733,8.79946,8.21427,8.25842,9.4094,7.59901,7.2815,8.02533,8.69365,8.27222,7.17955,8.47479,8.40578,8.08518,7.70377,7.89804,7.94894,9.74635,8.96427,9.15964,8.12321,9.40215,8.24583,9.08579,6.73371,9.51655,8.57926,9.02952,7.31563,8.35293,8.66258,7.50475,8.46541,8.41671,8.12301,8.16741,4,2,2,1,4,8,9,11,7,11,6,6,6,6,3,9,2,2,8,13,13,4,6,1,4,2,2,6,1,9,13,15,13,12,14,0,1,4,11,12,14,3,5,3,10,9,13,7,8,6,5,3,6,2,8,0,5,2,2,13,17,10,16,0,3,2,3,14,3,6,9,4,13,7,11,5,5,3,4,1,0,2,2,3,1,2,0,4,5,4,2,8,20,18,10,18,10,5,12,1,5,7,5,6,2,7,3,2,3,3,2,1,1,5,14,11,4,1,6,3,8,3,0,2,4,1,3,4,4,4,6,11,16,14,19,19,11,11,10,17,12,19,10,10,13,13,15,2,2,3,3,2,2,1,1,2,12,14,18,7,6,5,3,19,5,14,9,11,14,11,16,17,6,7,17,15,10,8,14,4,7,18,12,10,12,13,6,4,0,3
163.795,0.915668,0.0128217,9,511,0,-110.718,9.80379,0.461576,0.725448,0.263454,0.679821,-0.903449,0.391958,0.786628,-0.308199,-0.536885,-0.153952,0.801196,-0.24703,0.441721,0.403909,0.341742,-0.24455,-0.259636,0.58538,1.11331,0.977445,0.506472,-0.476901,-1.02004,0.228883,0.0968152,0.44595,-0.303331,0.238745,-0.206963,0.366241,0.35764,-0.0346407,-0.55042,-0.168325,-0.470923,-0.0466774,-0.412168,-0.539192,-0.767689,-0.176417,-0.333456,0.0448614,0.0662377,-0.519493,-0.418379,0.165038,-0.232441,0.262801,1.04218,-0.0901329,-1.27825,0.210551,0.305208,1.09636,-0.361265,-0.234719,0.690916,-0.952231,0.164985,-0.359342,-0.0807253,-0.3798,0.329018,-0.991361,0.268061,-0.146734,-0.090593,0.368671,1.31323,0.560554,0.236435,-0.586287,0.469658,0.281633,0.263849,0.260689,0.292642,-0.631367,-0.561938,0.947944,-0.321159,0.765098,-0.217966,1.10218,0.154989,-0.317181,-0.445036,-1.31336,0.478685,-0.316078,0.294545,0.589553,1.18608,-0.565264,-0.00832672,-0.59518,0.756381,0.909555,-0.768792,0.331374,-0.392812,-0.10549,0.86879,-0.545086,-0.622775,-0.578061,0.476522,-0.355628,0.961118,-0.912153,0.275929,0.536511,0.64375,0.629286,0.175644,-0.0732476,0.521294,0.230315,-0.109289,-0.122054,-0.0926771,-0.171338,0.47139,0.0801933,0.294253,-0.134148,0.377046,0.341934,-0.0753774,-0.307141,-0.202737,0.0290832,-0.0535568,-0.205574,-0.568454,0.209637,0.124412,24.2144,0.435074,0.337613,0.710054,0.404061,0.314356,0.575795,0.630007,0.538082,0.311251,0.56092,0.39224,0.401211,0.416103,0.560314,0.563995,0.358858,0.249048,0.27508,0.377048,0.616042,0.733261,0.443516,0.476024,0.391241,0.574616,0.441104,0.551115,0.410215,0.412279,0.508585,0.633129,0.541621,0.614639,0.511566,0.600754,0.63054,0.681583,0.543612,0.581899,0.488883,0.48359,0.625979,0.60223,0.459188,0.557355,0.435233,0.517648,0.545433,0.439749,0.526243,0.552522,0.479358,0.464083,0.489684,0.553487,0.483451,0.529567,0.527042,0.522886,0.483617,0.482608,0.539149,0.57406,0.565131,0.533889,0.468084,0.432064,0.515334,0.506488,0.52985,0.479683,0.515994,0.486134,0.524524,0.523949,0.497679,0.46318,0.488722,0.468483,0.496872,0.472407,0.463929,0.448734,0.48818,0.477668,0.503006,0.504439,0.465242,0.471992,0.511058,0.484428,0.517604,0.486463,0.465118,0.546298,0.479867,0.45966,0.515834,0.527564,0.507911,0.458917,0.512693,0.477314,0.479254,0.482444,0.512566,0.51334,0.469952,0.443031,0.449934,0.473994,0.52449,0.552232,0.488239,0.495024,0.477097,0.515584,0.487733,0.510635,0.481186,0.481628,0.50178,0.528258,0.50865,0.524183,0.502399,0.52117,0.527683,0.539373,0.509066,0.517131,0.497694,0.496596,0.526673,0.521489,0.491519,0.511944,0.486497,0.462629,0.404573,0.625643,0.444527,0.390036,0.543688,0.575712,0.521865,0.388067,0.535049,0.437553,0.44285,0.451586,0.534698,0.536831,0.417569,0.346861,0.364559,0.428517,0.567362,0.641032,0.467518,0.486245,0.436962,0.543001,0.466123,0.529378,0.448139,0.449349,0.504923,0.57759,0.523903,0.566528,0.506633,0.558308,0.576032,0.6074,0.52505,0.547247,0.493625,0.490588,0.573295,0.559179,0.476563,0.532985,0.462722,8.8199,9.07198,6.91215,8.9923,9.02473,7.65111,8.22905,7.84551,9.49,7.72813,9.59023,8.99644,8.47103,8.17861,8.57671,9.76955,9.8693,9.25787,8.67743,8.30395,7.21785,8.77634,8.34132,8.13131,7.65724,8.30903,7.74625,9.70805,8.93837,8.98998,8.21218,9.35622,8.44074,8.16001,7.97875,7.54072,8.69748,7.99617,7.58697,8.27568,8.57104,7.56529,8.37721,9.11291,8.05119,8.81907,2,1,3,2,1,5,5,11,9,6,11,4,6,3,7,4,7,10,2,7,3,9,4,9,5,8,4,1,4,4,8,14,9,17,12,0,4,5,5,7,12,7,5,2,15,13,14,7,4,6,1,6,6,3,3,1,2,1,0,9,4,7,11,1,1,9,2,10,2,5,2,12,4,9,10,8,24,17,5,2,2,8,6,5,2,6,7,2,1,5,3,27,37,21,19,14,37,24,24,3,6,5,10,10,3,5,6,4,1,4,6,2,3,9,14,12,2,1,3,2,1,2,2,1,5,4,2,1,5,5,8,9,10,9,20,10,12,8,10,10,12,13,7,3,15,16,12,5,3,5,4,6,10,3,5,2,4,0,4,11,10,6,8,14,10,7,12,6,16,12,10,13,5,12,12,12,9,4,7,8,7,9,4,6,6,1,5,4,2,2
150.141,0.842154,0.0128217,9,1023,0,-83.5446,8.35178,0.553241,0.603933,-0.424322,0.525323,-0.583961,-0.390453,-1.07185,0.533249,0.147507,0.0247393,-0.732588,0.088611,0.122124,0.674566,-0.0485061,-0.365229,0.0541546,-0.794206,-1.70861,-1.40128,0.898576,0.236633,-1.19917,0.020854,-0.0707212,-0.220571,0.0317186,-0.327119,-0.26958,0.498976,0.216243,-0.157292,0.119161,1.32011,-0.76518,-0.290764,0.469829,0.716497,0.240773,0.246823,0.390144,-0.0937276,0.0192676,-0.673924,0.224633,-0.145203,0.293501,-0.363196,0.150096,-1.25317,-0.678365,-0.574445,-1.0834,0.780839,-0.731244,-0.799865,-0.567952,-0.542638,0.516006,-0.773904,-0.195692,-0.675344,0.437005,0.817123,0.240538,-0.206987,0.0361601,0.356298,0.798312,0.682129,0.346509,-1.17798,0.5399,-0.230266,0.715622,-0.0183829,0.0463874,-0.896194,-1.01423,0.547795,-1.41923,0.844771,-0.794274,0.848784,-0.326876,-0.615278,-0.105981,-1.26854,0.417604,-0.685199,0.159357,0.0108997,-1.31923,-0.609944,-0.342232,-0.452279,0.652989,0.969968,0.132546,-0.387528,-1.03811,-0.060891,0.209833,-9.17183e-05,-1.26654,-1.09719,0.472141,-0.335542,0.843888,0.392789,0.177744,-0.0153474,0.820813,0.19178,0.336269,-0.417175,-0.627972,-0.343247,0.0503415,0.287272,0.0677651,0.344762,-0.534022,-0.108418,-0.330125,-0.0326961,0.294848,-0.619653,0.184119,0.23438,0.204187,-0.0368215,-0.00695042,-0.914951,-0.209753,0.168318,0.190035,15.2982,0.414177,0.605695,0.382921,0.420908,0.294041,0.607241,0.530096,0.505054,0.354661,0.518094,0.524927,0.634415,0.490092,0.42594,0.511061,0.343223,0.198429,0.2414,0.675736,0.54819,0.272918,0.50426,0.485557,0.455063,0.506479,0.433571,0.445152,0.600542,0.54406,0.467912,0.524323,0.746247,0.348589,0.44088,0.594815,0.642324,0.549027,0.550251,0.579031,0.480863,0.503936,0.365707,0.54576,0.470373,0.559671,0.426346,0.474506,0.531548,0.464941,0.476538,0.435899,0.532023,0.508869,0.501488,0.45606,0.505328,0.507343,0.540476,0.497083,0.478051,0.503257,0.452386,0.398676,0.416524,0.553826,0.514226,0.428384,0.501254,0.495747,0.486739,0.501907,0.480339,0.483795,0.52997,0.513001,0.490542,0.507165,0.578724,0.454116,0.482522,0.528223,0.54298,0.514475,0.514838,0.523444,0.494364,0.501159,0.459563,0.513505,0.491269,0.517642,0.478173,0.595857,0.3821,0.630484,0.588374,0.727246,0.380389,0.466311,0.494341,0.661566,0.479742,0.472095,0.35042,0.511093,0.582773,0.487615,0.674072,0.826825,0.782807,0.305307,0.446084,0.749732,0.49523,0.516171,0.550282,0.492745,0.574271,0.561352,0.387807,0.450698,0.535917,0.47277,0.230083,0.66821,0.566119,0.394157,0.341738,0.445148,0.443781,0.411695,0.521426,0.495593,0.649447,0.448798,0.533165,0.433266,0.582321,0.522236,0.472481,0.530584,0.520463,0.555971,0.472066,0.492266,0.498703,0.53834,0.495354,0.493596,0.464686,0.502544,0.519143,0.49716,0.541551,0.588649,0.572956,0.453019,0.487594,0.562553,0.498906,0.503708,0.511564,0.498337,0.517147,0.514133,0.473858,0.488663,0.508247,0.493752,0.431214,0.540039,0.515242,0.475383,0.462499,0.487377,0.48706,0.479553,0.504915,0.49899,0.535281,0.488223,0.507614,0.484614,0.519036,8.08177,8.94005,6.9851,6.64446,6.4176,8.30175,8.2745,7.70239,7.72044,7.77784,9.4641,9.37649,7.61586,8.15133,8.16425,8.38607,6.60296,6.0405,8.72829,8.3797,7.1804,8.60699,8.23723,8.16506,7.71064,7.74602,7.81385,9.74395,8.83773,9.13405,8.24103,9.2401,8.4199,7.9775,7.65928,9.16391,8.60033,8.61223,8.59251,8.21005,8.60512,7.52739,8.36554,7.92876,8.06812,8.15372,1,4,4,2,1,9,7,9,13,5,4,6,13,9,8,22,8,8,4,5,7,11,6,9,17,2,0,5,0,3,8,6,13,9,14,1,4,2,16,15,8,3,2,9,11,24,17,3,3,6,3,0,2,0,4,1,3,3,3,8,9,13,2,5,6,5,7,3,8,8,6,8,10,5,3,4,1,1,3,2,4,7,13,3,15,3,7,6,3,4,9,12,12,18,16,14,23,30,15,7,3,5,8,5,2,0,2,6,4,7,5,4,12,7,3,13,4,4,2,2,1,3,0,4,1,0,3,2,18,14,11,6,8,14,10,19,16,16,13,7,6,14,14,6,4,18,7,3,9,5,9,9,13,6,6,4,12,10,2,2,5,5,7,12,6,5,8,7,20,6,11,8,15,9,5,16,13,13,8,5,8,6,4,6,8,7,6,9,2,6
158.556,0.999988,0.0128217,9,511,0,-102.12,9.19336,0.551399,0.648948,-0.964327,0.449854,-0.618184,0.0294372,0.648756,0.22078,0.315246,-0.439585,1.20641,0.0359051,0.206983,0.181905,0.162559,-0.25645,-0.722403,0.343425,0.0182295,1.63045,0.845047,0.403033,-1.09552,0.0160164,-0.225078,-0.601115,-0.00936288,-0.201234,-0.152201,0.406412,0.492145,-0.244669,0.338044,0.59301,-0.858461,1.01654,-0.374783,-0.737791,0.0506351,0.798803,-0.40199,-0.0742359,0.252354,-0.786559,0.608348,0.431382,0.580178,0.204576,-0.663147,-1.2024,-0.270447,-0.938917,-0.518292,0.810403,-0.352051,-0.7277,-0.400864,-0.816279,0.334751,-0.707993,-0.293766,-1.14904,0.544203,0.681434,-0.464108,-0.207702,-0.0351311,0.362591,0.387701,0.598943,0.362693,-0.514773,0.495094,-0.161815,0.429798,0.267148,-0.113566,-1.04913,-0.709953,0.252894,-0.586778,0.683096,-0.788401,0.556028,-0.199271,-0.586616,-0.381727,-0.921329,0.477994,-0.591164,0.0520435,-0.0273639,0.239288,-0.886305,-0.880845,-0.908641,0.778334,0.891712,1.02642,-0.0159845,-0.54535,-0.0545353,0.967903,-0.236868,-0.435365,-0.219354,0.461319,-0.386014,0.659166,-0.656775,0.184607,0.381929,1.0471,0.558852,-0.153414,-0.381262,0.330929,-0.371426,-0.0272559,-0.305307,0.191522,-0.412988,-0.67355,0.295696,0.40825,-0.0652405,0.0663637,-0.729853,0.498744,0.268854,0.159805,-0.104717,0.0957063,-0.0626195,-0.409326,0.0698995,0.0584243,21.5092,0.341386,0.576042,0.396217,0.505015,0.608756,0.537541,0.553499,0.425668,0.694679,0.506116,0.535203,0.530949,0.527665,0.456422,0.379359,0.55824,0.503106,0.752324,0.64011,0.568232,0.321579,0.502728,0.461731,0.399003,0.498405,0.465772,0.474094,0.568797,0.583064,0.458415,0.557335,0.599672,0.357787,0.666568,0.436497,0.376893,0.508625,0.632819,0.431943,0.487356,0.542885,0.369121,0.602178,0.572965,0.597571,0.534795,0.610057,0.447994,0.571238,0.496585,0.42529,0.474406,0.463488,0.550828,0.36357,0.495834,0.476003,0.478907,0.481148,0.52972,0.583042,0.460238,0.497885,0.319362,0.403189,0.453373,0.624441,0.498142,0.526091,0.569297,0.501086,0.523332,0.517652,0.452985,0.443145,0.528358,0.460858,0.431626,0.598308,0.384194,0.543376,0.584777,0.494125,0.408364,0.546507,0.508613,0.470754,0.590262,0.42988,0.450115,0.433087,0.476281,0.515092,0.492958,0.509676,0.499539,0.489845,0.496544,0.495065,0.506881,0.481123,0.499438,0.49676,0.497152,0.497455,0.504015,0.511307,0.494624,0.499715,0.474498,0.486774,0.493691,0.517144,0.499749,0.503524,0.509409,0.500147,0.50315,0.502383,0.493638,0.492296,0.50383,0.494708,0.490718,0.513436,0.484092,0.505867,0.511548,0.499207,0.487497,0.506293,0.501162,0.49605,0.512311,0.490478,0.493247,0.490918,0.496797,0.597419,0.454095,0.562924,0.496988,0.433999,0.477423,0.467785,0.544862,0.378995,0.496326,0.478832,0.481394,0.483371,0.526219,0.573391,0.464914,0.498135,0.339082,0.414377,0.45885,0.610265,0.498361,0.523016,0.561205,0.500958,0.520581,0.51557,0.458507,0.449808,0.525016,0.465463,0.439613,0.586955,0.397451,0.538277,0.574931,0.494819,0.418978,0.541044,0.507596,0.474199,0.579802,0.438066,0.45597,0.440907,0.479078,7.28945,9.04353,6.98511,7.31286,8.46461,7.96531,8.15507,7.19325,9.81532,7.74908,9.63649,8.62572,7.89723,8.113,6.94327,9.79595,8.43427,9.5933,8.69253,8.25759,7.13808,8.43168,8.25445,8.09107,7.69612,7.83712,7.89446,9.75327,8.98807,9.10822,8.1817,9.31141,8.39339,9.70151,6.84024,7.65669,8.67097,9.44956,7.60256,8.43087,8.70809,7.60008,8.49694,8.29068,8.11507,8.65223,0,3,0,4,3,9,10,9,9,3,9,5,10,6,5,7,3,14,3,13,5,7,8,4,2,1,2,2,3,5,11,12,4,9,8,4,5,1,6,5,5,7,2,2,6,14,14,4,2,2,2,2,5,3,2,1,1,1,1,13,16,9,20,4,3,10,3,8,6,5,9,5,3,7,2,6,9,10,2,0,2,0,0,1,1,3,4,3,3,3,2,10,8,11,8,16,8,6,14,2,3,6,4,10,6,1,2,3,8,2,7,3,3,3,10,18,2,4,5,3,1,4,5,6,5,6,1,4,6,10,4,9,7,5,9,9,11,12,9,7,10,11,12,10,12,7,18,3,3,3,3,4,4,2,4,5,9,9,12,3,11,8,13,17,19,15,12,15,19,13,16,7,4,10,14,6,16,7,12,5,6,8,10,4,12,5,4,4,4,3
162.529,0.857426,0.0128217,10,1023,0,-96.865,8.27572,0.455558,0.751172,-0.0785658,0.451661,-0.986834,0.322225,-0.395928,0.149139,-0.574562,-0.561408,0.424341,-0.311668,0.719582,0.998242,-0.509848,-0.0909835,0.0265216,-0.499725,-0.242966,0.100967,0.618613,-0.428972,-1.35317,0.0890093,-0.294255,-0.00487932,-0.411503,0.0964537,0.185466,0.486296,0.419711,0.279305,-0.569192,0.972135,-0.404612,-0.487716,0.222787,0.224629,-0.54179,-0.0705784,-0.229815,-0.110366,0.147432,-0.944143,-0.481645,-0.918772,-0.890794,-0.546284,0.520167,0.343424,-0.0956527,0.892035,0.28098,-0.759545,0.345063,0.204756,1.1016,-0.177898,1.31684,0.291991,0.498566,1.21606,0.684148,0.0541067,-0.276036,-0.145902,0.0167795,0.352818,1.01335,0.50801,0.235378,-1.00865,0.454443,-0.361842,-0.0352869,-0.0197165,0.0451269,-0.893918,-0.7062,0.726311,-0.632576,0.497244,-0.996335,0.343263,-0.208817,-0.862386,-0.233519,-0.809612,0.622364,-0.338843,0.175737,0.362675,-0.0342945,-1.05643,-0.596419,-1.06438,0.614456,0.593191,0.0272597,-0.321746,-0.582292,-0.00912162,0.68533,-0.23704,-0.13895,-0.894795,0.114866,-0.267148,0.722761,0.0545828,0.126832,0.0793754,0.899786,0.288307,0.456094,0.155511,0.365056,0.314052,-0.133784,-0.0310426,0.146085,0.120897,0.145742,0.334624,-0.149894,0.00643729,0.198188,-0.585836,0.409351,-0.0475157,-0.0501549,-0.129036,0.0633111,-0.524048,-0.724323,0.164383,0.0610168,15.677,0.498937,0.506109,0.486655,0.504359,0.494645,0.502017,0.492229,0.492407,0.50574,0.495784,0.509732,0.5135,0.493104,0.498769,0.500359,0.493241,0.496714,0.501366,0.508367,0.494198,0.481704,0.501204,0.49602,0.499934,0.494434,0.501305,0.502509,0.506578,0.505677,0.503778,0.492301,0.513147,0.494527,0.493403,0.503014,0.503038,0.492672,0.499045,0.496891,0.498507,0.501994,0.487232,0.493485,0.487575,0.487953,0.492611,0.505422,0.468872,0.567682,0.477778,0.527295,0.489709,0.539567,0.538665,0.47075,0.521495,0.450505,0.431545,0.535126,0.506278,0.49817,0.534431,0.516761,0.493033,0.457414,0.529568,0.59231,0.493858,0.520295,0.500337,0.528367,0.493344,0.487204,0.466492,0.471069,0.480735,0.539199,0.433314,0.527893,0.533606,0.484631,0.484504,0.537319,0.50487,0.515854,0.507616,0.489827,0.564788,0.533189,0.563066,0.561165,0.537627,0.510292,0.441102,0.626481,0.457885,0.551686,0.480471,0.574711,0.573025,0.444634,0.540742,0.406828,0.372121,0.566402,0.511918,0.496525,0.565098,0.531789,0.486775,0.419657,0.555965,0.670207,0.488341,0.538475,0.500639,0.553704,0.487366,0.475721,0.436632,0.445233,0.463473,0.574023,0.375324,0.552811,0.563551,0.470845,0.470605,0.570508,0.509246,0.530072,0.514455,0.480694,0.621231,0.562768,0.618097,0.61463,0.571085,0.514223,0.418935,0.671458,0.441915,0.571207,0.47302,0.602566,0.600282,0.423759,0.556199,0.372569,0.326722,0.591289,0.516469,0.495198,0.589515,0.543883,0.481725,0.389818,0.57706,0.727134,0.483888,0.553083,0.500884,0.573968,0.482541,0.466466,0.41284,0.424578,0.449595,0.601634,0.330895,0.572747,0.587409,0.459745,0.459414,0.596868,0.512778,0.541519,0.519974,0.473328,0.664601,0.586343,0.660492,0.655933,0.597651,8.45085,9.01753,7.0898,8.4324,7.69228,8.24812,8.28062,7.52354,8.9637,7.77821,9.52886,9.54884,7.57612,8.43819,8.89357,8.2855,8.2832,8.199,8.72686,8.42908,7.15134,8.62174,8.25688,8.16512,7.6764,7.91493,8.0057,9.79337,8.95898,9.07992,8.28609,9.36014,8.38248,8.0596,8.331,8.78602,8.68052,8.48497,7.5822,8.4444,8.68132,7.59423,8.37536,7.92967,8.10348,7.9739,1,4,1,2,3,18,21,14,9,1,5,7,1,7,0,1,2,2,7,15,11,7,12,9,15,3,1,1,1,5,15,16,7,7,21,2,3,0,5,14,18,7,4,3,12,8,6,3,10,5,4,1,4,4,4,2,2,4,2,19,12,25,13,8,6,8,6,13,11,5,8,8,11,2,3,10,4,6,1,1,0,4,4,1,3,1,3,2,1,2,2,8,19,19,18,18,21,12,16,3,5,11,3,3,6,2,1,7,7,5,2,5,13,11,17,12,7,5,6,2,0,9,1,3,0,6,3,3,3,6,4,18,13,24,15,23,14,14,12,17,19,5,20,11,8,11,10,9,3,8,5,4,5,8,6,10,6,7,2,4,11,9,5,22,10,10,18,8,7,11,9,16,9,15,5,10,10,21,20,5,15,8,6,10,5,5,3,5,2,6
168.713,0.936179,0.0128217,10,1023,0,-92.7024,8.23275,0.448565,0.627309,-0.364857,0.574194,-0.948956,0.363493,0.0858502,0.234912,0.107895,-0.11042,0.242021,-0.15491,0.0463901,0.549791,0.283215,-0.326836,-0.185191,-0.236631,-0.232135,-0.285157,0.444567,0.175532,-1.3157,-0.242776,-0.0104269,-0.759792,-0.41002,0.183185,0.179049,0.325775,0.148155,-0.324488,0.164879,0.820546,-0.892388,0.353431,-0.273487,-0.0622741,0.212166,0.307476,0.130491,-0.176829,-0.0750665,-0.652109,0.376567,-0.552894,-0.24821,-0.601623,0.529027,-0.297486,0.901675,-0.543699,-0.36475,-0.589893,0.265174,-0.264641,-0.0457011,-0.980065,0.574098,-0.52465,0.379485,-0.477923,1.14892,0.964261,-0.143111,0.15734,-0.0737321,0.347006,0.169523,0.601964,0.234953,-0.648436,0.253791,0.403877,0.209505,-0.0947891,0.015738,-1.44819,-0.141325,0.347733,-0.731826,0.0669838,-0.812022,0.593355,0.0321399,-0.557181,-0.877371,-1.13956,0.200825,-1.0195,0.285996,0.0346604,-0.119499,-1.59404,-0.451995,-0.622683,0.535524,1.00755,-0.0374715,-0.0927229,-0.865524,-0.237793,0.278608,-0.213907,-0.886235,-0.829636,0.142346,-1.08624,0.289827,-0.0689578,-0.243401,-0.138733,0.828854,0.370502,0.624575,0.0381569,0.097464,-0.206381,0.0673828,-0.166157,0.156882,-0.749321,0.191627,0.328133,0.149988,0.211738,0.142343,-0.0364082,0.184932,0.212419,-0.316001,0.128552,0.159605,-1.11539,-0.279336,0.142211,0.0966209,19.9705,0.412942,0.634987,0.285969,0.586739,0.520684,0.556388,0.525986,0.473407,0.558079,0.462726,0.511181,0.629516,0.567852,0.421857,0.455475,0.443203,0.444273,0.431688,0.605558,0.542214,0.219484,0.441741,0.497486,0.324616,0.402426,0.544045,0.543056,0.577894,0.535654,0.422409,0.539663,0.688093,0.297236,0.584385,0.434451,0.484992,0.550968,0.573583,0.531416,0.457476,0.481912,0.347782,0.589793,0.369786,0.440449,0.358905,0.513051,0.479468,0.533899,0.486998,0.496929,0.491596,0.49614,0.503951,0.491342,0.505542,0.49834,0.48034,0.489869,0.511691,0.506625,0.508465,0.508305,0.510201,0.4841,0.49372,0.546934,0.508685,0.500373,0.527157,0.514665,0.493446,0.493594,0.488347,0.4947,0.511607,0.494101,0.470676,0.531884,0.487358,0.509784,0.502228,0.49241,0.489001,0.495331,0.506326,0.502686,0.523314,0.486531,0.519771,0.508879,0.521511,0.600358,0.345145,0.742395,0.400007,0.476079,0.434868,0.46995,0.530752,0.43292,0.543089,0.487067,0.351322,0.421677,0.590141,0.551457,0.565604,0.564371,0.578852,0.378513,0.451209,0.812679,0.567287,0.502907,0.700035,0.612381,0.449096,0.450238,0.410145,0.458781,0.589508,0.454153,0.285931,0.730145,0.402703,0.575675,0.517358,0.441113,0.415092,0.463677,0.549149,0.52092,0.674225,0.396512,0.649466,0.568774,0.661737,0.525457,0.459987,0.565884,0.474638,0.494005,0.483601,0.492466,0.50771,0.483105,0.510816,0.49676,0.461681,0.480232,0.522808,0.51293,0.516519,0.516205,0.519903,0.468994,0.487744,0.59086,0.516948,0.500728,0.552861,0.528602,0.48721,0.487499,0.477266,0.489655,0.522645,0.488488,0.442948,0.561998,0.475339,0.519089,0.504349,0.485188,0.478541,0.490888,0.512346,0.505242,0.545414,0.473727,0.538534,0.517327,0.541915,8.33125,9.09422,6.9954,8.99941,8.26182,8.44608,8.15,8.01896,9.08118,7.96394,9.55394,9.45941,8.50568,8.37806,7.78742,9.20392,8.49486,7.8031,8.70422,8.23363,7.18901,8.48172,8.37402,8.143,7.64938,7.91246,7.90735,9.72755,8.96521,9.09556,8.22046,9.31514,8.40406,8.82353,8.21233,8.30986,8.66787,8.76693,7.84732,8.16818,8.68903,7.5847,8.48157,7.33521,8.077,8.04116,5,6,2,3,6,11,13,6,6,4,9,6,3,16,8,8,9,6,2,7,14,5,5,9,7,3,2,1,7,7,9,12,12,8,21,0,2,1,10,5,6,7,3,7,16,13,16,3,9,5,2,4,0,3,7,4,2,0,3,12,5,6,8,1,3,2,5,12,7,9,9,6,1,7,3,1,10,12,1,1,1,2,0,2,4,4,3,3,2,5,2,19,15,11,10,12,23,21,23,4,6,12,9,10,2,7,1,6,10,5,5,3,0,0,20,15,8,2,1,1,4,4,2,3,3,5,3,1,10,6,9,9,15,16,10,12,15,16,9,10,19,9,10,8,7,8,14,4,1,2,2,3,2,4,4,6,3,5,12,8,1,1,4,9,14,8,14,17,6,11,15,12,8,19,19,7,5,7,9,7,10,10,8,5,1,3,10,4,7,2
159.451,0.936172,0.0128217,9,511,0,-100.526,9.66841,0.444521,0.737953,0.737024,0.491305,-0.317469,-0.185802,-0.561466,-0.172955,0.0992319,0.760161,-0.0972846,0.25971,0.864135,1.10008,-0.0185015,0.0342919,0.139088,-0.488559,-0.168668,-0.35886,0.999141,0.135498,-0.765469,0.296393,-0.143064,-0.629668,0.168727,-0.406665,-0.567104,0.335918,0.770815,0.537842,0.144963,-0.759068,-0.0122853,0.204748,-0.210621,0.244694,0.0677444,0.0504186,0.38246,-0.227823,0.49895,-0.792167,0.346371,0.254939,-0.454714,-0.213742,0.416992,-0.359019,0.766778,-0.50021,0.231447,0.43028,1.04987,-1.15216,-0.251854,-0.913649,-0.31317,-0.698446,0.0941957,-0.608663,0.24836,0.774861,0.437315,0.0153375,-0.334425,0.355199,1.30964,0.755634,0.427242,-0.260426,0.63386,0.788999,0.957744,0.82906,0.944558,-1.60578,-0.484053,1.37369,-0.149239,0.910748,0.319788,1.53064,0.844932,-0.514286,-0.0521947,-0.431897,1.5031,0.223584,0.563563,0.383879,0.265473,-0.901484,-0.404147,-0.206934,0.293102,0.984379,0.224334,0.967683,-0.0415242,-0.0321451,0.0957379,0.405332,-0.0979863,-0.266426,0.678398,0.139221,1.05269,-0.331195,0.1063,0.916308,0.779759,0.875961,0.336896,-0.492455,0.73009,0.5677,-0.00782372,-0.135889,-0.19495,0.533695,0.214498,-0.192035,-0.00611129,-0.578549,0.12869,0.353042,-0.243489,-0.531932,0.271228,-0.247038,-0.0656014,0.0588346,0.148807,-0.107257,0.132154,16.582,0.639015,0.59404,0.43881,0.464069,0.392919,0.466546,0.519213,0.64314,0.481163,0.550141,0.66141,0.701072,0.496416,0.506642,0.526917,0.406473,0.467373,0.430928,0.684428,0.526224,0.355917,0.557165,0.472315,0.380387,0.532639,0.421868,0.391878,0.564707,0.645033,0.602706,0.528052,0.357054,0.49762,0.53958,0.45929,0.54726,0.51312,0.509766,0.573551,0.455981,0.595468,0.351188,0.566698,0.549226,0.412815,0.458689,0.579888,0.553508,0.465347,0.479698,0.438922,0.4811,0.510847,0.58235,0.489366,0.528363,0.593366,0.618003,0.497977,0.503749,0.515202,0.446789,0.481568,0.460847,0.60753,0.51481,0.417085,0.532359,0.484364,0.431591,0.518438,0.455657,0.438315,0.53666,0.583483,0.558532,0.515843,0.417766,0.498657,0.52237,0.476989,0.526727,0.507406,0.505512,0.541717,0.475113,0.554334,0.414249,0.537796,0.527843,0.45045,0.476649,0.510839,0.507226,0.495331,0.497267,0.491742,0.497456,0.50146,0.511179,0.498569,0.50382,0.512708,0.516175,0.499728,0.500504,0.502046,0.492814,0.497519,0.494722,0.514692,0.501993,0.488743,0.504359,0.497896,0.490739,0.502482,0.494019,0.491659,0.504941,0.511336,0.50791,0.502132,0.488837,0.499819,0.503012,0.496902,0.503599,0.500996,0.500742,0.505625,0.496649,0.507338,0.48835,0.505094,0.50375,0.493312,0.496856,0.527391,0.518269,0.488192,0.493088,0.479125,0.493566,0.503692,0.528249,0.496381,0.509661,0.532103,0.540834,0.499312,0.501276,0.505174,0.481833,0.493726,0.486653,0.537102,0.505041,0.471554,0.511025,0.494678,0.476592,0.506277,0.484876,0.478915,0.512494,0.528644,0.519998,0.505393,0.471791,0.499543,0.507616,0.492165,0.509102,0.50252,0.501876,0.514224,0.491525,0.518553,0.470564,0.512883,0.509483,0.48309,0.492049,8.96866,9.09235,7.12889,8.35139,6.83777,7.30178,8.18932,8.41601,7.97245,7.81989,9.44348,9.39647,7.48676,8.13006,8.23705,7.82915,7.88698,7.07942,8.69799,8.23275,7.17561,8.44382,8.33343,8.12421,7.711,7.92935,7.73808,9.83883,9.00869,9.05647,8.24408,9.29487,8.39873,8.74998,8.32169,8.79778,8.74344,8.56518,8.87364,8.23197,8.68567,7.55981,8.48504,8.37571,8.0879,7.83302,1,2,0,1,3,6,7,2,3,11,11,10,14,18,13,16,19,10,11,12,8,15,5,9,8,0,0,0,1,2,6,19,7,10,14,3,3,1,8,6,6,4,5,3,10,14,20,7,7,6,5,0,3,1,1,0,1,1,1,19,21,28,31,8,4,5,5,5,6,5,5,0,4,2,5,3,2,3,0,1,4,6,1,1,3,3,1,6,1,2,5,8,10,9,6,3,14,10,5,5,7,8,7,6,1,9,1,3,1,2,3,1,10,3,6,2,6,4,7,8,2,7,3,3,4,2,0,3,4,4,6,13,19,9,10,10,8,10,9,8,5,15,17,3,6,2,5,6,2,1,7,5,4,1,3,0,5,3,1,3,4,5,6,8,8,8,3,5,2,6,8,4,5,5,8,8,5,4,3,10,5,4,5,10,7,10,4,0,2,1
156.219,0.970101,0.0128217,9,1023,0,-79.3652,9.73358,0.508446,0.525892,-0.904536,0.749476,-0.594685,0.429905,0.743104,0.75056,-0.303239,-1.04063,0.171983,0.209543,1.25714,0.596702,0.407743,-0.178332,0.157517,0.519225,0.131166,0.894216,0.898376,-0.201815,-1.05818,0.026866,0.0800503,-0.0776123,0.113242,-0.284041,-0.628772,0.241181,0.504675,0.817768,-0.349249,0.0187381,0.256662,-0.45145,0.293847,-0.266384,-0.551234,-0.363085,-0.604511,-0.0254565,0.192336,-0.596186,-0.183289,-0.39326,-0.616846,0.223717,-0.629464,0.0241012,-0.320728,0.376894,0.0438104,-0.640296,0.0391149,0.0475297,0.484583,-0.231949,0.606702,-0.171263,0.294938,0.622687,-0.256618,0.476716,-0.815122,-0.291064,-0.144941,0.36666,0.627255,0.67585,0.37149,-0.698118,0.215774,-0.157207,0.03271,-0.165549,-0.510671,-0.781298,-0.308178,0.535523,-1.05083,0.817559,-0.62534,0.879411,-0.292552,-0.79286,0.277281,-1.55167,0.628469,-0.887967,0.317396,0.000405161,0.375341,-0.43554,0.145405,-0.282492,0.202894,0.956088,-0.276183,-0.222726,-0.670702,-0.219263,0.534076,-0.284122,-1.62939,-0.822117,0.388807,-0.386425,0.893947,-0.418155,0.37431,0.184717,0.985945,-0.0312334,-0.00798794,1.00447,-0.804984,0.531244,0.0911067,-0.132806,0.148167,0.125306,0.855222,0.123378,-0.112774,0.0387355,0.150491,0.369292,-0.021364,-0.100999,-1.11162,-0.453359,0.046702,-0.468661,-0.469966,0.237597,0.10894,22.6531,0.393838,0.588384,0.429597,0.551057,0.587648,0.588509,0.463923,0.378461,0.520485,0.524952,0.645496,0.570639,0.548442,0.478759,0.518764,0.561567,0.515627,0.604987,0.605461,0.475966,0.376496,0.503202,0.509539,0.490751,0.513493,0.4662,0.42562,0.528712,0.559858,0.596245,0.458473,0.502233,0.530551,0.446403,0.534963,0.468295,0.43468,0.456836,0.428449,0.496966,0.522906,0.429422,0.47817,0.453269,0.42701,0.526637,0.676407,0.351851,0.618867,0.413279,0.353036,0.351649,0.561481,0.700198,0.46501,0.457403,0.264109,0.380746,0.417666,0.536277,0.467945,0.395744,0.473296,0.325437,0.324693,0.541033,0.703192,0.494525,0.483693,0.515811,0.47694,0.557625,0.625398,0.45101,0.398583,0.339263,0.570693,0.496182,0.447887,0.590972,0.440404,0.554072,0.610478,0.573454,0.620754,0.505187,0.460886,0.619155,0.537281,0.579459,0.623118,0.454537,0.604421,0.413079,0.569229,0.4498,0.413803,0.412956,0.535469,0.619565,0.47986,0.475469,0.356825,0.430539,0.452372,0.520882,0.481553,0.439463,0.484637,0.396736,0.396269,0.523628,0.621502,0.496852,0.490622,0.509092,0.486735,0.533231,0.573142,0.471772,0.441144,0.405342,0.540829,0.497805,0.469964,0.552698,0.465626,0.531171,0.564229,0.542439,0.570358,0.502983,0.47748,0.569401,0.521462,0.545946,0.571774,0.473812,0.604703,0.412842,0.569419,0.449661,0.413568,0.412719,0.535568,0.619885,0.479804,0.4754,0.356448,0.430348,0.45224,0.52094,0.481502,0.439296,0.484594,0.396457,0.395989,0.523694,0.621826,0.496844,0.490596,0.509118,0.486698,0.533323,0.573342,0.471694,0.440981,0.405084,0.540942,0.497798,0.469881,0.552843,0.46553,0.531257,0.564406,0.542556,0.570551,0.502991,0.477418,0.569592,0.521522,0.546074,0.571971,0.473739,7.26623,9.10033,6.8194,8.56441,8.44922,8.45821,8.26662,6.28278,8.57544,7.8007,9.58483,9.09276,8.04248,8.14714,8.82976,8.69961,8.52555,8.63109,8.63608,8.39045,7.08249,8.39803,8.28585,8.19488,7.68301,8.12921,7.70989,9.80684,8.98105,9.06072,8.2105,9.30975,8.37975,7.63681,8.39857,7.86239,8.57855,7.74442,7.73929,8.15683,8.60031,7.461,8.41309,8.15686,8.12357,8.63864,4,2,1,5,4,12,7,0,12,2,2,5,11,3,6,9,5,3,10,1,4,0,2,1,5,0,7,3,3,3,8,22,8,21,12,1,1,2,8,9,11,0,4,4,19,19,16,3,8,3,4,4,4,5,2,0,0,0,2,11,12,15,25,3,0,3,13,9,13,10,3,3,6,5,7,7,4,11,4,5,4,10,2,4,1,5,1,4,3,1,3,4,15,13,8,5,19,18,25,4,5,3,4,3,3,3,1,8,5,12,0,13,6,4,3,5,6,4,5,1,1,1,0,1,4,3,3,0,6,9,5,11,11,10,12,10,8,19,13,6,17,9,27,15,12,9,25,6,7,3,9,6,8,2,7,0,13,5,6,6,10,8,3,11,27,14,19,13,6,12,15,11,20,21,28,18,14,21,18,3,5,3,8,1,5,0,15,14,13,14
165.339,0.945615,0.0128217,9,511,0,-94.2808,7.8467,0.418762,0.402877,-0.381635,0.481273,-0.675431,0.378972,0.65484,0.886863,0.134632,-0.621637,-0.259654,-0.0701396,0.0291637,0.509184,0.048204,0.0195971,-0.123381,-0.280009,0.0332232,-0.12755,0.386527,0.204469,-0.689071,0.0888498,0.0277137,-0.155939,-0.152679,-0.0382079,-0.218192,1.31014,0.335051,-0.281863,0.159268,0.501777,-0.699837,0.0303123,-0.217978,0.14291,0.236567,-0.119629,-0.0482347,-0.0327004,0.21907,-0.400959,0.210757,0.373573,0.258753,0.122922,0.245762,-0.0643747,-0.468664,-0.297725,-0.146448,-0.159776,-0.422297,-0.549469,-0.400224,-0.294963,-0.814343,0.200223,0.0096103,-0.327281,0.931351,1.6716,0.485633,-0.327356,-0.00677185,0.370301,0.519217,0.679,0.457109,-0.344989,0.477673,0.313861,0.811199,0.431811,0.511398,-0.681316,0.521569,1.00319,-0.355206,0.827488,-0.29581,1.34382,-0.150362,-0.336016,-0.466044,-1.3893,1.13919,0.308361,0.493259,0.251151,0.695924,-0.570197,-0.670871,0.365622,0.631494,0.489605,-0.152282,0.172024,-0.88624,0.29888,0.34052,-0.792045,-0.859265,-0.810859,0.334023,-0.346554,0.986629,-0.31382,-0.018931,0.173925,0.88417,0.311418,0.929179,-1.29839,-1.20512,-0.560181,-0.285491,-0.348674,-0.0999352,0.255906,-0.858515,0.502968,0.161192,-0.553874,0.483821,-0.329491,-0.0811408,0.199984,0.927856,0.301939,0.0812085,0.218642,-0.814241,0.144714,0.0243389,26.4754,0.345712,0.690936,0.244336,0.65328,0.749253,0.814947,0.556026,0.261318,0.393162,0.470722,0.512185,0.700809,0.520134,0.508189,0.448621,0.385075,0.51388,0.446898,0.656135,0.584626,0.240151,0.537062,0.51158,0.4352,0.436539,0.484038,0.409815,0.899351,0.636469,0.384341,0.566168,0.698206,0.236883,0.512665,0.409901,0.55944,0.597593,0.450173,0.479854,0.486338,0.59054,0.338442,0.587176,0.651233,0.606478,0.551189,0.453799,0.558166,0.418725,0.545881,0.57884,0.606038,0.51634,0.425096,0.468518,0.491485,0.503541,0.561506,0.505852,0.502379,0.485025,0.466057,0.504033,0.484519,0.54679,0.524804,0.417113,0.510785,0.503365,0.481077,0.481472,0.495361,0.473534,0.653905,0.540588,0.465833,0.519327,0.56062,0.415843,0.50368,0.47356,0.517343,0.52869,0.48548,0.494144,0.49603,0.526572,0.451474,0.525565,0.545231,0.531373,0.514919,0.479152,0.526282,0.463147,0.520703,0.535733,0.548325,0.507359,0.466073,0.485811,0.496166,0.501594,0.527804,0.502635,0.501071,0.493256,0.484699,0.501816,0.493028,0.521115,0.511175,0.462406,0.504856,0.501515,0.491477,0.491655,0.497912,0.488076,0.571128,0.518306,0.484598,0.508705,0.5274,0.461821,0.501657,0.488087,0.507811,0.512928,0.493461,0.497363,0.498213,0.511972,0.478097,0.511518,0.520408,0.51414,0.506719,0.577067,0.403267,0.634127,0.423463,0.369771,0.326926,0.472622,0.623906,0.552659,0.514274,0.494064,0.39781,0.490189,0.496011,0.525094,0.556753,0.493237,0.525941,0.421961,0.458474,0.6367,0.481922,0.494359,0.5317,0.531039,0.507777,0.544299,0.256017,0.432217,0.557126,0.467625,0.399256,0.638725,0.49383,0.544256,0.470942,0.451993,0.524332,0.509817,0.506656,0.455524,0.580902,0.457203,0.424536,0.447522,0.474999,7.66975,9.06163,6.89288,8.42633,9.14493,9.49997,8.20674,6.97815,7.8782,7.91193,9.50477,9.20646,8.11985,8.36617,7.75398,8.96492,8.39011,7.81131,8.70539,8.3285,7.16804,8.48777,8.28164,8.12216,7.76739,8.05258,7.73792,9.67767,8.91461,8.96173,8.24978,9.42715,8.27299,8.28621,7.38743,8.48363,8.68182,8.02297,8.03496,8.17547,8.71505,7.53836,8.33942,8.61886,8.07884,8.54746,4,5,2,3,5,12,5,15,13,1,4,5,8,10,4,3,6,8,2,3,5,4,5,6,6,1,1,3,7,7,16,12,12,12,10,2,1,1,19,8,20,6,3,6,6,10,11,2,3,3,2,4,5,5,2,1,1,0,3,3,11,9,5,4,1,5,3,9,2,6,8,6,5,9,11,1,12,8,1,3,4,3,1,2,3,2,4,3,9,9,9,6,19,21,18,12,10,8,6,0,0,8,10,10,2,2,1,2,8,9,5,4,2,3,8,6,2,1,3,0,0,0,4,1,3,3,3,2,4,5,5,13,15,13,11,9,7,26,22,20,15,14,19,16,13,20,10,8,4,8,11,7,7,2,8,3,4,5,4,9,2,4,8,16,5,9,8,9,12,12,9,7,9,7,11,5,17,5,7,6,11,5,7,15,15,30,2,1,3,1
164.252,0.923975,0.0128217,9,511,0,-93.8415,8.70916,0.351961,0.440385,0.193652,0.548739,-1.12637,-0.24876,-0.504079,-0.759692,-0.0529776,-0.103697,0.737406,-0.344682,0.450061,0.31496,0.100016,-0.0589985,0.0221376,0.0689017,-0.107598,0.10158,0.326424,0.0979114,-1.08567,0.347722,-0.0384698,-0.386528,-0.481321,-0.0839637,-0.204547,0.0723204,0.475539,0.092488,-0.0827998,-0.00955018,-0.50492,0.0451683,-0.31615,-0.353853,0.185258,-0.266051,-0.54401,-0.00718409,0.230108,-0.553153,0.0915482,0.0413258,-0.140092,-0.243192,-0.375753,-0.564261,-0.337043,-0.239667,0.235077,-0.313158,-0.33896,-0.765522,-0.450724,-0.67119,0.790834,0.178248,-0.122182,-0.0884363,0.238007,0.989916,0.09823,-0.258891,-0.0467068,0.357633,-0.771906,0.732639,0.682553,-0.805692,0.631008,0.936198,0.42115,0.989304,0.826113,-1.03323,-0.637367,0.934275,-0.653064,-0.501171,-0.230221,1.24868,0.288646,-0.58937,-1.00954,-0.708203,1.5697,-0.490129,0.329633,0.960691,-0.0997578,-0.958267,-0.14451,-0.0649354,0.299527,0.617913,-0.029918,0.444176,-0.928579,0.224969,-0.333427,-0.271406,-0.858052,-0.404337,0.976777,-0.177208,1.39842,-0.238783,0.525155,0.957082,1.40289,1.03562,-0.370377,-1.43508,0.293667,0.0371063,0.237095,-0.0429817,-0.116785,0.469372,-0.0146924,-0.0386905,0.665475,-0.260092,0.756188,-0.195986,-0.272033,-0.357314,1.27006,0.477031,0.194017,-0.867443,0.741586,0.143166,0.0900451,17.6453,0.547778,0.632558,0.246938,0.438746,0.377777,0.320379,0.486892,0.47436,0.674799,0.415517,0.609574,0.577321,0.524732,0.485403,0.505478,0.517045,0.473397,0.525118,0.580087,0.524212,0.254505,0.585214,0.490481,0.405493,0.383087,0.479233,0.449551,0.51789,0.61556,0.522873,0.47952,0.497637,0.377581,0.511176,0.422392,0.413313,0.545719,0.434536,0.368531,0.498222,0.556702,0.366427,0.522641,0.510226,0.465386,0.440104,0.504755,0.513472,0.472367,0.493891,0.487624,0.481353,0.498699,0.497453,0.518101,0.491536,0.511051,0.507734,0.502456,0.498551,0.500544,0.501692,0.497358,0.502495,0.508015,0.502404,0.473364,0.508538,0.499055,0.490509,0.488182,0.497938,0.494977,0.501776,0.511676,0.502271,0.497967,0.499765,0.487603,0.501109,0.492237,0.491311,0.504549,0.493467,0.486644,0.499824,0.505651,0.486419,0.502248,0.501015,0.49656,0.494028,0.458103,0.383197,0.726524,0.553738,0.607606,0.659033,0.511487,0.522473,0.345324,0.574196,0.403621,0.432119,0.478324,0.512792,0.495199,0.485062,0.523317,0.477985,0.429681,0.47878,0.719455,0.425159,0.508342,0.583046,0.602889,0.5182,0.544242,0.484322,0.398312,0.479954,0.517948,0.502071,0.60778,0.490206,0.568134,0.57614,0.459911,0.557441,0.615833,0.501558,0.450264,0.617707,0.480157,0.491039,0.530343,0.552544,0.535841,0.600353,0.302526,0.454011,0.407619,0.362766,0.490179,0.480784,0.633404,0.436443,0.582674,0.558128,0.518534,0.489064,0.504104,0.512771,0.480062,0.518824,0.560224,0.518144,0.308931,0.564112,0.492868,0.428826,0.4117,0.484438,0.46215,0.513405,0.587261,0.51714,0.484654,0.498229,0.407468,0.508373,0.441654,0.434771,0.534292,0.450835,0.400488,0.498668,0.542558,0.398862,0.516966,0.507661,0.474051,0.455035,8.61032,9.03209,6.92788,7.34325,7.68119,7.36814,8.21356,8.17815,9.28113,7.87833,9.46911,8.76117,8.43221,8.29532,8.30726,8.99544,8.23471,8.43416,8.71397,8.40176,7.0376,8.80182,8.30282,8.11913,7.70926,7.9538,7.80355,9.68251,8.95999,9.02485,8.17637,9.26801,8.28218,8.40715,7.25951,7.91029,8.66076,8.01931,7.38306,8.34185,8.6557,7.6641,8.39382,8.33119,8.0887,8.06583,1,2,1,2,2,11,20,12,21,4,8,7,7,2,4,6,10,6,8,8,5,5,6,8,10,4,4,2,1,1,9,13,31,8,25,0,1,2,2,4,6,2,5,2,12,14,13,2,3,6,4,3,2,4,2,4,2,2,1,15,21,11,19,1,1,3,11,7,6,4,8,8,12,4,9,8,4,5,2,1,0,2,2,5,2,5,1,0,3,2,0,17,17,13,20,11,24,23,28,3,4,12,5,3,3,3,4,10,3,7,2,10,7,13,6,7,3,4,1,2,6,2,2,0,0,3,0,2,7,10,9,12,11,18,22,13,19,11,13,20,23,20,15,5,9,18,10,9,13,12,16,8,12,1,2,3,8,6,9,13,8,6,18,12,13,20,12,23,5,8,14,13,9,14,7,11,11,12,11,17,9,15,11,16,10,12,0,0,2,1
168.688,0.708661,0.0128217,9,511,0,-90.5872,8.36751,0.426956,0.457516,-0.307643,0.36039,-0.577776,0.3946,0.372265,1.07877,-0.184737,-0.0973075,-0.338949,-0.0420226,0.600662,0.817564,-0.118233,0.0779813,-0.165448,-0.289714,-0.457587,0.763195,0.436274,-0.0861705,-0.597587,0.155665,0.0333129,-0.0508644,-0.0613238,0.01857,-0.225667,0.591663,0.455636,0.268669,-0.147673,-0.118836,-0.111916,0.373008,0.0496715,0.456718,0.276595,0.4169,0.335636,0.0203279,0.273569,-0.465796,-0.0618626,-0.628873,-0.127098,0.0635687,0.672614,-1.01415,-0.645381,0.22412,0.593957,-0.462367,-0.149076,-0.324947,-0.746107,-0.614622,0.065704,0.134852,-0.074464,0.202634,0.00424173,1.72336,0.280996,-0.359262,-0.0695904,0.362884,-0.68615,0.775521,0.266888,-0.000228892,0.391771,0.396279,0.74751,0.353144,0.270304,-0.926611,-0.289011,1.71651,-0.350707,1.24997,-0.0298802,1.31771,0.204006,0.0154867,0.120722,-0.605447,0.881782,0.262041,0.56521,0.895983,1.15754,-1.16168,-0.447314,0.307033,0.288717,0.687337,-0.0730157,0.391266,-0.918084,0.329869,0.397698,-0.320495,-1.58058,-0.494056,0.155867,-0.771508,0.600662,-0.975195,0.0401017,0.680116,0.92267,0.29706,0.929554,-0.672429,-1.02101,0.0579298,-0.333586,-0.426217,-0.230226,0.378464,0.138757,0.66426,0.0694235,0.25877,0.522938,-0.214166,-0.109646,-0.271883,0.154953,-0.280587,0.213197,-0.0439593,-0.246441,0.211775,0.00121487,23.8056,0.370475,0.650464,0.269785,0.663747,0.655103,0.865192,0.421074,0.458174,0.357983,0.481903,0.737914,0.803601,0.449236,0.533547,0.429197,0.37771,0.312472,0.788391,0.679583,0.462942,0.263112,0.566667,0.514349,0.4781,0.473604,0.508,0.403981,0.734904,0.686805,0.613729,0.436718,0.448979,0.451931,0.655392,0.521387,0.687206,0.616962,0.672269,0.640704,0.508757,0.615728,0.309441,0.473372,0.252793,0.445459,0.527361,0.478402,0.525295,0.459501,0.527692,0.526127,0.575207,0.487025,0.493165,0.476207,0.497048,0.542096,0.557182,0.491695,0.505478,0.48838,0.479659,0.467899,0.553409,0.530609,0.493947,0.458119,0.510934,0.50234,0.496427,0.495692,0.501305,0.484152,0.541468,0.531964,0.518865,0.489628,0.491653,0.492139,0.526179,0.503489,0.53204,0.519421,0.529253,0.523561,0.501428,0.519208,0.467325,0.495654,0.455937,0.491072,0.504466,0.503381,0.496039,0.506349,0.495664,0.495909,0.488147,0.50203,0.501069,0.503725,0.500462,0.493399,0.491016,0.501299,0.499143,0.501818,0.503184,0.505029,0.491613,0.495206,0.500947,0.506567,0.498289,0.499634,0.500559,0.500674,0.499796,0.50248,0.493498,0.494993,0.497047,0.501623,0.501306,0.50123,0.495901,0.499454,0.494981,0.49696,0.495418,0.496311,0.499777,0.496994,0.505119,0.50068,0.506911,0.501397,0.499301,0.518945,0.477811,0.535537,0.475708,0.477081,0.433926,0.51138,0.505995,0.520871,0.502589,0.463061,0.449799,0.507284,0.495196,0.510192,0.517842,0.528162,0.453118,0.473147,0.505309,0.536751,0.490411,0.497948,0.503134,0.503778,0.498856,0.5139,0.463612,0.471958,0.483453,0.509097,0.507321,0.506895,0.477035,0.49694,0.471891,0.482966,0.474337,0.479333,0.498748,0.483152,0.528666,0.503811,0.538668,0.50783,0.496084,7.66774,9.02509,6.92864,7.58297,8.56144,9.6438,8.22619,7.74323,7.61429,7.8405,9.55878,9.56151,7.70649,8.342,8.25986,8.0301,7.41488,9.18974,8.6689,8.39886,7.18707,8.4783,8.45699,8.16519,7.80651,8.04748,7.61917,9.80881,8.99122,9.00625,8.29095,9.46085,8.33932,9.04645,6.98591,9.18663,8.57041,9.12029,8.5995,8.43411,8.68308,7.59491,8.44162,7.48332,8.08244,8.31664,3,2,3,5,3,16,5,11,10,3,5,2,4,2,3,7,10,6,8,7,2,3,3,4,7,2,3,0,1,1,21,22,18,13,25,1,2,6,15,18,8,6,4,1,21,11,14,7,4,3,2,1,1,2,3,1,1,0,2,7,13,9,7,0,3,1,7,4,3,7,4,7,6,11,7,7,15,13,1,3,2,0,3,3,1,1,1,5,4,2,2,18,6,11,11,14,18,8,16,10,2,4,6,8,3,2,2,2,5,6,5,8,13,12,5,7,5,3,8,0,0,0,6,2,5,7,3,5,3,8,8,22,13,12,16,26,17,17,15,15,19,21,6,16,15,24,14,3,3,1,3,4,4,1,4,2,2,7,5,10,22,22,20,10,11,6,6,6,4,4,4,10,9,6,4,8,7,10,8,3,5,7,6,5,13,7,0,2,2,0
155.447,0.999828,0.0128217,9,511,0,-93.4589,8.94349,0.526906,0.432246,-0.855109,0.707899,-0.792296,0.373864,-0.0160504,-0.685581,-0.266056,-0.858861,0.334418,0.0167653,0.532133,0.198639,1.21226,-0.372604,-0.205559,-0.00995098,-1.26568,0.679816,0.805742,-0.039746,-1.46525,-0.0226537,-0.153966,-0.765119,-0.0310578,-0.14803,-0.40887,0.494876,0.194902,0.0237878,-0.19695,0.77649,-0.57687,-0.0630356,0.124107,0.290878,-0.561476,0.167908,-0.308444,-0.0998699,-0.0393992,-0.683583,-0.0127297,0.373939,0.125315,-0.0229752,-0.752174,0.87642,0.169929,0.0644099,-0.498193,0.248469,-0.236885,0.249287,0.645192,-0.234068,0.487653,-0.107745,0.367247,-0.220158,0.481969,0.531796,0.0839579,-0.298222,-0.0644436,0.36982,1.13651,0.698348,0.22722,-0.170165,0.349471,0.111064,0.226599,0.326173,0.0786294,-1.41504,-0.286457,0.200108,-1.08949,0.792746,-1.01525,0.620462,-0.685523,-0.326245,0.0692111,-0.856802,0.187658,-0.340272,0.232801,0.356482,0.182145,-0.935319,-0.648418,-0.275208,1.13742,0.816187,-0.102524,-0.594688,-0.869468,-0.0891061,0.751176,-0.76505,-0.992155,-1.15143,0.499314,0.157353,0.879903,-0.437773,0.0763246,-0.286072,1.30253,-0.161563,-0.447991,0.42884,-1.0586,-0.0707076,0.316699,-0.132241,0.134421,-0.0141262,-0.168962,-0.485701,-0.0790031,-0.470901,0.426794,0.362325,0.276419,0.19092,-0.344823,-0.238226,-0.00336763,-0.314814,-1.25618,-0.0162133,0.213478,11.5018,0.388234,0.593018,0.396196,0.549542,0.497866,0.409849,0.464687,0.38776,0.544344,0.502229,0.570278,0.526384,0.655809,0.450624,0.472698,0.498677,0.337807,0.589409,0.605513,0.494716,0.31449,0.496988,0.479542,0.399659,0.495871,0.48033,0.445854,0.565416,0.525889,0.503163,0.47384,0.601791,0.423902,0.49162,0.516494,0.538595,0.425902,0.522308,0.459084,0.486726,0.494762,0.410106,0.498308,0.549552,0.516654,0.496946,0.482059,0.514854,0.483376,0.507847,0.499663,0.485614,0.494416,0.481981,0.507019,0.500352,0.511167,0.504169,0.525423,0.49218,0.495686,0.499791,0.473459,0.514265,0.516906,0.499166,0.469284,0.499525,0.496768,0.483946,0.499348,0.496893,0.491419,0.510386,0.504091,0.500499,0.495866,0.516292,0.487894,0.498677,0.502605,0.506105,0.488217,0.503524,0.493526,0.497904,0.499173,0.485656,0.499733,0.507848,0.50263,0.499518,0.566897,0.444515,0.562035,0.470609,0.501263,0.553749,0.520927,0.567187,0.473704,0.498681,0.458217,0.484372,0.405733,0.529292,0.516173,0.500783,0.598316,0.446699,0.436923,0.503128,0.613318,0.501783,0.512115,0.559928,0.502444,0.511648,0.532135,0.46113,0.484665,0.498128,0.515496,0.43919,0.545277,0.504961,0.490234,0.477123,0.544075,0.486788,0.524257,0.507859,0.503101,0.553594,0.501002,0.470604,0.490139,0.501808,0.74539,0.291264,0.730127,0.384701,0.50504,0.702915,0.582785,0.746283,0.396495,0.494735,0.338842,0.43794,0.179047,0.614924,0.564199,0.503125,0.830606,0.2986,0.266557,0.512479,0.863022,0.507114,0.548202,0.723348,0.509752,0.546355,0.625654,0.349405,0.439096,0.49253,0.561538,0.273803,0.673631,0.519786,0.461103,0.409654,0.669366,0.447464,0.595672,0.531323,0.512371,0.70239,0.503998,0.384679,0.460726,0.507215,7.75126,9.034,6.93263,9.29131,7.76431,7.04679,8.12991,6.86146,9.0259,7.7995,9.566,8.88034,9.07877,8.2678,8.19477,8.98489,7.31315,8.51008,8.64479,8.37259,7.10084,8.64302,8.11027,8.1685,7.74821,8.2247,7.94507,9.73176,8.87633,9.02107,8.204,9.33509,8.3772,8.20778,9.02354,8.5873,8.82173,8.45545,8.05271,8.16828,8.62506,7.54279,8.40156,8.81616,8.09294,8.64268,5,4,6,1,2,4,18,1,8,6,4,13,24,19,19,18,23,11,21,14,6,9,5,9,9,2,0,0,2,10,11,10,13,11,10,3,2,5,11,14,15,3,1,1,8,25,34,4,2,3,2,5,4,3,10,2,1,0,1,20,7,12,18,7,5,3,5,2,3,4,4,2,7,8,8,4,8,4,2,0,3,2,5,0,0,2,0,3,2,8,10,24,28,27,36,12,11,8,15,2,4,2,7,4,0,1,1,1,0,4,0,3,0,6,6,7,0,0,0,5,2,2,0,2,0,0,0,0,2,11,3,6,3,7,14,6,6,10,3,7,7,7,7,5,7,7,6,4,3,7,7,0,6,1,1,3,7,11,5,4,1,1,2,10,13,12,9,12,6,22,5,14,11,7,12,6,5,13,14,0,3,2,2,0,3,4,12,17,11,9
163.957,0.984407,0.0128217,9,511,0,-91.2435,9.31211,0.497673,0.688842,0.292228,0.365875,-1.12505,-0.16146,0.0803175,0.703366,0.127674,0.541845,0.412978,-0.210219,0.819876,0.471035,0.105967,-0.20244,-0.241766,-0.200276,0.333163,-0.117193,0.545728,0.13361,-1.38514,0.049861,-0.140924,-0.60241,-0.333653,-0.263537,-0.414774,1.05018,0.424926,0.381381,0.119088,-0.172338,-0.329473,-0.304907,-1.02496,-0.233389,0.0501106,0.0310541,-0.00592309,-0.164857,0.140273,-1.01085,0.210972,-0.251361,-0.29513,-0.056742,0.798879,-0.789551,-0.185399,-0.313175,0.487405,-0.169432,-0.093676,-0.142845,-0.207282,-0.402231,-0.109721,0.0483926,0.00814417,0.15703,-0.00345744,0.0569939,-0.13639,-0.321417,-0.0395681,0.353414,-0.580012,0.52502,0.367007,-1.22519,0.262885,0.0118841,0.995027,0.098085,-0.354825,-0.759264,-1.03757,0.862509,-0.620344,0.458321,-0.379249,1.14817,0.296599,-0.490785,-1.03351,-1.21481,0.595727,-0.823273,-0.175785,0.470325,-0.264534,-0.679068,-0.10813,-0.402732,0.311481,0.418936,-0.218559,0.0661032,-0.672911,0.0722019,0.223513,-0.107069,-0.335882,-0.521824,0.370048,-0.762001,0.61312,-0.638776,-0.148484,0.753641,0.952738,0.576237,0.357754,-0.565718,0.806772,-0.185835,-0.68885,-0.310661,-0.130375,-0.0709821,0.0900265,0.542552,-0.0975001,0.286986,0.192501,-0.4656,-0.344297,-0.345583,0.0383975,0.372721,0.168965,-0.430686,-0.0876419,0.449893,0.0675153,30.4846,0.504164,0.505213,0.483975,0.497699,0.501144,0.510021,0.501819,0.50772,0.505884,0.497005,0.51168,0.506711,0.50151,0.497116,0.496555,0.497146,0.504747,0.49833,0.507775,0.501904,0.480274,0.50071,0.497992,0.491417,0.495246,0.496245,0.49409,0.514959,0.506054,0.505434,0.501697,0.497544,0.495306,0.495656,0.4854,0.496675,0.500714,0.500442,0.499916,0.497651,0.501999,0.485601,0.503006,0.496419,0.495795,0.499192,0.490037,0.487527,0.538287,0.505505,0.497261,0.476035,0.495647,0.481533,0.485922,0.507167,0.472073,0.483944,0.496387,0.506902,0.508243,0.506829,0.488642,0.503996,0.481401,0.495444,0.54709,0.4983,0.504805,0.520529,0.511375,0.508985,0.514139,0.464253,0.485515,0.486999,0.495939,0.505876,0.511232,0.510395,0.534892,0.507957,0.498291,0.498941,0.500202,0.505621,0.495217,0.534413,0.492807,0.50857,0.510062,0.501935,0.468577,0.460687,0.61882,0.517378,0.491353,0.424841,0.486257,0.441922,0.455651,0.522619,0.412629,0.449456,0.488592,0.521783,0.526008,0.521551,0.464189,0.512616,0.44151,0.485618,0.644868,0.494632,0.515169,0.564501,0.535863,0.528345,0.544541,0.388815,0.454375,0.459028,0.48718,0.518547,0.535415,0.532783,0.608601,0.525108,0.494605,0.496656,0.500638,0.517743,0.484901,0.607152,0.4773,0.527038,0.531734,0.506109,0.493597,0.491984,0.524631,0.503538,0.49824,0.484594,0.497203,0.48813,0.490952,0.504606,0.482044,0.489681,0.497678,0.504435,0.505297,0.504388,0.492701,0.502568,0.488045,0.497073,0.530312,0.498908,0.503088,0.513196,0.50731,0.505774,0.509087,0.477006,0.490691,0.491645,0.497391,0.503776,0.507218,0.50668,0.522442,0.505113,0.498902,0.49932,0.50013,0.503612,0.496927,0.522134,0.495378,0.505507,0.506466,0.501243,8.75516,9.00291,6.9107,7.11129,8.12265,8.7491,8.27188,8.58669,8.87657,7.83052,9.48818,8.93495,8.14844,8.25779,7.90042,8.46245,8.79632,7.92406,8.5906,8.27785,7.06866,8.51147,8.49334,8.20822,7.70642,8.00856,7.8565,9.68785,8.88859,9.04729,8.26325,9.34517,8.33255,8.32846,6.24308,8.40037,8.7283,8.66626,8.26758,8.46928,8.60238,7.61867,8.35563,7.89077,8.07299,8.40429,0,2,1,0,2,18,18,7,7,3,4,2,4,9,7,6,5,6,4,2,2,6,7,3,1,8,3,3,1,2,13,17,20,22,17,4,1,4,9,16,12,9,6,6,13,16,11,12,8,9,5,6,3,1,4,2,1,3,7,7,6,7,7,4,1,0,11,10,7,4,12,4,10,9,10,11,7,13,7,9,9,8,6,8,5,17,4,1,5,1,1,22,24,25,22,23,12,13,10,1,0,8,9,9,6,4,3,12,10,17,7,9,6,9,18,14,8,7,6,0,1,1,2,1,4,4,6,8,4,6,10,12,17,24,18,26,21,18,14,20,21,16,20,28,22,15,22,8,10,4,2,7,11,7,8,7,3,5,8,30,38,24,25,10,19,30,12,28,19,20,20,22,25,21,24,16,16,21,22,15,22,21,25,6,9,7,3,3,4,1
172.987,0.999934,0.0128217,8,255,0,-112.672,8.5778,0.508941,0.569478,0.0445031,0.575737,-0.964307,-0.653361,0.500329,0.784985,-0.0337892,-0.32775,0.110736,-0.142395,0.544635,0.587356,-0.600781,-0.252671,-0.578834,0.294922,-0.280012,0.385201,0.598265,0.226224,-1.24486,0.161985,-0.249121,-0.235395,-0.312854,-0.0345953,-0.381715,1.22906,0.473877,0.147976,0.0336207,0.461243,-0.427502,0.0358304,-0.420316,0.0848974,0.386823,0.121114,0.607225,-0.0908339,0.212421,-0.771309,0.309859,-0.26798,-0.169339,-0.450575,0.514511,-0.433143,-0.337507,-0.278694,0.205271,0.36961,-0.190519,-0.288376,-0.232203,-0.310336,-0.0115061,-0.162601,-0.0293658,0.0380876,0.328731,0.250603,-0.08878,-0.177343,0.0129022,0.360634,0.0202749,0.605547,0.342507,-0.483986,0.545815,0.305876,0.376595,0.331859,0.552051,-1.22656,-1.33343,0.761548,-0.581718,-0.048879,-0.0933784,0.610006,0.104541,0.207092,-0.587366,-1.09271,0.73188,-0.446598,0.227505,0.522355,-0.462695,-0.618145,0.0612738,-0.280799,0.141846,0.206795,-0.181372,0.203694,-0.645946,-0.102172,0.0357143,-0.300883,-0.830288,-0.123588,0.587382,-0.753727,0.792848,-0.501626,-0.131314,0.323175,0.946778,0.303907,0.139593,-0.768952,-0.550526,0.0801835,-0.47414,-0.297013,-0.123212,0.470129,0.41843,0.263235,-0.0951379,0.128199,0.472509,-0.432179,-0.158934,-0.126044,-0.279834,-0.192743,0.13881,-0.0136785,0.122332,0.241598,0.00501283,23.0811,0.502788,0.536008,0.439878,0.459158,0.531305,0.549022,0.497883,0.479478,0.506937,0.49108,0.534069,0.536732,0.462432,0.484175,0.463799,0.518469,0.482464,0.524114,0.537412,0.514169,0.422635,0.510147,0.484397,0.485257,0.480409,0.497833,0.476103,0.576398,0.529654,0.50927,0.502106,0.528865,0.473242,0.502245,0.473691,0.505319,0.524216,0.507587,0.53797,0.494309,0.513305,0.451827,0.519403,0.483217,0.489392,0.471801,0.499012,0.487224,0.52139,0.514497,0.488897,0.482584,0.50075,0.507274,0.497542,0.50316,0.487914,0.486967,0.513331,0.505608,0.512844,0.493455,0.506215,0.491451,0.486725,0.494979,0.527602,0.496405,0.505529,0.505224,0.506943,0.500768,0.508471,0.472748,0.489484,0.496716,0.499254,0.489764,0.509487,0.499205,0.509328,0.498116,0.491415,0.497312,0.486526,0.502016,0.495285,0.517113,0.493123,0.505948,0.503758,0.509999,0.499848,0.498031,0.503298,0.502234,0.498289,0.497316,0.500116,0.501121,0.499621,0.500487,0.498138,0.497991,0.502054,0.500864,0.501979,0.498991,0.500958,0.498683,0.497954,0.499226,0.504257,0.499446,0.500852,0.500805,0.50107,0.500118,0.501305,0.495797,0.49838,0.499494,0.499885,0.498423,0.501462,0.499877,0.501437,0.49971,0.498677,0.499586,0.497924,0.500311,0.499274,0.502638,0.49894,0.500916,0.500579,0.501541,0.501361,0.517601,0.470543,0.480029,0.515297,0.523989,0.498967,0.489978,0.503387,0.495645,0.51665,0.517955,0.481635,0.492273,0.482305,0.509019,0.491437,0.511778,0.518289,0.506918,0.462002,0.504954,0.492382,0.492801,0.490433,0.498942,0.488328,0.537518,0.514489,0.504525,0.501028,0.514102,0.486929,0.501096,0.487148,0.502596,0.511828,0.503704,0.518562,0.497222,0.506496,0.476429,0.509475,0.491805,0.494821,0.486224,8.46211,9.04798,7.02899,7.038,8.51942,8.80908,8.07554,7.67672,8.52952,7.86535,9.42865,9.01454,7.39888,8.15969,7.52088,9.17453,8.13187,8.40226,8.61908,8.34015,7.15012,8.58167,8.20857,8.15589,7.69188,8.0845,7.73125,9.66178,8.89907,9.02499,8.14414,9.23291,8.43935,8.49855,7.27515,8.54849,8.74892,8.58534,8.73764,8.36965,8.633,7.67719,8.42526,7.83721,8.05178,7.95829,3,3,3,2,6,10,9,15,16,4,3,4,1,2,3,4,1,7,10,9,6,5,13,11,8,3,5,0,2,1,26,19,12,15,18,5,2,0,6,3,5,7,3,9,10,11,6,3,6,5,9,3,3,1,1,2,1,4,1,6,8,11,14,2,1,1,6,7,10,7,5,13,11,14,6,8,2,5,2,0,2,2,7,6,9,8,2,3,2,4,5,9,6,10,17,18,7,5,14,1,0,5,12,10,0,4,3,7,6,2,5,7,19,20,5,2,3,2,14,0,1,1,5,7,7,7,3,5,5,13,14,12,13,10,16,11,13,17,14,16,8,12,26,13,13,12,17,5,6,11,6,4,7,7,6,3,10,9,3,12,7,17,11,10,15,8,23,14,20,13,18,15,10,13,13,23,17,19,9,9,8,7,5,6,2,6,5,3,4,3
192.351,0.972402,0.0128217,8,255,0,-116.202,8.91646,0.521734,0.377531,0.138033,0.208504,-0.70317,0.431633,-0.454345,-0.434946,-0.0341918,0.087414,-0.0764667,0.031177,0.271811,0.598234,0.0692597,-0.0827116,0.552264,-0.362254,0.137713,-0.124002,0.667581,-0.0623186,-1.04847,0.0582655,-0.264199,-0.450727,-0.168001,-0.0794366,-0.374698,0.254738,0.486,-0.0633229,-0.11506,0.311277,-0.612429,-0.454913,0.31651,-0.0778492,-0.0450869,0.0848341,-0.604903,-0.285396,0.27012,-1.0248,0.0329471,0.618372,0.434755,0.469367,-0.414766,-0.209784,-0.111589,0.0568225,-0.00476093,-0.233499,0.221274,0.590019,0.0192704,-0.438138,0.717845,0.00351565,0.0836492,-0.541118,0.690287,0.912416,-0.243788,-0.319304,-0.0657449,0.356257,0.924581,0.637734,0.140217,-0.91177,0.509715,-0.0751038,0.171269,0.41258,0.258021,-0.697558,-0.116313,0.654059,-0.884451,0.577749,-0.838909,0.530092,-0.036966,-1.39577,-0.42249,-0.907349,0.855948,-0.416589,0.171309,0.656189,0.69889,-1.04001,-0.718263,-0.244424,0.619485,1.18743,-0.102519,-0.0370958,-0.909119,0.301751,0.162146,-0.482405,-0.83417,-1.27595,-0.0713001,-0.728304,0.828834,-0.12239,0.149728,0.371547,0.768953,0.341279,0.257877,-0.0836733,0.547655,-0.1828,-0.0511813,-0.0996242,-0.124316,-0.393478,-0.197598,0.190526,0.044841,0.237765,0.131684,0.0362571,0.0822592,-0.124623,0.171154,-0.148083,0.0532115,-0.73089,-0.585841,0.0947195,0.126518,15.6124,0.531444,0.547418,0.344889,0.597204,0.397821,0.402069,0.492201,0.519929,0.482565,0.507111,0.561685,0.63317,0.515793,0.481142,0.623374,0.418112,0.531372,0.471745,0.647738,0.485789,0.277551,0.513287,0.440025,0.398612,0.461753,0.481888,0.415353,0.557847,0.609077,0.48556,0.473778,0.57053,0.363827,0.397697,0.5717,0.48225,0.489717,0.519341,0.365418,0.435265,0.561305,0.281902,0.507515,0.637427,0.597889,0.605458,0.491588,0.487295,0.542751,0.473717,0.527663,0.526484,0.502084,0.494673,0.50466,0.4981,0.48344,0.463604,0.495779,0.505041,0.466392,0.522064,0.491608,0.507557,0.459402,0.503798,0.563555,0.496449,0.516097,0.527443,0.510238,0.504841,0.522821,0.484479,0.470414,0.503859,0.507012,0.481038,0.537257,0.527697,0.480719,0.504745,0.502748,0.49483,0.5368,0.517387,0.483543,0.562136,0.497992,0.462383,0.473528,0.471425,0.4748,0.461975,0.62573,0.421779,0.582264,0.578812,0.506247,0.484033,0.513969,0.494304,0.450497,0.392398,0.487347,0.515109,0.400437,0.565808,0.474858,0.522643,0.380382,0.511385,0.682723,0.489355,0.548126,0.581621,0.530659,0.514511,0.568041,0.453588,0.412119,0.511568,0.521012,0.443367,0.610073,0.582365,0.442423,0.514221,0.508238,0.484504,0.608763,0.55196,0.450803,0.678965,0.49398,0.388894,0.421222,0.415067,0.479795,0.4695,0.601554,0.437118,0.566153,0.56336,0.505008,0.4872,0.511197,0.495434,0.460274,0.413269,0.489858,0.512112,0.419814,0.552858,0.479842,0.518153,0.403453,0.509126,0.648906,0.491467,0.538618,0.565633,0.524586,0.511632,0.554659,0.46276,0.429297,0.509273,0.516845,0.454536,0.588747,0.566235,0.453776,0.5114,0.506603,0.487578,0.587679,0.541702,0.460521,0.645741,0.495175,0.410411,0.436668,0.431686,8.50708,8.9631,6.96137,8.25644,7.26217,7.28573,8.31842,7.92339,8.2448,7.85462,9.50395,9.06692,7.90119,8.23716,9.03326,8.72947,8.50669,7.66486,8.62877,8.28402,7.07138,8.40957,8.38539,8.14676,7.6111,8.04626,7.6859,9.70943,8.93105,9.09438,8.21954,9.36158,8.42606,8.15323,8.11634,8.61303,8.72185,8.81198,7.40673,8.35954,8.66838,7.46929,8.40052,9.11316,8.10218,8.91087,1,4,2,3,2,12,12,10,6,0,8,2,10,6,7,7,8,6,7,10,9,7,9,7,9,1,1,0,2,3,15,7,5,9,10,5,2,4,15,11,9,2,3,3,11,9,24,2,0,2,0,3,1,2,2,4,1,0,2,13,11,16,4,6,6,7,9,5,3,3,3,6,11,11,4,10,10,12,3,3,6,1,2,2,5,1,4,3,4,0,7,12,10,17,25,7,25,14,22,3,6,3,5,7,1,2,3,2,6,3,7,1,3,7,7,11,0,1,4,1,1,1,2,1,2,2,2,0,13,8,6,13,6,10,8,12,18,11,20,10,23,12,16,12,12,12,12,1,7,5,3,1,8,6,6,6,12,3,7,10,7,7,12,5,7,5,10,8,10,9,5,2,3,4,5,6,7,11,6,7,8,5,5,7,5,14,8,4,4,6
178.695,0.854666,0.0128217,8,255,0,-125.57,8.62513,0.392234,0.348125,-0.568514,0.549754,-0.83633,-0.308265,0.190825,0.120501,-0.0830008,-0.649021,-0.94897,-0.204758,0.665293,0.759517,0.326906,-0.161869,-0.398383,0.319359,-0.1855,0.532677,0.618389,-0.0847125,-1.1222,0.291951,0.0454912,-0.750211,-0.242549,-0.159018,-0.305488,0.0895115,0.537192,0.277827,-0.137318,0.071292,-0.337785,0.533641,0.107567,0.928154,-0.363765,-0.276158,-0.136234,0.0798598,0.236703,-0.729462,0.0325577,0.0274843,0.277526,-0.552827,-0.390915,0.0285913,-0.0231821,-0.0455548,0.285355,-0.112475,-0.477032,0.133408,0.198679,-0.359832,0.97994,-0.00488991,-0.095094,-0.406563,0.102324,0.504491,0.548346,-0.329722,-0.0162354,0.361452,-0.068929,0.980525,0.15767,-0.782825,0.0609464,0.323389,0.811238,0.485029,0.347232,-0.674116,-0.727653,1.51328,-0.949759,0.459329,-0.303654,1.10181,0.337785,-1.94171,-0.342845,-1.15594,0.581112,-0.595871,0.467904,0.51895,-0.173011,-0.731909,-0.393602,-0.397321,0.978273,0.876373,-0.575802,-0.50112,-1.10723,0.0648855,0.684214,-0.315693,-0.971931,-0.602609,0.110821,-0.61442,1.09836,0.0245811,-0.426231,0.616432,0.939921,0.683686,-0.157589,-0.329331,0.79564,0.235001,0.160241,-0.0218195,0.0523724,0.171095,0.245345,0.262759,-0.0833264,-0.281438,-0.0840522,0.096408,0.285732,-0.102909,-0.35976,0.0272514,0.177166,0.161105,-0.881544,0.0350606,0.0616182,17.184,0.428785,0.568895,0.396057,0.461199,0.524049,0.515193,0.489533,0.418867,0.382548,0.474198,0.58313,0.594637,0.541137,0.479596,0.449923,0.540191,0.476621,0.566781,0.577366,0.489317,0.362128,0.536755,0.505737,0.406495,0.469447,0.479955,0.461547,0.511288,0.567341,0.534983,0.482688,0.508991,0.4575,0.566901,0.513563,0.614968,0.454249,0.465226,0.482825,0.510071,0.529818,0.409023,0.504106,0.503466,0.534945,0.430724,0.422689,0.574798,0.387318,0.457841,0.526136,0.516513,0.488624,0.411955,0.372767,0.47196,0.590205,0.60264,0.544695,0.477825,0.445603,0.543668,0.474592,0.572508,0.58397,0.488389,0.350839,0.539937,0.506236,0.398582,0.466799,0.478215,0.458219,0.512268,0.573114,0.538013,0.481184,0.509772,0.453826,0.572637,0.514742,0.62456,0.450297,0.462215,0.481333,0.510946,0.532403,0.401313,0.504463,0.503768,0.537972,0.42479,0.477118,0.522128,0.466367,0.487587,0.507685,0.504853,0.496657,0.473884,0.461853,0.491754,0.52677,0.530552,0.513163,0.493481,0.48396,0.51286,0.492529,0.521441,0.524886,0.496588,0.454925,0.511757,0.501832,0.469821,0.490232,0.493596,0.487699,0.503605,0.521623,0.511188,0.49447,0.502871,0.486399,0.52148,0.504332,0.537313,0.485353,0.488879,0.494513,0.503216,0.509532,0.470654,0.501311,0.501107,0.511176,0.477749,0.622734,0.381159,0.676397,0.567522,0.458044,0.473468,0.518284,0.639257,0.69774,0.545004,0.357442,0.338598,0.428449,0.535613,0.586907,0.430079,0.540791,0.384716,0.366993,0.518661,0.728943,0.436011,0.489976,0.659562,0.553252,0.534988,0.566921,0.480283,0.383774,0.439075,0.530226,0.484293,0.573898,0.384515,0.476311,0.306144,0.579489,0.560563,0.529988,0.482407,0.448022,0.655443,0.492825,0.493943,0.43914,0.61948,7.73715,8.94836,7.03825,7.69004,8.2061,8.12603,8.30087,7.25058,7.306,7.75566,9.54465,9.24753,8.36098,8.19967,7.94192,9.15153,8.17276,8.59494,8.69228,8.29892,7.11044,8.71638,8.37463,8.15293,7.71264,8.06907,7.90235,9.72878,8.99524,9.10427,8.23902,9.29342,8.40341,8.93005,8.16349,9.37729,8.63876,8.00841,8.09501,8.41377,8.6535,7.49336,8.43247,8.42669,8.05241,7.75497,2,0,1,1,2,8,8,8,2,5,5,4,16,4,10,5,14,8,6,11,10,9,9,3,8,3,3,3,1,3,14,5,19,16,20,3,3,6,4,5,21,1,4,3,23,15,10,4,6,5,1,2,7,5,4,2,3,2,0,9,12,21,12,7,1,2,6,8,3,5,7,2,2,4,8,3,2,4,4,3,7,3,7,1,3,4,5,2,5,4,5,7,17,8,13,16,13,10,7,1,3,1,3,7,4,5,3,3,4,2,0,2,4,3,5,10,7,1,3,2,3,3,1,1,1,3,2,2,6,8,7,16,12,10,21,13,18,18,13,7,21,6,16,14,18,5,23,3,7,1,5,1,1,10,8,3,0,4,5,11,11,13,16,4,6,8,9,9,9,4,8,10,7,6,10,7,6,9,9,6,7,9,7,0,0,3,8,4,4,4
175.922,0.616821,0.0128217,8,511,0,-109.079,9.23474,0.468679,0.461777,0.89344,0.416187,-0.75456,0.395512,-0.167792,-0.313945,0.0132572,0.554775,1.17525,-0.105965,0.318452,0.3659,-0.112318,-0.0896474,0.403691,-0.477778,0.45147,-0.0300926,0.467976,0.00475884,-0.935834,0.0965107,-0.0827921,-0.335741,-0.270034,-0.0318854,-0.192281,0.551154,0.428832,0.0354036,-0.0180679,-0.169026,-0.413543,-0.869832,-0.172759,-0.759772,-0.268661,0.503641,-0.1918,-0.045849,0.165107,-0.538867,0.127132,0.359024,0.0529759,0.783471,-0.496926,0.0984432,-0.255655,-0.171402,0.0193628,0.146208,0.0586047,-0.233686,0.141613,-0.759683,-0.180573,0.206439,0.122044,-0.367926,0.417782,1.23577,-0.0866201,-0.335857,-0.147505,0.364839,0.717857,0.675731,0.17532,-0.409573,0.509524,0.104185,-0.0540964,0.0726275,0.139591,-1.36757,-0.986233,0.542532,-1.02061,1.01597,-0.836297,0.468433,0.182528,-0.0022621,-0.248274,-0.799181,0.712048,-0.657199,0.24538,0.922392,0.845336,-0.909118,0.0493933,-0.307655,1.10699,1.7703,-0.0286704,0.336148,0.211486,0.364314,-0.0455504,0.415938,-0.798947,-1.26813,0.298968,0.182016,0.839219,0.544397,-0.0679364,0.716883,0.890277,0.282815,0.534068,-0.529117,-0.680535,0.0802903,-0.131342,-0.0961304,-0.193177,0.112692,-0.238792,0.582848,-0.0355329,0.106805,-0.271066,0.154556,-0.170769,-0.187435,0.298023,-0.180059,0.0115672,-0.397541,-0.906049,0.429626,0.0951313,23.5226,0.751025,0.625817,0.282425,0.619815,0.448347,0.404207,0.504096,0.664982,0.810359,0.46731,0.597133,0.611155,0.465356,0.472332,0.622194,0.356537,0.63597,0.490704,0.640679,0.50147,0.239308,0.529781,0.474444,0.397738,0.417341,0.49015,0.440874,0.663984,0.629469,0.510936,0.494418,0.44797,0.374949,0.25447,0.446829,0.281122,0.417753,0.650761,0.441021,0.485839,0.550833,0.339412,0.539196,0.609134,0.516361,0.724759,0.480662,0.490988,0.516334,0.491436,0.503633,0.506798,0.499713,0.487989,0.474572,0.502295,0.493104,0.492077,0.502432,0.501941,0.491259,0.510345,0.490225,0.500652,0.489867,0.499897,0.520254,0.49791,0.501793,0.50727,0.505847,0.50069,0.504164,0.488067,0.490715,0.499233,0.500391,0.50366,0.508954,0.518827,0.503741,0.516447,0.505818,0.489095,0.504153,0.500993,0.496425,0.511667,0.497247,0.492226,0.498853,0.48304,0.412127,0.458731,0.574435,0.460773,0.51667,0.531161,0.498682,0.445086,0.385276,0.51053,0.468393,0.463699,0.511161,0.508909,0.459965,0.547342,0.455251,0.502991,0.453624,0.499527,0.59195,0.490409,0.508228,0.533318,0.526812,0.503169,0.519101,0.445442,0.457483,0.496481,0.501796,0.516792,0.541008,0.585597,0.517163,0.574941,0.526676,0.450112,0.519053,0.504557,0.483597,0.553352,0.487368,0.464379,0.494735,0.422758,0.307997,0.40683,0.664557,0.411358,0.537934,0.570637,0.496997,0.376917,0.256386,0.523984,0.428363,0.41787,0.525419,0.520295,0.409565,0.606564,0.399139,0.506816,0.395558,0.498922,0.700129,0.478153,0.518745,0.575468,0.560863,0.507222,0.543444,0.377688,0.404068,0.491981,0.504093,0.538212,0.592592,0.687425,0.539052,0.665609,0.560556,0.387858,0.543336,0.510384,0.462671,0.619692,0.471235,0.419386,0.488003,0.329629,9.54872,8.97403,6.98277,8.74683,7.77568,7.5747,8.25376,8.76731,9.90438,7.86105,9.3589,8.84734,7.85227,8.21939,8.79087,8.26385,8.96374,7.96598,8.65032,8.24201,7.08365,8.47689,8.28705,8.1181,7.63493,8.07481,7.85322,9.6554,8.93302,8.9688,8.21042,9.24282,8.35096,7.2267,7.96372,7.3699,8.74028,9.09247,7.85388,8.33815,8.57163,7.66325,8.41123,8.72998,8.06501,9.40608,4,5,15,5,4,13,7,24,7,1,5,4,1,3,2,8,3,5,9,4,3,2,7,6,1,1,2,1,2,0,10,11,10,16,17,1,2,2,11,11,18,3,2,2,1,4,4,9,13,7,3,4,7,5,5,8,7,7,6,5,14,7,11,6,1,2,8,3,6,8,5,19,19,10,16,24,14,11,2,3,4,2,3,6,8,4,11,5,1,2,1,11,18,28,27,20,39,43,37,6,3,6,9,11,8,8,1,11,13,4,10,10,11,9,4,1,15,8,10,0,1,0,1,1,3,3,4,1,6,3,12,11,11,13,23,28,21,26,19,27,18,18,26,19,13,20,26,6,7,10,2,8,9,14,7,13,8,8,5,16,23,27,13,12,10,16,7,15,10,9,14,17,6,11,10,15,15,11,13,13,9,6,11,11,14,10,6,10,6,6
171.884,0.970605,0.0128217,9,511,0,-108.847,9.90706,0.671923,0.287297,-1.30862,0.750029,-0.650085,-0.50677,-0.257902,0.599734,0.176632,-0.585529,-1.48504,0.210507,1.13858,0.391417,-0.0948001,-0.110064,-0.466716,0.741427,-0.578346,0.506388,0.999434,0.323587,-1.31665,0.19527,-0.0528677,-0.585509,0.120336,-0.645695,-0.962439,0.189004,0.534871,0.624379,0.220432,0.210882,0.0673904,0.550662,0.139002,0.714438,-0.47292,-0.0523896,0.0236859,0.0586066,0.272986,-0.84019,0.411067,-0.575691,-0.448059,-0.946726,0.607416,0.301369,-0.0771341,-0.233282,-0.381335,-0.328959,0.0378307,0.394085,0.261631,-0.0372762,0.537852,0.158714,0.308046,0.401549,-0.00882042,-0.0366706,-0.0538864,-0.43489,-0.158568,0.352384,0.81101,0.668189,0.310955,-0.894494,0.460893,-0.183652,0.456224,-0.235482,-0.169997,-0.237018,-0.766474,0.920997,-0.919693,0.580062,-0.301607,0.387436,0.159088,-0.854447,-0.0269401,-1.05073,0.599825,-0.746664,0.539672,0.199095,-0.260809,-0.857869,-0.726892,-0.585784,-0.139268,0.0454944,-0.186257,0.263985,-1.16183,0.131102,-0.206822,-0.534321,-1.14443,-0.810697,0.10543,-0.749991,0.888854,-1.49627,0.113101,0.598425,1.02379,1.04855,0.247988,0.126013,0.649498,-0.0416772,-0.115291,-0.0841836,-0.314756,-0.0100572,0.339887,-0.0243501,0.0670629,-0.00601007,0.742598,-0.136147,0.362369,-0.16716,-0.350284,-0.0563291,0.0397945,0.0273345,0.500711,-0.00957713,0.049539,15.8891,0.511995,0.493124,0.505959,0.504646,0.502364,0.494502,0.498381,0.505368,0.513611,0.49807,0.489563,0.496412,0.500869,0.501009,0.504279,0.493203,0.505302,0.495358,0.490839,0.497033,0.512068,0.49821,0.500485,0.505368,0.498897,0.505919,0.508822,0.498267,0.495097,0.494276,0.497979,0.498067,0.499382,0.494952,0.498726,0.493451,0.504335,0.50048,0.499783,0.499463,0.497497,0.507702,0.496232,0.505278,0.504108,0.508678,0.517622,0.489897,0.508757,0.506827,0.503474,0.491921,0.497621,0.507887,0.519995,0.497164,0.484666,0.494727,0.501277,0.501483,0.506287,0.490013,0.507791,0.493179,0.486539,0.495641,0.51773,0.497369,0.500712,0.507887,0.498379,0.508698,0.512963,0.497454,0.492795,0.491589,0.49703,0.497159,0.499092,0.492582,0.498127,0.490377,0.506371,0.500706,0.499681,0.49921,0.496323,0.511317,0.494462,0.507755,0.506036,0.512751,0.491058,0.505125,0.495558,0.496537,0.498238,0.504098,0.501207,0.495999,0.489853,0.501439,0.50778,0.502675,0.499352,0.499248,0.496811,0.505066,0.496048,0.50346,0.506829,0.502211,0.491003,0.501334,0.499639,0.495999,0.500822,0.495588,0.493423,0.501292,0.503655,0.504267,0.501506,0.501441,0.500461,0.503763,0.50095,0.504882,0.496768,0.499642,0.500162,0.5004,0.501865,0.494259,0.502809,0.496066,0.496938,0.493531,0.34181,0.592799,0.419335,0.436902,0.467761,0.574514,0.522096,0.427225,0.322222,0.526326,0.638786,0.54884,0.488135,0.486226,0.441842,0.591759,0.428106,0.563051,0.62256,0.540418,0.340905,0.524424,0.493383,0.427228,0.515059,0.41987,0.381803,0.523641,0.566557,0.577528,0.527565,0.526373,0.508435,0.568497,0.517393,0.58849,0.441076,0.493442,0.502965,0.507336,0.534119,0.396351,0.551276,0.428431,0.444147,0.383661,7.02722,9.02612,6.97467,7.58271,7.36727,8.22581,8.15733,7.03929,6.8506,7.83617,9.50619,8.72906,7.53054,8.22704,7.5133,9.10862,7.75826,8.13237,8.62594,8.30445,7.01917,8.5327,8.22237,8.14886,7.74591,8.06685,7.74977,9.69897,8.87266,8.99144,8.20118,9.26603,8.43386,8.82654,8.22917,8.99049,8.69546,8.22285,8.73694,8.33396,8.6105,7.43421,8.39202,7.40421,8.04225,7.38949,3,3,2,1,3,16,3,4,7,7,9,7,11,16,8,4,4,6,6,4,4,7,13,6,8,1,3,2,1,5,13,18,7,3,8,1,4,3,13,6,3,2,3,3,4,5,13,5,4,2,4,1,3,5,4,1,0,0,2,13,15,6,20,1,1,1,6,8,8,6,7,7,1,10,3,5,3,3,4,2,2,3,3,1,4,4,1,8,4,3,4,13,8,8,11,19,19,13,15,5,6,7,4,12,0,0,1,4,6,5,5,3,6,6,6,3,5,5,1,0,0,3,0,1,2,3,2,5,5,4,14,12,23,24,20,30,8,8,6,7,14,6,12,9,16,9,6,9,5,6,6,6,7,1,1,1,8,4,5,8,8,3,5,6,6,10,6,5,17,10,6,6,16,7,15,5,13,8,10,12,11,3,12,7,6,3,2,2,6,12
175.309,0.866385,0.0128217,9,511,0,-103.316,9.9329,0.59599,0.394055,0.329986,0.737625,-0.615985,0.4586,0.899246,0.466016,0.20528,-1.37069,-0.219614,0.198258,0.861127,0.645019,0.894178,-0.289652,0.00873794,0.578658,-1.22081,0.325996,0.980079,0.268547,-1.25666,0.144841,-0.0393923,-0.935682,0.119463,-0.310545,-0.793047,0.433017,0.483549,0.301327,0.314904,-0.367015,-0.208228,0.986461,0.106786,0.29958,-0.218223,0.245102,0.0120022,0.0532105,0.158853,-0.635932,0.426502,0.119859,-0.287463,-0.233911,0.375741,0.280943,0.111307,-0.207739,0.0526968,-0.163585,-0.105176,-0.830199,-0.0858223,-0.304016,0.211169,0.317252,0.442211,0.454566,0.204075,0.486541,-0.139288,-0.568671,-0.162437,0.357502,0.294148,0.585068,0.520842,-0.54343,0.342637,-0.277166,0.452076,0.239924,0.113049,-0.992723,-0.899505,0.728963,-0.714685,0.254419,-0.49275,0.627034,-0.23728,-1.12777,-0.885396,-0.499476,0.191574,-1.14458,0.134163,0.29818,0.197251,-0.388173,-1.28954,-0.62537,0.0117601,0.183888,-0.446238,0.260828,-0.967294,0.474227,-0.0305489,-0.409511,-1.1075,-0.803667,0.527026,-0.833307,0.690704,-0.664693,-0.143827,0.122523,0.866002,0.339327,0.352348,-0.536957,-0.0575879,-0.467352,0.0882013,0.295508,-0.237866,0.538608,0.518444,-0.0401124,-0.118271,0.0965748,0.663686,-0.0982877,0.118218,-0.388815,0.130678,-0.211606,0.133821,-0.384088,-0.378338,0.0494648,0.10605,26.8457,0.540052,0.588771,0.42563,0.555552,0.607668,0.556442,0.524949,0.339192,0.473313,0.524096,0.603238,0.577819,0.60708,0.464826,0.501063,0.569924,0.355723,0.53957,0.617004,0.532618,0.351736,0.517611,0.495209,0.388114,0.514527,0.462298,0.404717,0.552476,0.558547,0.536586,0.538229,0.455476,0.474694,0.617737,0.512986,0.536375,0.473481,0.529778,0.50146,0.506472,0.519313,0.423259,0.551692,0.514575,0.465091,0.471579,0.488511,0.474337,0.521437,0.484036,0.468727,0.483778,0.492852,0.547586,0.507647,0.493097,0.47005,0.477554,0.468903,0.510085,0.499696,0.479861,0.542409,0.48865,0.465925,0.49065,0.543648,0.494956,0.501372,0.532536,0.49584,0.510812,0.527587,0.484926,0.483168,0.489509,0.489036,0.512777,0.50725,0.465703,0.496282,0.48957,0.507598,0.491466,0.499582,0.498147,0.494469,0.52213,0.485153,0.495826,0.510009,0.508145,0.468356,0.429642,0.558874,0.456078,0.414501,0.455371,0.480299,0.628658,0.521075,0.480972,0.418059,0.438379,0.414973,0.527784,0.499161,0.444664,0.615123,0.468738,0.406987,0.474236,0.618378,0.486096,0.503782,0.588891,0.488531,0.529784,0.575567,0.458516,0.453702,0.471098,0.469799,0.535183,0.519984,0.406395,0.489748,0.471265,0.520942,0.476482,0.498848,0.494891,0.484751,0.560762,0.459138,0.488493,0.527575,0.522445,0.468829,0.430681,0.558,0.456732,0.415756,0.456036,0.480593,0.626817,0.52076,0.481257,0.419264,0.439292,0.416222,0.527369,0.499174,0.445485,0.61346,0.469205,0.408347,0.474621,0.616671,0.486304,0.503726,0.587588,0.488703,0.529339,0.574452,0.459135,0.454391,0.47153,0.47025,0.534658,0.519685,0.407764,0.489901,0.471695,0.520629,0.476834,0.498865,0.494967,0.484979,0.559861,0.459747,0.488665,0.527163,0.52211,8.81311,9.04174,6.921,8.35131,8.53214,8.07189,8.19499,6.12059,8.22837,7.78709,9.56782,9.14804,8.52676,8.15387,7.98587,9.26778,7.16512,7.92298,8.6179,8.2623,7.12716,8.61615,8.21543,8.14145,7.70326,8.14898,7.63613,9.68817,8.97642,8.97288,8.31161,9.25466,8.43074,9.30587,7.97708,8.57608,8.72449,8.51813,8.49215,8.31396,8.63106,7.581,8.4303,8.10411,8.08227,8.21316,4,1,2,2,3,7,12,6,6,4,8,1,13,18,23,8,15,9,10,11,15,11,4,10,6,0,3,2,2,0,8,13,7,7,4,3,7,1,9,6,6,1,1,3,11,22,22,7,4,2,1,0,2,0,4,1,2,2,2,10,16,5,6,3,2,2,4,8,4,1,4,4,3,5,5,5,6,6,3,1,3,3,3,3,1,4,3,8,1,2,3,2,16,19,14,15,14,8,13,4,5,4,6,5,1,3,1,4,7,5,6,10,23,9,4,11,2,4,4,3,4,5,0,2,5,3,0,4,18,18,22,9,11,11,11,10,13,19,9,4,9,12,9,13,6,18,14,6,4,5,9,3,2,2,1,4,9,3,1,11,6,7,6,6,9,5,8,8,13,3,8,8,12,9,5,9,8,6,7,6,4,3,5,6,10,8,0,2,3,3
182.228,0.79896,0.0128217,9,511,0,-116.212,9.41852,0.548219,0.491017,-0.280584,1.15941,-0.874363,0.0911851,0.000559936,0.459301,-0.112408,0.0216573,1.02453,-0.192801,0.74351,0.244406,0.533648,-0.414263,-0.739012,-1.05663,0.142662,0.0903029,0.464122,-0.0543474,-1.28489,0.0424443,0.535476,-0.356588,-0.330804,-0.444513,-0.52084,0.279222,0.197295,0.318432,-0.200877,0.0878048,-0.165668,-1.12492,-0.77866,0.712287,-0.346717,0.0138476,-0.125469,0.450705,-0.0186424,0.00203077,0.0671645,0.396472,-0.475968,0.311973,-0.50368,0.324101,-0.190181,-0.0114947,-0.279688,0.595168,-0.697895,0.816518,0.0914421,-0.407952,0.248372,0.330481,0.499086,0.338122,0.152075,1.09914,-0.0212961,-0.355965,-0.174123,0.354825,0.017691,0.646932,0.197585,-0.684336,-0.344178,0.065517,0.0575025,0.677809,0.291926,-1.00327,-0.804099,0.0701181,-0.68101,0.0152561,-0.666864,1.01467,0.210545,-0.404632,0.484212,-1.28378,0.868156,-0.119341,0.354928,0.942112,-0.0507709,-1.54546,0.469154,0.0968613,1.10099,1.48948,-0.00419747,-0.409213,-0.393691,0.333916,0.25021,-0.113313,-0.236511,-0.0885707,0.0145508,0.19908,0.7509,0.21244,-0.143069,0.54487,0.672853,0.689164,0.00216443,0.356413,-0.609141,0.334734,0.246395,-0.354047,0.117651,-0.083293,-0.294194,0.523804,0.0125097,-0.099454,0.0178571,-0.0794099,0.000377255,0.268734,-0.250558,0.012234,0.168182,-0.544243,-0.977961,0.123785,0.0802812,13.9728,0.423505,0.781486,0.276669,0.525035,0.500154,0.623595,0.469151,0.505951,0.755117,0.447219,0.693646,0.566758,0.642574,0.388094,0.307406,0.238416,0.539121,0.524793,0.624838,0.485071,0.195876,0.511661,0.643035,0.403251,0.410089,0.380228,0.360666,0.576129,0.554002,0.586618,0.445025,0.524109,0.454602,0.225057,0.298206,0.686305,0.405864,0.503805,0.465578,0.621375,0.494878,0.500558,0.518447,0.607253,0.372115,0.584895,0.501494,0.493828,0.504655,0.499515,0.499997,0.497555,0.500598,0.499885,0.494546,0.501026,0.496042,0.498699,0.497159,0.502206,0.503934,0.505625,0.49924,0.499519,0.497529,0.500289,0.50684,0.499774,0.497149,0.501898,0.501761,0.502367,0.502773,0.498513,0.49895,0.498305,0.501069,0.499533,0.500882,0.505989,0.504146,0.496208,0.501846,0.499926,0.500668,0.4976,0.500099,0.499989,0.499642,0.497889,0.502534,0.498339,0.538102,0.347284,0.616771,0.487596,0.499924,0.43783,0.51529,0.497053,0.364105,0.526209,0.400196,0.466795,0.427897,0.556127,0.599217,0.639931,0.480599,0.487716,0.437185,0.507394,0.668031,0.494225,0.427654,0.548366,0.544888,0.560188,0.570395,0.462082,0.473182,0.456782,0.527304,0.488055,0.522526,0.648449,0.604388,0.404281,0.547035,0.498116,0.517065,0.438982,0.502536,0.499724,0.490863,0.446264,0.564401,0.457654,0.568173,0.24345,0.701634,0.477721,0.499863,0.389556,0.527455,0.494705,0.268559,0.546999,0.325826,0.440528,0.372411,0.59992,0.673207,0.737564,0.465177,0.477936,0.388436,0.513284,0.778436,0.489624,0.371993,0.586309,0.58018,0.606999,0.624657,0.432154,0.451912,0.42277,0.548955,0.478546,0.540416,0.750283,0.681679,0.332569,0.583966,0.496614,0.530637,0.391557,0.504558,0.499503,0.483585,0.404263,0.614313,0.424312,8.28615,9.02385,6.92707,8.51891,8.04773,8.6422,8.22099,8.0752,9.9559,7.79616,9.56731,8.96866,8.73742,8.11354,7.41653,7.26661,8.83653,8.16456,8.64839,8.29655,7.03154,8.70611,8.24767,8.15805,7.61733,7.93537,7.83754,9.76788,8.90752,9.02455,8.10599,9.40201,8.39529,6.12768,7.39965,8.47206,8.6356,7.57295,8.34826,8.13908,8.62657,7.55756,8.45476,8.88172,8.08515,9.05617,0,2,3,0,4,7,3,12,5,2,4,3,9,11,2,6,2,6,0,5,7,12,6,12,4,3,0,3,3,0,22,15,12,5,10,2,3,1,6,5,4,5,2,3,14,20,17,9,7,6,4,2,5,7,7,1,1,4,1,13,4,14,11,4,3,4,3,9,8,2,7,10,9,4,11,14,8,12,2,0,2,3,3,4,4,2,0,6,3,6,4,22,18,7,7,10,17,9,31,4,5,6,3,10,1,3,3,2,1,7,2,4,4,6,4,1,5,6,5,3,1,6,4,9,3,4,3,2,5,10,9,12,8,17,10,8,9,15,15,13,12,5,13,15,18,19,10,3,8,4,5,4,7,8,5,5,3,6,6,25,5,6,12,15,7,9,9,8,4,9,10,8,9,5,8,4,7,10,11,8,8,6,9,3,1,4,6,11,11,15
191.705,0.982476,0.0128217,9,511,0,-120.046,9.82052,0.42351,0.38039,0.159146,0.723607,-0.989284,0.239842,0.0468835,-0.11721,-0.299433,-0.473047,-0.230774,-0.406635,0.516338,0.549196,0.738682,-0.129819,0.20655,0.342836,-0.683343,0.720571,0.270439,-0.224006,-1.01099,0.214454,0.127169,-0.37116,-0.44029,-0.306162,-0.304822,0.418641,0.442345,0.155167,-0.354736,-0.290425,-0.38399,0.604661,0.350033,0.276273,0.183466,0.98498,-0.180844,0.333167,0.252588,-0.516296,-0.131439,-0.0901668,-0.285756,-0.30811,0.0733092,-0.265626,0.0682719,0.259365,0.227088,-0.260621,0.101669,-0.129854,-0.494449,-0.617643,0.00791095,0.527643,0.330257,-0.0304984,0.501119,0.799322,-0.698807,-0.267492,-0.199937,0.360959,0.627005,0.649469,0.227025,-0.878318,0.549846,0.0859913,0.595235,-0.0874789,0.163077,-1.01212,-0.209177,0.603929,-1.06474,0.503821,-1.19593,0.5394,-0.588227,-0.449851,-1.11517,-0.523037,0.60463,-0.939741,0.0897339,-0.015066,0.123388,-0.688038,-1.04838,-0.577666,0.0256329,0.255092,-0.48058,-0.342504,-1.09078,0.0858199,-0.0406699,-0.0633493,-0.899892,-0.753894,0.881284,-0.800083,0.691189,-0.817636,-0.0799416,0.0315741,1.01628,0.479308,0.264211,-0.802689,0.239955,-0.289559,-0.215731,0.259088,-0.168751,0.080201,0.226614,-0.188351,-0.0526381,0.0626962,0.538189,0.0141478,-0.125263,-0.113244,0.0954758,-0.404621,0.129623,-0.728719,-0.0545509,0.116638,0.0647292,26.9055,0.531759,0.640698,0.312006,0.547782,0.509368,0.476595,0.440448,0.406581,0.454015,0.41945,0.60174,0.608017,0.643467,0.474081,0.541181,0.568084,0.366744,0.640139,0.553833,0.455356,0.308293,0.54275,0.52539,0.42637,0.412914,0.439123,0.439387,0.582885,0.587485,0.530967,0.429584,0.442223,0.423864,0.618531,0.569495,0.554984,0.536596,0.687255,0.463925,0.566186,0.550304,0.398268,0.473759,0.48199,0.443144,0.438739,0.472225,0.376211,0.66626,0.458197,0.49181,0.520465,0.552121,0.581898,0.540229,0.570566,0.410761,0.405215,0.373742,0.522664,0.463978,0.440391,0.617163,0.376709,0.452894,0.539054,0.669625,0.462604,0.477798,0.564481,0.576318,0.553284,0.553053,0.42738,0.423331,0.472919,0.561658,0.550564,0.566684,0.395909,0.439152,0.451884,0.467992,0.334409,0.531552,0.442057,0.455987,0.589232,0.522947,0.515747,0.549757,0.55362,0.471039,0.371145,0.672808,0.456416,0.49146,0.52134,0.554335,0.585336,0.541944,0.573543,0.407028,0.401262,0.368585,0.523633,0.462442,0.437865,0.621981,0.371662,0.45089,0.540719,0.676281,0.46101,0.476849,0.567209,0.579531,0.555546,0.555305,0.424318,0.420104,0.471762,0.564268,0.552713,0.569502,0.391591,0.436575,0.449838,0.466626,0.327883,0.532899,0.4396,0.454113,0.592965,0.523927,0.516421,0.551872,0.555897,0.49783,0.490133,0.513488,0.496729,0.499361,0.501598,0.504083,0.506451,0.503147,0.505545,0.492959,0.492511,0.489927,0.50177,0.497183,0.495325,0.509318,0.490174,0.496312,0.503055,0.513784,0.497075,0.498266,0.505062,0.506004,0.504175,0.504157,0.494291,0.493968,0.497884,0.504838,0.503961,0.505237,0.491755,0.495226,0.496232,0.497498,0.48657,0.502466,0.495456,0.496555,0.507041,0.501793,0.50123,0.503897,0.504202,8.57172,9.02949,7.02152,8.21119,8.33735,8.12704,8.20238,7.67231,8.07213,7.75693,9.46647,9.06955,9.21885,8.2014,8.85048,9.24536,7.49604,9.196,8.62365,8.29886,7.08501,8.64253,8.26989,8.15521,7.71403,7.88117,7.88288,9.69954,8.93363,9.00529,8.13173,9.36773,8.315,8.87906,8.35204,8.46076,8.60446,9.35729,8.0415,8.53348,8.69133,7.44694,8.41739,8.47027,8.05381,7.97323,3,4,1,2,3,11,4,12,11,4,9,6,16,16,11,18,14,5,10,3,7,6,4,4,2,3,1,0,7,5,20,11,12,14,10,3,3,2,6,15,10,4,3,4,8,7,8,5,7,9,4,5,3,1,2,2,2,4,2,18,11,19,17,2,1,5,5,9,4,4,11,6,9,7,6,6,17,7,1,1,0,1,4,6,4,0,2,4,2,3,1,16,8,10,26,8,23,7,16,3,6,5,8,5,1,1,0,6,2,5,8,4,6,9,10,6,4,8,5,1,2,5,4,8,1,0,2,6,20,20,23,11,16,8,12,15,13,16,17,11,17,15,10,7,22,14,17,2,12,12,7,5,1,1,1,1,7,4,10,9,7,4,9,18,12,19,7,12,23,25,9,21,14,12,12,13,8,16,14,8,16,10,8,11,10,13,5,2,3,4
186.797,0.964764,0.0128217,8,511,0,-113.941,9.14449,0.447965,0.270291,-0.156354,0.470978,-0.691739,0.746945,0.317066,0.595663,-0.194229,-0.434717,0.445126,-0.088691,0.4526,0.497413,0.337381,-0.0763553,-0.299176,-0.33986,-0.473577,0.253674,0.597318,-0.172427,-0.970402,0.152999,-0.0646851,-0.610559,-0.283121,-0.183694,-0.337339,0.59056,0.520307,0.0921289,-0.131883,-0.00548131,-0.473516,-0.202557,-0.230226,0.310712,0.143581,-0.290131,0.209682,-0.144772,0.240166,-0.684061,0.0194969,0.000775221,0.314458,0.248814,0.0862755,0.0386516,0.270326,0.208065,-0.103164,0.563245,0.320057,-0.373143,-0.376102,-0.461939,-0.261328,0.407568,0.265786,-0.543019,0.547437,1.10122,0.312742,-0.373099,-0.173553,0.374437,-0.152657,0.862716,0.195412,-1.24265,0.448019,0.608221,0.0709641,0.470988,0.049182,-0.844316,-0.818328,0.180314,-0.357821,0.649252,-0.809655,0.620375,-0.797976,-0.79046,-0.098334,-1.35778,0.39248,-0.49728,0.55832,0.585972,-0.556927,-0.502778,-0.595483,-0.528999,0.80889,1.20422,0.0100091,-0.120473,-1.10199,0.246314,-0.475348,-0.56654,-1.40746,-0.658974,0.00303006,-0.670725,1.17475,-0.592403,0.0623838,-0.105933,1.23643,0.605596,0.156845,-0.276573,0.268701,0.194799,-0.0410966,-0.0470817,-0.294951,0.380712,-0.338508,-0.0381326,-0.0182202,-0.10936,-0.0289752,-0.0932882,-0.109348,0.129239,-0.00808366,0.0656966,0.206128,-1.08751,-0.22175,0.168864,0.0889861,17.4484,0.457061,0.626832,0.318265,0.694777,0.586414,0.658351,0.446731,0.382555,0.620149,0.475602,0.622086,0.633616,0.591829,0.478991,0.418373,0.407512,0.372499,0.569387,0.658761,0.452672,0.255665,0.542022,0.482199,0.337969,0.422681,0.4496,0.408183,0.657086,0.639449,0.525342,0.463756,0.498491,0.372515,0.444465,0.436955,0.584716,0.539446,0.420798,0.557471,0.460228,0.565736,0.320103,0.505367,0.500213,0.585717,0.568074,0.487778,0.536757,0.446126,0.558136,0.52477,0.546438,0.484819,0.466064,0.534746,0.493066,0.535328,0.538812,0.526354,0.49403,0.476626,0.473453,0.463041,0.519823,0.546566,0.486522,0.424706,0.51196,0.494943,0.452408,0.477878,0.485642,0.473649,0.546042,0.540591,0.507203,0.48969,0.499571,0.463045,0.484168,0.482007,0.524274,0.511224,0.477332,0.516388,0.488683,0.518769,0.446719,0.501524,0.500061,0.524566,0.519444,0.542407,0.374679,0.679675,0.307398,0.414641,0.343487,0.552611,0.616037,0.381289,0.524094,0.379373,0.367968,0.409289,0.520747,0.580629,0.591363,0.625983,0.431465,0.343081,0.546742,0.741796,0.458498,0.517579,0.660156,0.576372,0.549777,0.5907,0.34474,0.362197,0.474973,0.535795,0.50149,0.625967,0.554849,0.562269,0.416319,0.461042,0.578232,0.443238,0.539279,0.435073,0.677854,0.494699,0.499789,0.415329,0.432763,0.508667,0.473914,0.538273,0.458686,0.48243,0.467026,0.510766,0.524081,0.475343,0.504917,0.47493,0.472453,0.481305,0.504233,0.516579,0.518832,0.52623,0.485941,0.466934,0.509558,0.55359,0.491519,0.503586,0.533796,0.51569,0.510182,0.518693,0.467307,0.471187,0.494893,0.507311,0.500304,0.526226,0.511227,0.51276,0.482782,0.492041,0.516079,0.488378,0.508025,0.486689,0.53785,0.498919,0.499957,0.482574,0.48621,8.07892,9.08273,7.05818,8.93508,8.38687,8.75146,8.19366,7.39223,8.87468,7.84917,9.48314,8.94307,8.41364,8.18502,8.05493,8.43503,7.66084,8.30318,8.75361,8.22254,7.02336,8.48939,8.37472,8.17447,7.59171,8.08389,7.88088,9.54331,8.97294,9.00733,8.27628,9.34063,8.25958,8.19192,7.65018,8.87218,8.69319,8.07615,8.60567,8.26848,8.6048,7.56176,8.47719,8.45233,8.08331,8.61624,4,1,1,2,2,13,13,10,17,3,14,8,5,13,10,9,6,6,3,4,15,8,4,12,4,0,1,0,3,2,12,13,23,13,15,3,3,2,17,19,14,3,6,7,7,19,6,5,6,4,2,4,2,5,3,3,0,2,1,4,13,5,2,7,3,2,16,4,8,3,2,17,3,5,11,9,9,4,4,3,7,1,4,3,2,1,1,2,1,1,1,23,29,20,19,17,15,17,8,5,5,12,7,11,4,4,1,9,3,7,5,7,6,13,7,2,0,3,4,1,1,1,1,2,4,1,2,2,9,10,11,12,11,17,20,9,16,15,15,10,21,23,13,20,27,13,11,8,5,2,5,5,3,3,3,3,6,11,2,4,4,4,3,12,9,12,15,13,12,13,25,3,16,10,6,17,13,8,9,11,4,11,8,11,6,8,9,6,10,5
197.811,0.990528,0.0128217,8,255,0,-112.792,8.56958,0.348563,0.43599,-0.775329,0.541983,-0.704395,-0.432166,0.366158,-0.49535,-0.0234444,-0.0893988,-0.170726,0.0152265,0.883697,0.677833,-0.399621,0.181532,-0.53088,0.328533,-0.388928,0.136116,0.673705,0.0643288,-0.607413,0.292929,-0.0339278,-0.217298,-0.0668646,-0.0675653,-0.254982,0.291081,0.645166,0.526969,0.00933889,-0.0457132,0.0403494,-0.0140112,-0.290178,-0.485461,0.0875941,0.604793,-0.565937,-0.0143902,0.410954,-0.516265,0.110704,-0.0978397,-0.111941,-0.397498,-0.487936,0.272548,-0.0478296,-0.0296529,0.444566,-0.502384,0.0867486,0.0828929,-0.149694,-0.364746,0.487652,-0.0211373,-0.050654,0.0379414,-0.0630745,1.29457,0.0907812,-0.2421,-0.106487,0.350434,-0.125834,0.550338,0.245616,-1.13067,-0.0568163,0.0214394,0.0724073,-0.0742208,0.586306,-1.17814,-0.545329,0.457076,-1.22059,0.0713986,-1.14875,0.889938,-0.0570809,-0.650525,-0.739495,-1.19994,0.74758,-0.593906,-0.144816,-0.0514611,-0.258295,-1.0977,-0.424061,-0.26092,0.140101,0.381249,-0.331802,-0.779958,-0.686685,-0.322153,0.794207,-0.250992,-0.504399,-1.34421,0.409746,-0.435413,0.383093,-0.25195,0.0875648,0.0118449,0.931669,0.208206,0.0251266,-0.944549,-0.198424,0.0250451,-0.114475,-0.129419,-0.179043,-0.491014,0.244001,0.418327,0.13415,-0.502346,0.215074,-0.229559,-0.335393,0.151807,0.0905438,0.0556123,0.196005,-0.860752,-0.226828,0.378164,0.0422695,19.315,0.268211,0.66855,0.286613,0.36367,0.616334,0.344961,0.492413,0.471099,0.44497,0.504928,0.758415,0.706304,0.373475,0.558483,0.334642,0.604753,0.37672,0.543939,0.705195,0.520808,0.312955,0.593684,0.489021,0.430133,0.478373,0.478147,0.418218,0.593107,0.697456,0.664229,0.503022,0.48521,0.513056,0.495466,0.407175,0.347859,0.528319,0.686315,0.324615,0.495343,0.629952,0.338868,0.535767,0.468377,0.463834,0.374118,0.482411,0.512298,0.484019,0.490193,0.508309,0.48876,0.499468,0.497971,0.496125,0.500346,0.520045,0.515379,0.490931,0.50412,0.487954,0.507456,0.491174,0.503089,0.515285,0.50146,0.486218,0.506648,0.49923,0.495069,0.498482,0.498467,0.494213,0.506606,0.514638,0.511957,0.500212,0.498963,0.500916,0.499682,0.493415,0.488984,0.501988,0.513723,0.487159,0.499673,0.509326,0.488285,0.502512,0.49778,0.497459,0.49098,0.660913,0.385442,0.647099,0.591939,0.421853,0.605007,0.505045,0.519228,0.536672,0.496723,0.318506,0.35814,0.585156,0.461016,0.612292,0.429771,0.58292,0.470743,0.358957,0.486161,0.62781,0.437297,0.5073,0.546624,0.514384,0.514535,0.55465,0.437689,0.364629,0.388508,0.49799,0.509836,0.491318,0.503015,0.56212,0.602971,0.48116,0.372717,0.61943,0.503097,0.412478,0.609301,0.476196,0.521042,0.52407,0.584712,0.543854,0.469304,0.539859,0.524487,0.479248,0.52806,0.501329,0.505069,0.50968,0.499137,0.450055,0.461638,0.522646,0.489707,0.530068,0.481379,0.522041,0.492282,0.46187,0.496352,0.53439,0.483395,0.501924,0.51232,0.503792,0.503831,0.514455,0.4835,0.46348,0.470153,0.49947,0.502592,0.497712,0.500795,0.516449,0.527501,0.495033,0.465758,0.532049,0.500816,0.476713,0.529242,0.493723,0.505548,0.506347,0.522526,6.98884,9.05196,6.81047,7.69539,8.31008,7.09548,8.18749,7.66556,7.82351,7.8142,9.47588,9.01213,7.22832,8.32345,7.47476,8.72064,7.51651,7.98584,8.73329,8.3122,7.21502,8.48064,8.24245,8.20396,7.69756,8.13017,7.86478,9.63696,8.96795,8.99649,8.23407,9.38783,8.31316,8.27075,7.89399,7.60724,8.63095,9.13789,7.43201,8.27021,8.64586,7.56473,8.37804,8.08182,8.09571,7.50455,1,3,2,3,2,21,8,10,9,0,4,1,3,10,4,5,4,3,4,5,7,7,2,2,3,2,4,4,5,2,20,10,22,9,15,0,0,0,9,16,8,7,4,7,11,6,13,16,16,17,5,3,3,3,2,5,6,2,3,10,10,10,13,4,5,7,8,7,5,4,8,7,10,5,6,11,13,7,4,7,2,4,5,9,4,2,7,8,3,1,3,23,13,20,13,14,28,22,9,3,7,9,5,6,0,5,2,5,4,7,11,10,6,3,21,19,4,11,7,1,2,4,3,3,2,3,1,4,3,10,2,17,12,18,15,18,17,22,19,23,23,13,28,16,34,19,21,10,20,12,10,14,4,5,5,7,8,13,10,9,10,8,12,21,15,12,24,20,18,32,17,25,26,21,15,6,11,19,17,19,12,4,9,4,9,12,5,2,5,2
196.007,0.982869,0.0128217,9,511,0,-135.697,8.73932,0.326404,0.34195,0.471645,0.38522,-0.641271,0.120129,0.33649,-0.331131,-0.0850973,-0.104018,-0.21029,0.000858073,0.156033,0.18158,-0.0688662,-0.174441,0.209985,0.216788,0.311283,0.503128,0.746599,-0.0127037,-1.10866,-0.0290423,-0.163078,-0.133399,-0.138725,-0.248968,-0.434781,0.838066,0.280797,-0.147269,-0.0371192,0.224452,-0.640656,-0.586964,-0.025156,-0.682016,-0.0768776,0.279394,0.0769708,-0.221797,0.0247097,-0.711117,0.0776331,0.171117,-0.239946,0.342113,-0.166182,-0.176584,-0.521869,-0.0815532,-0.15824,0.28643,0.0360561,-0.0231705,-0.00776283,-0.318877,-0.150666,-0.110448,0.319189,0.185328,0.702362,1.14012,0.134173,-0.296918,-0.0841054,0.350107,0.454111,0.802333,0.218505,-0.235738,0.646011,-0.0153917,1.10038,0.545139,0.945523,-0.860038,-0.484206,1.14622,-1.20265,1.18419,-0.194314,1.58115,0.833375,-0.158361,-0.624851,-0.452566,1.24428,-0.320628,0.594823,0.741173,1.10827,-0.908202,-0.557274,-0.189684,0.90413,1.09606,-0.186597,0.24144,-0.135122,0.345268,0.919588,0.204177,-0.554944,-0.393682,0.414587,0.00990372,0.917824,0.544309,-0.0109815,0.734708,1.07579,0.723228,0.524962,-0.0569335,-0.346906,-0.00670766,-0.207345,-0.0606157,-0.153183,0.171658,0.0733229,0.174743,-0.359448,0.0959049,-0.143768,-0.088486,0.0194579,-0.308004,0.37354,-0.222698,0.0874061,-0.451133,-0.163272,-0.00790097,0.0803664,19.6513,0.631285,0.608068,0.324947,0.534187,0.594751,0.406723,0.475764,0.470386,0.440346,0.500245,0.544357,0.551572,0.480381,0.450442,0.559568,0.561479,0.587806,0.6396,0.700822,0.496379,0.220285,0.491723,0.453651,0.46205,0.460541,0.429509,0.378551,0.72222,0.579359,0.458122,0.489421,0.563629,0.325101,0.338673,0.49283,0.314841,0.478102,0.578969,0.521925,0.437116,0.507043,0.307728,0.522113,0.548619,0.432031,0.596295,0.515815,0.512919,0.478503,0.504029,0.511285,0.488895,0.497146,0.496511,0.492947,0.500029,0.505234,0.50609,0.49769,0.494149,0.507043,0.507271,0.51044,0.51687,0.525022,0.499574,0.462881,0.499026,0.49453,0.495525,0.495347,0.49165,0.48542,0.528082,0.509418,0.49506,0.498755,0.507528,0.478524,0.480322,0.499156,0.477139,0.497421,0.509371,0.502582,0.492561,0.500829,0.476165,0.502604,0.50574,0.491952,0.511474,0.447006,0.456663,0.571824,0.486455,0.462122,0.537277,0.509596,0.511729,0.523699,0.499903,0.482409,0.479532,0.507766,0.519664,0.476335,0.475569,0.46495,0.443498,0.416583,0.501433,0.622495,0.503275,0.518384,0.515041,0.515641,0.52805,0.548879,0.40659,0.468373,0.516603,0.504186,0.474707,0.571757,0.565816,0.502837,0.576319,0.50867,0.468531,0.49132,0.524994,0.497213,0.579521,0.491245,0.48071,0.527036,0.461492,0.480758,0.484281,0.526152,0.495097,0.486269,0.513513,0.503473,0.504246,0.508583,0.499965,0.493631,0.492589,0.502811,0.50712,0.49143,0.491152,0.487297,0.479475,0.469563,0.500519,0.54513,0.501185,0.506656,0.505445,0.505662,0.510161,0.517739,0.465845,0.48854,0.506011,0.501515,0.490839,0.526127,0.52394,0.501027,0.52781,0.503138,0.488598,0.496858,0.509052,0.498991,0.528994,0.496831,0.493016,0.509793,0.486039,9.23446,9.01808,6.93994,8.04462,8.2297,7.3447,8.18183,7.64542,8.33176,7.78481,9.42478,8.85221,7.69213,8.37928,8.57379,9.50533,9.0238,8.44823,8.76259,8.27805,7.17846,8.5724,8.29126,8.11711,7.59933,8.03834,7.79359,9.75294,8.98355,9.0218,8.24559,9.24847,8.37453,7.73438,7.85153,7.61173,8.71385,8.8786,8.47111,8.21342,8.64386,7.57439,8.39814,8.52226,8.11099,9.06445,1,4,3,1,1,12,5,11,11,4,3,5,10,10,13,5,10,5,11,5,10,7,12,9,6,1,2,1,1,2,9,6,12,13,9,0,2,0,16,8,13,2,4,1,18,10,8,3,6,10,3,1,2,1,1,2,5,1,3,17,31,13,19,2,6,8,1,8,6,6,10,0,6,4,3,2,3,4,1,4,3,4,4,0,1,0,2,5,5,3,4,4,8,12,8,9,11,9,11,4,4,2,2,3,3,3,2,0,5,2,1,3,3,5,4,8,6,2,3,2,4,2,3,2,2,2,3,3,9,3,10,10,11,19,8,9,15,11,9,9,13,3,20,8,17,7,8,1,3,9,3,1,4,7,15,13,0,3,1,6,17,13,10,4,13,9,5,2,7,9,5,7,9,5,15,11,6,10,6,5,2,8,8,10,14,12,5,2,4,4
193.265,0.931522,0.0128217,9,511,0,-111.213,8.88022,0.345032,0.371414,0.317416,0.32391,-0.746711,0.0764115,0.141225,-0.606029,-0.148177,0.115294,0.256815,-0.00987681,0.283979,0.296168,-0.115957,-0.228362,0.0468452,0.0824569,-0.296405,0.443358,0.538561,0.0272515,-1.07093,-0.00640896,-0.139765,-0.0960294,-0.0949032,-0.212506,-0.540985,0.673945,0.231569,-0.0496344,0.0393661,0.211605,-0.587809,-0.604905,0.0789246,-0.4221,-0.168061,0.337038,-0.0995913,-0.157229,0.0571259,-0.756413,0.120388,-0.0144952,-0.206495,0.40616,-0.104268,-0.0428258,-0.547698,-0.17671,-0.281176,0.247813,0.0907874,-0.0524348,0.00376211,-0.418419,-0.231474,-0.0224151,0.301358,0.101179,0.59692,1.204,0.280325,-0.331399,-0.110304,0.351027,0.536258,0.810052,0.205338,-0.396035,0.813747,0.0470634,1.05329,0.750615,0.949926,-0.693773,-0.537897,1.03703,-1.23305,1.13328,0.0366426,1.53021,1.03701,-0.540874,-0.576097,-0.570743,1.17927,-0.320108,0.674226,1.01796,1.06625,-1.07794,-0.608618,0.0476456,0.853358,1.37658,-0.21434,0.0365097,0.187107,0.447362,0.780444,-0.0196984,-0.862728,-0.258588,0.418382,-0.0907733,0.853598,0.606398,-0.0197355,0.805396,0.924105,0.844833,0.794246,0.277427,-0.0707831,-0.082691,-0.213943,-0.0818248,-0.1093,0.057137,-0.0466275,0.0845,-0.433234,-0.13243,-0.105483,-0.0233244,0.126098,-0.363108,0.301939,-0.284022,0.0713483,-0.350445,-0.184177,-0.0113155,0.0870418,20.3656,0.594396,0.59628,0.289248,0.522984,0.542407,0.32527,0.455517,0.534648,0.576691,0.497027,0.584654,0.588214,0.465154,0.431693,0.514097,0.524799,0.411717,0.630369,0.656656,0.508202,0.215956,0.498071,0.45803,0.471127,0.471465,0.436382,0.342687,0.692414,0.569254,0.485065,0.511847,0.563351,0.330103,0.325567,0.523738,0.375614,0.449586,0.600079,0.470059,0.452815,0.517188,0.286853,0.536173,0.495637,0.438163,0.619874,0.52223,0.522684,0.44786,0.505355,0.509896,0.457631,0.489617,0.508079,0.51799,0.499308,0.519891,0.520744,0.491874,0.484002,0.503283,0.505778,0.47924,0.531031,0.537671,0.50191,0.425507,0.499551,0.490206,0.493271,0.493349,0.485112,0.46216,0.547091,0.516223,0.496522,0.502759,0.514825,0.458899,0.457709,0.505531,0.470453,0.488224,0.523602,0.493021,0.488983,0.504003,0.447187,0.508436,0.498984,0.485533,0.528433,0.472219,0.471652,0.56505,0.493306,0.48763,0.552896,0.512979,0.4899,0.477515,0.500865,0.475141,0.474076,0.510158,0.519996,0.495896,0.492776,0.525945,0.461235,0.452956,0.497612,0.592739,0.500561,0.512243,0.508412,0.508314,0.518609,0.547255,0.441228,0.479723,0.504348,0.496551,0.481469,0.551317,0.552799,0.493086,0.536913,0.51472,0.470506,0.508724,0.513772,0.494995,0.565885,0.489454,0.50127,0.518083,0.464476,0.485389,0.48509,0.534328,0.496482,0.493498,0.527875,0.506822,0.494692,0.488177,0.500455,0.486927,0.486367,0.505339,0.510513,0.497843,0.496203,0.513644,0.479597,0.475223,0.498745,0.549151,0.500295,0.506435,0.504421,0.50437,0.509783,0.524889,0.469008,0.489339,0.502285,0.498187,0.490258,0.527039,0.527824,0.496366,0.519426,0.507738,0.484486,0.504585,0.507239,0.49737,0.534772,0.494457,0.500667,0.509507,0.481307,9.03714,9.01068,6.82643,8.14917,8.03656,7.01322,8.03978,8.00078,8.95404,7.82785,9.54493,9.00804,7.68131,8.28476,8.30916,9.26739,8.19133,8.45052,8.57923,8.28209,7.16605,8.59099,8.37144,8.21032,7.71038,8.09434,7.64662,9.64883,8.91934,9.08486,8.29883,9.3189,8.34956,7.73771,8.15264,7.98434,8.70988,9.02864,8.25002,8.34736,8.67879,7.53664,8.41073,8.22439,8.12179,9.1583,1,1,1,0,0,9,7,8,11,4,8,2,10,11,9,19,11,12,10,12,19,5,8,8,12,1,1,1,1,2,8,7,12,12,6,0,0,0,5,5,20,2,6,3,14,21,18,10,4,3,2,0,1,1,2,1,0,1,3,18,18,14,14,4,6,7,11,7,3,7,1,7,5,4,9,5,11,6,0,0,0,0,2,3,3,0,1,4,7,3,10,9,17,10,10,9,5,8,17,3,5,3,3,2,5,5,3,4,4,4,2,1,4,4,5,8,1,3,5,1,2,0,2,2,1,0,0,3,6,5,7,8,12,7,7,4,13,8,12,4,14,6,20,11,4,15,5,5,3,3,1,4,4,9,4,13,4,3,2,12,6,10,11,3,6,8,2,8,4,7,4,6,3,4,11,8,4,9,4,10,16,10,6,2,16,7,0,8,5,4
209.577,0.776647,0.0128217,9,511,0,-133.546,8.87674,0.421821,0.137865,-0.0341952,0.662213,-0.649568,-0.00478442,0.47667,0.268626,-0.0160064,0.0779668,0.0484728,0.0725737,0.922795,0.725305,0.278963,0.199228,-0.368693,-0.47252,-0.0353183,0.923443,0.611843,0.0274362,-0.585937,0.528583,0.109667,-0.520924,-0.0421195,-0.287843,-0.510497,0.51984,0.771867,0.578452,0.0763689,0.079294,0.141625,-0.583475,0.0976153,-0.0400122,0.00351839,0.252833,0.0688438,0.418204,0.519237,-0.30523,0.159644,0.405631,0.0533593,-0.051911,-0.0491797,0.0323341,0.41024,0.0492078,0.210744,-0.0661364,-0.0497602,0.122562,0.0367189,-0.0517927,0.246327,0.0679771,-0.153572,-0.154396,-0.111048,1.33214,-0.384392,-0.275219,-0.125153,0.354672,0.670592,0.620858,0.17071,-0.541288,0.656034,0.332441,0.532658,0.301824,0.246934,-1.03602,-0.193489,0.353917,-0.241254,0.2524,-0.766507,1.02833,-0.793484,-0.301596,-0.636928,-1.69783,0.786011,-0.398259,0.256817,0.178134,-0.622802,-1.22847,-0.674713,-0.560765,0.146936,0.565316,-0.137564,-0.519507,-1.34196,-0.177501,0.232578,-0.588863,-0.948685,-0.860309,0.236473,-0.342955,0.606419,-0.493993,-0.254873,-0.130471,0.896707,0.289852,-0.0804916,0.315425,-0.0358665,-0.202714,0.103591,-0.108721,-0.0124708,0.246064,0.210094,-0.129178,-0.18032,-0.178021,0.357538,-0.103157,-0.0704226,0.171121,-0.121436,-0.00967144,0.123644,-0.821074,-0.323369,0.00485107,0.0992207,18.7814,0.488614,0.70727,0.29623,0.498407,0.653621,0.58852,0.49467,0.525942,0.516138,0.524151,0.773695,0.724363,0.59185,0.565963,0.379622,0.347632,0.48824,0.773846,0.693187,0.509136,0.314201,0.669107,0.536458,0.333156,0.485976,0.405296,0.336249,0.666523,0.736574,0.683647,0.525412,0.526383,0.547027,0.314908,0.532464,0.486678,0.501172,0.583415,0.522911,0.635783,0.666344,0.399725,0.552968,0.631896,0.517763,0.482719,0.503286,0.436704,0.5621,0.50046,0.454321,0.474208,0.501538,0.492508,0.495342,0.493026,0.412239,0.430748,0.473218,0.480864,0.535372,0.545284,0.503394,0.412179,0.441473,0.497363,0.556071,0.449378,0.489463,0.549893,0.504048,0.527633,0.548901,0.45021,0.426364,0.44464,0.492662,0.492381,0.486393,0.555837,0.49062,0.503845,0.499662,0.475722,0.493385,0.459898,0.450267,0.529298,0.484663,0.461098,0.494872,0.504988,0.507019,0.367321,0.630262,0.500982,0.403385,0.445082,0.503286,0.484001,0.490051,0.485107,0.31915,0.355367,0.442987,0.459196,0.575108,0.595795,0.507249,0.319034,0.376984,0.494368,0.618007,0.39317,0.477504,0.605328,0.508645,0.558812,0.603281,0.394884,0.346658,0.383445,0.484329,0.483729,0.470961,0.61753,0.479973,0.508213,0.499278,0.448287,0.485872,0.41499,0.395003,0.562328,0.467277,0.417498,0.489049,0.510654,0.502764,0.446669,0.55232,0.500387,0.461541,0.478297,0.501294,0.493697,0.496081,0.494133,0.425948,0.441632,0.477463,0.4839,0.529771,0.538125,0.502855,0.425897,0.450698,0.497782,0.547227,0.457372,0.491135,0.542013,0.503405,0.523253,0.541176,0.458074,0.437922,0.453373,0.493826,0.49359,0.488553,0.54703,0.492109,0.503235,0.499716,0.479572,0.494435,0.466243,0.458122,0.524655,0.487097,0.467255,0.495686,0.504197,7.81565,9.02571,6.80105,7.96069,8.44481,8.1424,8.20467,7.86134,7.93804,7.85336,9.46224,8.91708,8.15755,8.16073,7.68572,7.4482,7.81399,9.06794,8.63763,8.26899,7.01127,8.63959,8.22534,8.17361,7.68358,8.09915,7.77634,9.75405,8.9816,8.98548,8.34141,9.38608,8.35061,7.21155,8.11225,8.00382,8.68679,8.43634,8.62568,8.67755,8.62622,7.61298,8.46447,8.82466,8.07348,7.78942,7,0,2,4,3,20,14,13,7,12,13,3,16,16,11,20,9,11,7,8,15,7,7,14,13,3,3,4,6,3,10,9,4,12,1,5,2,4,10,8,9,5,6,1,12,28,8,2,2,7,2,4,0,1,3,2,1,2,1,31,8,12,14,2,4,3,5,10,5,4,3,9,5,5,7,8,4,6,3,2,0,0,3,2,2,3,3,1,1,4,1,4,12,7,7,8,15,11,23,9,3,3,7,2,0,1,1,1,3,0,4,7,6,5,5,9,0,1,2,1,3,6,3,1,2,3,1,2,4,8,3,7,10,5,9,6,9,13,9,14,8,16,7,9,6,10,8,5,5,6,4,6,10,2,4,5,12,13,1,6,4,2,1,6,9,7,6,7,5,11,6,7,4,14,8,24,8,10,15,9,7,5,8,7,8,6,16,7,13,11
207.452,0.973009,0.0128217,8,255,0,-153.199,8.62855,0.504966,0.167401,-0.338965,0.704993,-0.526739,-0.163864,0.503201,0.345597,-0.0188079,-0.718587,-0.0424085,0.104979,0.980621,0.915482,-0.261459,0.248754,-0.137976,-0.153006,-0.0134884,0.05774,0.819081,0.0272628,-0.688218,0.453986,0.0645891,0.0189594,0.0570294,-0.200755,-0.425203,1.0582,0.774464,0.560065,0.0190869,0.402069,0.122832,-0.289786,-0.395504,0.709133,0.134141,0.156437,0.0102728,-0.106413,0.543547,-0.458919,0.142191,0.817716,0.0273491,-0.619924,-0.0469699,0.0251988,-0.289311,0.142742,-0.182868,0.0561066,0.0547777,-0.0220107,-0.0794559,0.0183046,-0.150597,-0.00324792,-0.0225762,0.0621705,0.0375125,1.14428,-0.177792,-0.262207,-0.102592,0.360398,1.14182,0.549948,0.260043,-1.17915,0.0660683,0.666721,0.656859,0.583302,0.0767964,0.0434529,-0.407337,0.36743,-0.627904,0.283683,-0.557811,1.12803,-0.486352,-0.913356,-0.588474,-1.37923,0.788752,-0.396301,0.194843,-0.190632,-0.682162,-1.15701,-0.593341,-0.301385,0.673116,0.789733,0.0593006,-0.00587572,-1.02734,0.151099,0.0785271,-0.539865,-0.999638,-0.41098,0.0362603,0.0962316,0.670559,-0.246482,0.221828,0.0519691,0.699181,0.447892,0.278565,-0.171688,-0.482271,0.257013,0.147068,-0.14951,0.0622422,0.0939716,-0.159119,0.151233,-0.201621,-0.484957,0.399207,-0.181881,0.0740417,0.316342,-0.181917,0.195529,0.001409,-0.480906,-0.501115,-0.0400371,0.152553,16.7728,0.40423,0.691408,0.353718,0.45326,0.640101,0.597596,0.49462,0.305283,0.487871,0.529995,0.754379,0.740307,0.425757,0.570684,0.460611,0.456341,0.496141,0.516512,0.718545,0.507798,0.312703,0.627028,0.518469,0.505424,0.516309,0.442821,0.380706,0.770453,0.708106,0.65495,0.50546,0.613033,0.535081,0.417852,0.388751,0.692418,0.538299,0.544633,0.502939,0.469596,0.650666,0.371653,0.540587,0.718229,0.507823,0.329739,0.515062,0.468705,0.523395,0.507283,0.477649,0.484644,0.500836,0.531896,0.501885,0.495334,0.456524,0.459398,0.511619,0.488945,0.506132,0.5068,0.5006,0.497434,0.463658,0.498788,0.530552,0.479832,0.497129,0.499157,0.497465,0.508922,0.51889,0.453104,0.465631,0.475127,0.499152,0.482136,0.494541,0.512878,0.517572,0.468522,0.494038,0.493047,0.499543,0.50473,0.475859,0.520387,0.49368,0.463718,0.498784,0.527526,0.540663,0.416044,0.562992,0.519691,0.439795,0.458545,0.502261,0.585544,0.505098,0.487381,0.384241,0.391679,0.531393,0.470129,0.516582,0.518387,0.501622,0.493059,0.402779,0.496722,0.581995,0.445635,0.492235,0.497721,0.493144,0.524117,0.550943,0.375453,0.40795,0.433069,0.497705,0.451811,0.485237,0.534784,0.547407,0.41556,0.483878,0.481201,0.498765,0.512791,0.435021,0.554951,0.482912,0.402936,0.496712,0.573984,0.542363,0.412587,0.565609,0.520517,0.437292,0.456812,0.502356,0.589063,0.505313,0.486851,0.379563,0.38728,0.532708,0.468877,0.517279,0.519159,0.50169,0.492767,0.398803,0.496585,0.585374,0.443369,0.491909,0.497625,0.492856,0.525129,0.553068,0.370452,0.404176,0.430293,0.497609,0.449799,0.484617,0.53624,0.549387,0.412084,0.483201,0.480412,0.498713,0.513328,0.432323,0.557241,0.482194,0.398967,0.496574,0.577045,7.48488,9.05769,6.922,7.63933,8.28778,8.08029,8.1996,6.67322,7.87949,7.76042,9.48802,9.13379,7.27181,8.26772,8.04057,8.00442,7.9181,7.69738,8.69591,8.26111,7.02814,8.53904,8.21434,8.16968,7.69643,8.17209,7.87479,9.78925,8.95482,8.95039,8.2502,9.20037,8.37254,7.74203,7.33204,9.06302,8.60721,8.33685,8.45357,7.98606,8.65636,7.5187,8.41447,9.29859,8.11923,7.11647,2,1,2,1,1,4,7,4,5,6,5,13,14,17,20,15,12,5,8,11,10,9,8,4,5,5,3,3,4,5,5,6,12,4,8,2,2,2,9,8,13,4,2,1,21,23,22,7,7,5,0,3,2,1,0,1,2,0,2,16,18,7,9,5,3,3,6,2,5,6,5,10,8,5,4,4,3,4,1,2,0,2,0,1,2,2,1,2,9,10,5,15,25,5,29,23,13,11,8,5,2,7,5,6,4,2,2,4,2,1,6,4,6,3,8,3,7,3,4,3,1,4,2,1,3,4,0,3,3,5,0,11,10,13,11,13,11,10,9,9,12,12,9,7,10,12,8,2,2,9,12,4,9,5,4,9,4,9,9,3,6,4,4,11,2,7,10,12,10,10,7,10,7,6,7,11,6,9,5,7,11,7,1,7,12,4,5,4,7,7
205.421,0.72417,0.0128217,8,255,0,-139.219,9.54842,0.528077,0.209905,0.349698,0.497012,-0.523544,0.345411,-0.642349,0.447907,0.105763,0.763425,-0.0696732,0.0573007,0.832764,0.670972,0.0473987,0.128881,0.36462,0.171903,0.37312,-0.848949,0.810359,0.126022,-0.894591,0.381634,-0.0242187,-0.644728,-0.00657942,-0.159534,-0.395434,0.700179,0.586054,0.398283,0.173319,0.207255,-0.0574983,0.518026,0.407794,-0.377488,-0.0329145,-0.245498,-0.211056,0.136038,0.331565,-0.715344,0.217362,-0.505385,0.143873,-0.0833585,-0.143232,-0.0889405,0.125615,-0.156686,0.0747182,0.114724,-0.218335,0.238205,0.0127632,-0.137105,0.302178,0.0426672,-0.0169213,-0.0501917,0.0263221,0.384731,-0.93997,-0.387293,-0.05249,0.346003,1.90355,0.579194,0.144514,-0.613961,0.551608,-0.338998,0.775186,0.373272,0.587419,-1.37897,-0.254843,0.7244,-0.269541,0.253194,-0.366975,0.813659,-0.014955,-0.318856,-0.656463,-1.22,1.02055,0.13068,0.306793,0.261426,0.176434,-0.553056,-0.630156,-0.358351,0.803298,0.954585,0.188761,-0.207698,-0.687495,0.00537988,0.713288,-0.379323,-0.588372,-0.443321,0.42894,-0.72108,0.643201,0.208857,-0.326556,0.556769,0.555751,0.437766,0.255314,0.237327,0.0770542,-0.145244,-0.0929965,0.00989368,-0.0142629,-0.000953585,0.100152,-0.152616,0.163528,0.0820827,-0.069374,0.108329,-0.165419,-0.214132,0.1549,-0.0674755,-0.102513,-0.313843,-0.258022,0.0145471,0.153304,17.1119,0.533584,0.547659,0.449814,0.533174,0.43853,0.542975,0.510171,0.572905,0.493299,0.505511,0.579419,0.56418,0.504559,0.512394,0.535013,0.516528,0.535826,0.419064,0.577317,0.512119,0.414795,0.536641,0.497671,0.438304,0.499367,0.48466,0.462039,0.566941,0.556131,0.538233,0.516664,0.519924,0.49447,0.549661,0.539143,0.463756,0.496834,0.476405,0.479711,0.513082,0.531848,0.431627,0.520894,0.451543,0.513835,0.491983,0.418556,0.385285,0.620605,0.419537,0.646523,0.396273,0.475167,0.327922,0.516367,0.486538,0.313722,0.347353,0.488864,0.469751,0.415146,0.459692,0.413207,0.689544,0.318275,0.47042,0.698652,0.411268,0.505691,0.647034,0.501546,0.537419,0.591869,0.341156,0.365662,0.407485,0.459361,0.45145,0.513508,0.380617,0.405328,0.587788,0.507734,0.557435,0.549435,0.468076,0.422709,0.662041,0.449099,0.616578,0.466242,0.519579,0.47259,0.461083,0.540985,0.472925,0.550229,0.464915,0.491703,0.440386,0.505466,0.495504,0.43503,0.447549,0.496281,0.489889,0.471423,0.486516,0.470758,0.566218,0.436759,0.490114,0.569733,0.470092,0.5019,0.550414,0.500516,0.512515,0.530986,0.445283,0.454147,0.468791,0.486405,0.483744,0.504511,0.459445,0.468048,0.529583,0.502582,0.519252,0.516554,0.489328,0.474009,0.555892,0.482952,0.53957,0.488714,0.50654,0.477458,0.467984,0.53372,0.477734,0.54134,0.47114,0.493178,0.450913,0.504494,0.496304,0.446488,0.456826,0.496943,0.491687,0.476497,0.488913,0.47595,0.554544,0.447917,0.491872,0.557451,0.475402,0.501562,0.541493,0.500424,0.510289,0.525486,0.454957,0.462268,0.474331,0.488822,0.486634,0.503709,0.466634,0.473719,0.524331,0.502123,0.515831,0.513611,0.491226,0.478625,0.546013,0.485983,0.532554,0.49072,0.505377,8.67275,8.97979,7.08576,8.13858,6.93825,8.30392,8.23928,8.6952,8.14594,7.81405,9.57578,9.07272,7.8016,8.39566,8.56411,8.75352,8.70206,6.68373,8.7529,8.26475,7.11948,8.71271,8.32615,8.22951,7.7337,8.20023,7.90445,9.80082,8.9675,9.03732,8.32419,9.3107,8.46505,9.00596,8.21661,7.88266,8.75586,8.04805,8.13551,8.52769,8.65005,7.46265,8.3795,7.47265,8.10911,8.12873,1,1,2,0,4,11,5,3,15,3,3,7,17,23,24,21,20,10,7,8,6,3,5,10,9,1,1,2,1,3,9,5,11,9,12,6,4,3,4,7,6,4,3,0,16,22,13,1,5,6,3,2,2,2,1,2,0,0,5,9,19,14,20,9,4,5,8,8,9,6,2,4,2,6,4,6,4,6,5,0,1,2,1,2,0,0,5,4,4,3,4,16,12,15,3,10,13,15,15,9,12,2,5,4,2,2,1,10,1,7,3,5,5,5,5,11,5,2,4,2,1,2,2,6,1,0,3,3,10,1,14,12,6,3,5,8,4,8,5,7,9,4,4,9,7,4,8,4,2,1,0,0,4,5,6,5,3,4,4,8,9,6,5,9,11,9,8,8,7,14,5,5,9,10,9,5,7,11,7,4,6,9,4,10,9,11,4,3,7,3
202.239,0.863974,0.0128217,8,255,0,-139.999,9.68267,0.444984,0.126205,0.426038,0.493192,-0.651653,0.25687,-1.03722,0.282427,0.0477947,0.944373,0.204019,0.104154,0.823836,0.505753,0.523191,0.21999,0.466966,-0.0472265,0.136498,-0.567571,0.722188,0.202144,-0.835838,0.335834,-0.0149191,-0.526094,-0.0723033,-0.153222,-0.409781,0.704898,0.64427,0.386758,0.167976,0.40336,-0.1004,0.345944,0.164533,-0.458128,-0.0934381,-0.165603,-0.501342,-0.0369689,0.409716,-0.648212,0.299834,-0.219446,0.219534,0.0291368,-0.122693,-0.0145513,0.0439909,-0.117452,0.0392791,0.00420857,-0.187989,0.277802,0.0221747,-0.220147,0.240995,0.10775,-0.0816109,-0.104869,-0.0040355,-0.166122,-0.972395,-0.393814,-0.0370678,0.354532,1.9197,0.580324,0.0888507,-0.567856,0.417999,-0.359084,0.708076,0.41074,0.449904,-1.42544,-0.194884,0.676874,-0.365298,0.326579,-0.451854,0.843892,0.174949,-0.220632,-0.59854,-1.33817,0.833827,0.0688374,0.183605,0.448368,-0.127275,-0.638918,-0.531292,-0.366899,0.980059,1.04149,0.229815,-0.0508754,-0.790757,0.229608,0.914966,-0.611638,-0.664534,-0.550296,0.273726,-0.808169,0.751696,0.202143,-0.217054,0.703963,0.542924,0.216335,0.279597,0.030113,0.320785,-0.0148723,0.0339995,-0.0121897,-0.111435,0.178854,-0.0223433,0.0466269,-0.0441365,0.0664039,-0.130063,0.107608,-0.156971,-0.153135,0.0710574,-0.0812169,-0.0708127,-0.553961,-0.578834,-0.0336699,0.155685,16.5233,0.482314,0.479529,0.527037,0.489334,0.54297,0.488273,0.498015,0.46086,0.491528,0.495675,0.465839,0.479008,0.478285,0.490865,0.480616,0.501961,0.494331,0.523554,0.470043,0.491606,0.534657,0.486056,0.50062,0.521835,0.503003,0.506363,0.517012,0.470759,0.473269,0.483943,0.493024,0.483255,0.50417,0.485637,0.493167,0.519017,0.50388,0.506877,0.520809,0.501535,0.482991,0.526895,0.48755,0.509113,0.490884,0.49879,0.397887,0.382352,0.65332,0.437878,0.732744,0.431771,0.488383,0.285304,0.450565,0.474702,0.309792,0.379472,0.375487,0.446724,0.388392,0.511479,0.466866,0.634577,0.331313,0.451017,0.692698,0.419077,0.503627,0.625175,0.51757,0.537179,0.59832,0.335048,0.348308,0.407072,0.459256,0.403182,0.524388,0.416686,0.460087,0.609564,0.522699,0.540171,0.619518,0.508986,0.401695,0.652562,0.427623,0.553146,0.446833,0.492917,0.44127,0.432119,0.58928,0.464486,0.63982,0.460966,0.493381,0.372117,0.471775,0.48558,0.387847,0.430413,0.428046,0.469571,0.435688,0.50654,0.481105,0.577962,0.401297,0.472034,0.613731,0.453624,0.502066,0.572348,0.510012,0.521207,0.556508,0.4036,0.41171,0.446642,0.476754,0.44437,0.513901,0.452236,0.47723,0.563108,0.512937,0.522918,0.568988,0.50512,0.443501,0.588819,0.458571,0.530354,0.469634,0.495965,0.438659,0.429112,0.593197,0.462897,0.645743,0.459221,0.493084,0.366645,0.470511,0.484933,0.382993,0.427331,0.424863,0.468208,0.432834,0.506834,0.480258,0.581402,0.396989,0.470781,0.618648,0.451554,0.502159,0.575547,0.510461,0.522158,0.559022,0.399387,0.407834,0.444265,0.475712,0.441894,0.514525,0.450106,0.476209,0.565909,0.513518,0.523946,0.572044,0.50535,0.440987,0.592717,0.45672,0.531713,0.468274,0.495784,8.63501,8.96681,6.92116,7.98379,6.45571,8.07711,8.11505,8.88604,8.36024,7.85587,9.45497,8.73318,8.37427,8.38006,8.63434,8.38179,8.2764,7.02405,8.61759,8.3068,7.07777,8.52358,8.33727,8.24525,7.63651,8.00483,7.68705,9.59292,8.90296,8.92029,8.26438,9.36799,8.31569,8.78516,7.86922,7.78799,8.59179,8.15001,7.57424,8.30985,8.61487,7.55478,8.42791,7.78299,8.01969,8.14297,3,2,6,3,5,3,5,3,6,1,2,0,15,9,17,15,17,3,8,7,9,8,6,4,13,0,2,1,3,5,4,13,6,12,5,4,7,10,10,8,6,7,5,2,11,13,13,8,3,3,5,3,3,1,1,0,2,1,0,8,15,11,15,6,13,7,2,3,9,4,10,6,6,10,10,8,2,3,1,4,3,1,0,2,2,6,3,2,4,2,3,11,18,8,8,17,17,11,26,4,12,4,6,3,2,1,3,5,3,6,4,7,10,3,5,6,1,1,0,5,6,0,2,4,8,3,2,2,7,6,11,4,6,4,10,13,9,13,12,10,13,6,7,9,13,9,7,3,3,5,1,3,1,9,5,6,3,3,1,17,10,7,6,2,2,6,5,3,4,4,8,6,6,7,1,5,3,6,8,4,4,4,3,11,5,7,3,4,3,0
198.293,0.974982,0.0128217,8,255,0,-135.867,9.60955,0.464358,0.192688,-0.474031,0.662013,-0.70232,-0.0706197,0.393814,-0.571602,0.00449875,-0.760883,-0.366048,0.0392892,0.813036,1.02942,-0.0944378,-0.0496019,-0.00825763,-0.0782518,-0.336609,1.02475,0.824731,0.1456,-0.984932,0.396643,0.04299,-0.18815,-0.0498747,-0.323193,-0.670166,0.875853,0.682487,0.429448,0.0692219,0.113034,-0.0685369,-0.592258,-0.622636,0.77203,-0.0605676,0.0534628,0.399691,0.225619,0.406929,-0.684556,0.213265,0.198156,-0.220194,0.347737,0.168713,-0.0513155,-0.0195517,-0.115849,0.127813,-0.00165743,0.223785,-0.424758,0.101145,-0.169087,-0.173855,-0.0114566,0.132113,0.088435,0.292732,0.343407,-0.70349,-0.240912,-0.13892,0.374956,2.66242,0.58902,0.155326,-1.04204,0.689685,0.499236,0.53771,0.483321,0.307625,-0.208876,-0.582261,0.511906,-0.808487,0.894788,-0.205804,1.07601,-0.167259,-0.568639,-0.14815,-0.915473,0.918538,-0.406315,0.356897,-0.376559,-0.478566,-0.522314,-0.902438,-0.184474,0.548141,0.756644,-0.0216256,0.260254,-0.570071,0.027016,0.467163,-0.489988,-0.83281,-0.540614,0.669017,-0.0744995,1.0259,-0.101135,0.331167,0.114428,0.7928,0.721046,0.235376,-0.170581,-0.86109,0.0680257,0.0716328,-0.128895,-0.101675,-0.0249616,-0.0245983,-0.0184655,-0.03871,0.0933839,0.0363317,-0.102376,-0.0792471,0.21266,0.321106,0.00127634,-0.123792,-0.183871,-0.676817,-0.0336606,0.0650589,17.7448,0.459393,0.556591,0.439995,0.493937,0.533758,0.451084,0.500386,0.435046,0.468615,0.503373,0.569351,0.587468,0.491893,0.495742,0.499291,0.493282,0.471134,0.587079,0.570335,0.512497,0.416239,0.534,0.503691,0.483853,0.495718,0.472282,0.442718,0.574632,0.558326,0.536802,0.505943,0.509703,0.494116,0.449328,0.446748,0.565895,0.4948,0.50459,0.53426,0.51936,0.534879,0.441499,0.518301,0.517005,0.481105,0.529818,0.582605,0.38563,0.621066,0.512418,0.431179,0.599196,0.499209,0.630712,0.564024,0.493091,0.360784,0.326472,0.516603,0.508723,0.501452,0.513759,0.558925,0.327195,0.358889,0.474415,0.66661,0.430691,0.49244,0.533042,0.508771,0.556597,0.615728,0.350657,0.382223,0.425041,0.487828,0.480131,0.512051,0.602681,0.607787,0.367463,0.510651,0.490598,0.430165,0.460403,0.428917,0.618121,0.462563,0.465206,0.538649,0.439146,0.521776,0.469606,0.532239,0.503246,0.481905,0.526251,0.499793,0.534919,0.51682,0.498194,0.462696,0.452821,0.504341,0.50228,0.50038,0.503597,0.515468,0.453034,0.462161,0.493307,0.545152,0.481775,0.498024,0.508648,0.502293,0.514852,0.530767,0.459826,0.468669,0.48027,0.496818,0.494804,0.50315,0.527198,0.52859,0.464571,0.502784,0.497542,0.481635,0.48963,0.481303,0.531426,0.490198,0.490892,0.51012,0.484021,0.579527,0.389822,0.616647,0.511947,0.433757,0.595529,0.499239,0.625973,0.561622,0.493352,0.3658,0.332538,0.515974,0.508392,0.501397,0.513237,0.556711,0.33324,0.363966,0.475384,0.660746,0.433287,0.492726,0.531793,0.508438,0.554469,0.61149,0.355995,0.386531,0.427843,0.48829,0.480883,0.511595,0.598892,0.603821,0.372263,0.510247,0.490955,0.43278,0.461898,0.431578,0.613801,0.463977,0.466521,0.537189,0.441432,7.64816,9.08321,6.95996,7.9358,8.22188,7.10987,8.14123,6.89291,7.77238,7.81336,9.50877,9.37578,7.65915,8.13705,8.12652,8.48374,7.80627,8.94427,8.71621,8.30394,7.06334,8.65132,8.37088,8.28077,7.71054,8.12445,7.72573,9.68572,8.97962,9.0688,8.21587,9.40382,8.49494,7.63941,7.30048,9.2092,8.72262,8.38295,8.95756,8.58142,8.66316,7.53356,8.38193,8.36452,8.11742,8.59503,1,1,4,1,2,13,8,8,5,4,7,7,11,7,6,12,9,9,11,7,20,6,5,10,10,4,4,3,3,1,8,16,8,9,11,2,4,1,11,8,7,4,1,5,14,14,17,3,4,3,2,0,4,4,1,3,2,1,3,8,25,4,14,4,2,5,9,3,6,4,8,4,3,9,3,7,2,0,6,3,1,1,0,0,2,2,2,4,2,2,8,6,10,6,14,3,3,9,16,6,3,4,6,14,2,2,2,3,4,7,6,5,2,5,14,12,2,5,2,3,2,4,2,2,1,3,2,3,14,5,14,20,14,16,19,21,12,8,14,14,12,16,20,14,11,23,7,8,5,4,5,4,6,3,6,4,4,4,6,4,3,9,5,10,13,3,5,10,8,4,4,4,7,7,9,2,4,8,2,5,5,4,8,6,7,13,2,9,3,4
202.433,0.963394,0.0128217,8,255,0,-134.84,8.91768,0.442125,0.20554,-0.464269,0.736089,-0.613506,0.283982,-0.323698,0.814895,-0.127719,0.238838,-0.328444,0.0804575,0.823041,0.397911,-0.142807,-0.00438728,0.413869,-0.435122,0.0740491,-0.131481,0.770805,-0.0571256,-0.842079,0.276539,0.283154,-0.369753,-0.00223458,-0.392024,-0.464193,0.505982,0.516602,0.438736,-0.173558,-0.0649673,-0.00220283,-0.240036,0.253476,0.134027,-0.0619456,0.0345191,0.000789542,-0.0669215,0.29369,-0.440082,0.0130141,0.470882,0.0500638,0.112629,-0.108013,0.00486857,-0.078824,0.0517454,0.0442537,0.0651327,-0.243694,0.459702,-0.118377,-0.286133,0.157034,0.0161247,0.115785,-0.245259,-0.0186455,0.965694,0.45816,-0.344182,-0.129919,0.378125,2.55394,0.568553,0.214444,-1.13196,0.360174,-0.3766,0.889351,0.457878,0.651844,-1.03258,-1.02162,0.740512,-0.777251,0.938476,-0.723081,1.25217,-0.303746,-0.52833,-0.364259,-0.781807,1.12427,-0.395696,0.281574,0.00585671,-0.397801,-0.790043,-0.240874,0.054014,0.648313,0.952695,0.457903,-0.0570128,-0.455561,-0.0326281,0.364415,-0.246226,-1.15956,-0.341366,0.357321,-0.407397,0.937228,0.172079,0.199151,0.194284,0.849971,0.315223,-0.00311265,-0.0097598,-0.0728264,-0.189045,-0.23913,0.0471487,0.232621,0.0138033,0.103627,0.192649,0.0654213,-0.498048,0.223499,-0.122665,0.113221,0.127668,-0.426253,-0.168535,-0.087337,-0.494997,-0.617826,-0.0258876,0.0366009,19.2876,0.389755,0.670586,0.356071,0.568133,0.422482,0.687174,0.469205,0.557407,0.421364,0.519415,0.688862,0.5949,0.465578,0.498941,0.598609,0.39647,0.51787,0.4683,0.677949,0.486212,0.307211,0.566369,0.567937,0.411669,0.499461,0.406471,0.389773,0.619782,0.622196,0.604365,0.458197,0.484321,0.499468,0.442308,0.560891,0.532312,0.485049,0.508333,0.500191,0.483849,0.570432,0.395325,0.503142,0.611763,0.512084,0.527165,0.447022,0.583522,0.430188,0.532482,0.462991,0.592269,0.485375,0.527329,0.462451,0.509215,0.59317,0.545451,0.483649,0.499497,0.547263,0.450326,0.508481,0.484945,0.587382,0.493457,0.404727,0.531632,0.532387,0.457749,0.499744,0.455218,0.447031,0.557697,0.558897,0.550084,0.480131,0.492559,0.499748,0.472534,0.529001,0.515347,0.492905,0.503954,0.50009,0.492335,0.533589,0.449763,0.501491,0.553727,0.505734,0.512898,0.557201,0.409904,0.575343,0.464915,0.539972,0.400503,0.5158,0.470478,0.540555,0.490045,0.399535,0.450917,0.517665,0.500543,0.448962,0.553639,0.490837,0.516265,0.405754,0.507069,0.602724,0.465832,0.465017,0.545629,0.500277,0.548361,0.557192,0.43771,0.436417,0.445919,0.521465,0.508039,0.500273,0.529669,0.468674,0.48342,0.507665,0.495728,0.499902,0.508281,0.46372,0.554246,0.49839,0.441991,0.493805,0.486066,0.571222,0.388226,0.593642,0.456249,0.549831,0.376727,0.519717,0.463177,0.550557,0.487575,0.375546,0.438848,0.522043,0.500678,0.436421,0.566806,0.488565,0.520297,0.383144,0.508823,0.627208,0.45739,0.456376,0.556864,0.500345,0.560256,0.57121,0.422478,0.420878,0.432646,0.526782,0.510033,0.50034,0.537007,0.460929,0.47931,0.509567,0.494669,0.499878,0.510335,0.454762,0.567558,0.49799,0.427778,0.492268,0.482611,7.66951,9.00204,6.93775,8.34,7.30672,8.76015,8.19001,8.02903,7.84293,7.82566,9.45444,8.7749,7.53869,8.25888,8.88492,7.84847,8.35971,7.55324,8.70492,8.28073,7.19261,8.61964,8.42655,8.217,7.71936,7.94832,7.85627,9.72323,8.92611,8.9688,8.13114,9.24941,8.4035,7.75462,8.30091,8.23521,8.65802,8.10733,8.4522,7.97692,8.64161,7.49877,8.3709,8.9576,8.03161,8.40929,0,5,1,2,1,6,12,7,4,2,3,1,10,12,8,7,10,9,7,8,7,7,15,7,4,2,2,1,1,0,10,8,9,7,6,1,0,2,8,7,7,4,6,5,16,6,12,3,3,3,8,2,1,1,1,0,3,2,3,14,8,16,20,1,6,4,9,10,5,16,0,7,3,5,1,7,2,2,0,1,2,1,6,1,6,3,3,4,5,6,2,6,9,6,11,6,15,12,10,4,4,3,4,5,5,1,3,5,4,3,5,3,2,3,3,3,2,3,5,0,4,3,8,2,3,3,5,4,1,4,2,20,11,21,12,15,15,9,16,13,13,6,5,17,20,17,17,7,2,2,3,2,3,13,4,7,2,9,4,14,3,4,7,12,9,7,17,12,19,11,14,6,9,16,17,14,9,6,13,9,8,9,0,1,2,2,5,3,7,0
217.327,0.994473,0.0128217,8,255,0,-131.033,8.31968,0.462136,0.119394,0.236605,0.311589,-0.661527,-0.377269,0.267911,-0.684663,-0.104856,-0.369812,0.570051,-0.18816,0.631331,0.732841,0.415067,0.0343779,-0.4165,0.0579518,-0.187543,0.242188,0.504308,-0.054372,-0.89381,0.130419,-0.339157,-0.447906,-0.306766,-0.388553,-0.603308,0.763628,0.498567,0.333365,-0.174863,0.355307,-0.223221,0.0710462,-0.202819,-0.108173,-0.0783135,0.0992115,0.114715,-0.313444,0.273924,-0.803287,0.108504,-0.439271,-0.278503,-0.0897022,-0.161814,-0.0105441,-0.052947,-0.0420745,-0.0451813,0.0349909,0.0681635,0.365913,0.0977897,0.0597101,0.0274785,-0.0082449,-0.0275973,0.149945,0.109883,0.740013,0.818978,-0.248664,-0.0479837,0.358204,-0.433892,0.571661,0.163908,-0.578526,0.120548,0.613937,0.464735,0.303061,0.0474687,-0.495102,-0.132916,0.560648,-0.57402,0.372394,-0.385571,0.90891,0.0754325,-0.295107,-0.361831,-1.29646,0.44169,-0.112097,0.358331,0.123822,0.275703,-0.86346,-1.08785,-0.50072,0.931043,0.824021,-0.498935,0.043895,-0.642443,0.307544,0.506147,-0.322282,-0.458507,-0.648554,0.379492,-0.762351,0.82138,-0.55305,-0.140943,0.301015,1.00697,0.744516,0.516735,-0.34202,0.198021,0.0136204,0.0840105,0.0851196,-0.105088,-0.061356,-0.105335,0.00336477,-0.153988,0.158081,0.21549,0.088157,0.0882057,-0.157457,-0.0370799,-0.011665,0.124123,0.103269,-0.180128,0.119346,0.137341,18.0121,0.543661,0.557391,0.380002,0.430654,0.549403,0.375977,0.480611,0.432007,0.603925,0.465246,0.614719,0.63235,0.576191,0.50636,0.42355,0.51072,0.46536,0.544686,0.592231,0.489942,0.340418,0.524109,0.437582,0.417886,0.44349,0.428608,0.390204,0.63763,0.591204,0.561363,0.467695,0.565357,0.458797,0.513141,0.462548,0.479998,0.485516,0.518346,0.52121,0.44227,0.550504,0.355616,0.520063,0.419442,0.448658,0.483411,0.548293,0.563452,0.367775,0.423365,0.554634,0.36338,0.478544,0.424857,0.61464,0.461551,0.626457,0.645697,0.584174,0.507038,0.415541,0.511863,0.461677,0.549425,0.601811,0.488869,0.324754,0.526677,0.431002,0.409309,0.43752,0.421111,0.378929,0.651444,0.600684,0.567834,0.464259,0.572238,0.454424,0.514542,0.458569,0.477867,0.483971,0.520302,0.52347,0.436174,0.55585,0.341217,0.522201,0.411019,0.443224,0.481642,0.506108,0.508044,0.482928,0.490261,0.506916,0.482331,0.497293,0.490454,0.514713,0.495142,0.516294,0.518911,0.510714,0.500888,0.489249,0.501496,0.495158,0.506252,0.513017,0.498596,0.476941,0.503367,0.491245,0.488438,0.492081,0.48997,0.484429,0.519705,0.512869,0.508606,0.495486,0.509172,0.494237,0.501834,0.494764,0.497207,0.497978,0.502561,0.502962,0.491908,0.507072,0.479273,0.502801,0.488661,0.49281,0.497684,0.489347,0.485972,0.529755,0.516983,0.487938,0.530793,0.504722,0.516647,0.474352,0.508472,0.471601,0.467047,0.481317,0.498452,0.518747,0.49739,0.508445,0.489096,0.477306,0.502448,0.540163,0.494127,0.515268,0.520159,0.513811,0.51749,0.527141,0.465666,0.477564,0.484992,0.507874,0.484005,0.510051,0.496801,0.509132,0.504871,0.503527,0.495532,0.494834,0.514111,0.487667,0.536111,0.495114,0.519771,0.512539,0.504039,8.62648,9.00575,7.13296,7.58949,8.34079,7.10324,8.19922,7.50991,9.05886,7.74621,9.45024,9.26812,8.53196,8.36287,7.79375,8.70605,8.07346,8.30731,8.64752,8.26506,7.16259,8.48813,8.15787,8.13951,7.59182,8.14102,7.8633,9.67714,8.96654,9.06478,8.10795,9.31373,8.33941,8.6924,7.81637,8.45862,8.72402,8.72914,8.79665,8.19129,8.67506,7.55955,8.47753,7.76424,8.01026,8.20101,6,1,2,3,2,3,12,4,6,8,18,5,4,26,12,11,16,12,5,5,5,4,5,4,6,1,2,1,1,3,11,17,7,13,7,0,2,7,7,4,8,4,3,8,16,25,14,4,5,8,4,2,2,3,1,0,2,0,1,8,7,11,13,2,4,7,9,4,7,12,3,5,2,4,2,2,4,9,0,3,1,1,2,1,4,1,1,5,4,2,7,23,15,19,21,23,16,21,19,5,3,3,11,11,0,1,3,3,2,3,10,8,6,11,14,14,5,7,6,2,4,2,2,1,3,5,1,1,7,10,19,16,10,5,5,13,18,12,10,10,11,3,8,6,14,6,7,1,2,2,3,4,5,8,1,3,3,7,5,7,2,2,11,8,10,8,11,10,6,0,13,12,17,7,13,7,19,10,8,16,8,7,4,12,9,13,7,2,1,4
220.762,0.991128,0.0128217,8,255,0,-157.448,8.23151,0.577361,0.131297,-0.614052,0.412638,-0.697748,0.442221,-0.127412,0.327513,-0.190918,0.361468,-0.763099,-0.138963,0.919711,0.533148,0.0356005,-0.128275,0.526582,-0.240882,0.0752091,-0.356541,0.544045,-0.110133,-1.11452,-0.0233562,-0.0594499,-0.483187,-0.267275,-0.477465,-0.651833,1.07633,0.389111,0.516335,-0.0584644,0.606521,0.0238833,-0.0407838,-0.0511112,0.185545,0.17308,0.196797,-0.583548,-0.176683,0.0766668,-0.778835,0.0810309,0.481127,-0.0576291,0.167439,-0.153899,-0.0975087,0.0197658,0.12098,-0.0712227,0.009243,-0.0232207,0.185904,-0.154206,0.058619,-0.081604,0.0219687,0.219211,0.0317148,-0.0553705,0.731624,0.659881,-0.251622,-0.031601,0.361736,0.0785716,0.683943,0.110848,-0.701911,0.410816,0.00378801,0.620344,0.457567,0.327272,-1.30885,-1.20881,0.736014,-0.875187,0.566024,-0.769498,1.05646,-0.199165,-0.796341,-0.383611,-1.05033,1.01283,-0.63254,-0.0412531,0.476215,-0.303838,-0.839831,-0.273413,0.0885019,0.907294,0.881922,-0.0813058,-0.150039,-1.03368,-0.214179,-0.331476,-0.524308,-1.68009,-0.586824,0.20356,-0.626587,0.825549,-0.265274,0.200809,0.299807,0.985393,0.329555,-0.191028,-0.0159646,-0.49104,0.039699,0.022553,-0.0288066,0.220953,0.02115,-0.0774582,-0.0878354,-0.136367,0.0399638,0.0841509,0.0244108,0.0943346,-0.0167848,0.0317227,-0.023019,0.166642,-0.568882,-0.590818,0.0106711,0.118479,24.0751,0.389538,0.574906,0.375079,0.580187,0.476712,0.559619,0.465137,0.565732,0.363941,0.474605,0.662148,0.596298,0.506511,0.476555,0.595141,0.456055,0.513753,0.435154,0.598216,0.479867,0.306738,0.495728,0.489128,0.412531,0.451269,0.413546,0.382985,0.687288,0.570694,0.593334,0.489308,0.609151,0.504368,0.492541,0.490653,0.533885,0.531615,0.535933,0.394858,0.467729,0.514019,0.36128,0.514817,0.587104,0.489461,0.530587,0.400063,0.567656,0.386884,0.57244,0.478993,0.553821,0.468546,0.55935,0.376706,0.477091,0.647233,0.587057,0.505873,0.478851,0.586007,0.460345,0.512405,0.441451,0.588799,0.481839,0.323999,0.496147,0.490194,0.420957,0.456022,0.421878,0.394095,0.670457,0.563841,0.584365,0.490356,0.598743,0.50394,0.493272,0.491569,0.530571,0.528522,0.53242,0.404904,0.470886,0.512645,0.374271,0.513365,0.578712,0.490494,0.527594,0.586453,0.441582,0.597951,0.437437,0.518113,0.453555,0.527126,0.448772,0.606855,0.519753,0.372103,0.424751,0.494937,0.518235,0.425664,0.534205,0.489305,0.550534,0.423237,0.515658,0.653403,0.503322,0.508454,0.56829,0.537939,0.567491,0.591656,0.351533,0.444885,0.42709,0.508314,0.414586,0.496603,0.5058,0.507269,0.473636,0.475404,0.472041,0.582239,0.525107,0.489098,0.608989,0.488478,0.431998,0.508195,0.476205,0.589716,0.439352,0.601625,0.435051,0.51881,0.451775,0.52817,0.446812,0.610842,0.520514,0.367401,0.421896,0.494742,0.518938,0.422843,0.535519,0.488893,0.552469,0.420327,0.516261,0.658919,0.50345,0.50878,0.570888,0.539396,0.57006,0.595106,0.34617,0.442778,0.424321,0.508635,0.411361,0.496472,0.506024,0.507549,0.472622,0.474458,0.470965,0.585349,0.526073,0.488678,0.61305,0.488034,0.42941,0.508511,0.475289,7.74002,8.9852,7.08029,8.4292,7.78576,8.35072,8.16923,8.3928,7.55684,7.77142,9.52969,9.16189,7.98832,8.34145,9.05935,8.09499,8.59429,7.50146,8.61858,8.26956,7.12878,8.47181,8.39924,8.12985,7.61213,7.92472,7.70966,9.75498,8.9838,9.03448,8.33376,9.41803,8.42387,8.42244,7.81699,8.70363,8.6824,8.7176,7.79377,8.25361,8.59611,7.50982,8.5071,9.0032,8.05576,8.70886,2,0,1,3,0,10,8,7,5,2,7,3,14,15,6,10,14,12,12,10,5,14,8,5,4,1,1,1,1,2,5,9,3,9,3,6,3,4,10,15,11,7,3,0,8,19,17,3,4,5,2,2,4,1,1,1,2,1,3,9,12,16,16,1,4,4,3,3,4,3,3,2,8,7,7,8,3,4,0,1,3,6,3,4,3,3,0,5,4,6,4,11,12,12,13,8,10,10,10,8,11,3,6,3,5,2,1,5,4,2,3,4,4,2,4,11,2,2,1,0,1,2,7,3,1,5,4,3,8,5,3,11,13,7,5,17,6,9,10,21,5,12,10,8,8,10,4,3,1,2,1,2,3,2,2,1,8,7,3,8,5,7,5,16,9,17,5,8,9,14,9,10,7,2,12,4,8,25,13,4,5,4,4,6,4,5,6,7,4,4
218.063,0.994732,0.0128217,8,255,0,-156.582,8.72814,0.356675,0.185898,0.272513,0.574541,-0.864708,-0.401121,-0.418708,0.366107,-0.0852084,-0.604934,-0.0103512,-0.150033,0.643384,0.405962,0.291413,-0.172144,-0.707335,-0.073692,-0.623822,0.566403,0.427272,0.0590081,-0.863255,0.332208,-0.00584754,-0.365875,-0.332958,-0.282045,-0.557474,0.474373,0.560838,0.165584,-0.0221948,-0.03649,-0.372032,0.110586,-0.353473,0.102473,-0.301374,-0.255041,0.0532492,0.135329,0.388456,-0.556369,0.0354671,0.158407,-0.30139,0.013236,-0.119698,0.0528152,-0.0180576,-0.185496,0.194171,0.0584933,-0.0373888,-0.255906,0.189513,-0.303527,0.20347,-0.00519652,-0.155212,-0.0182941,0.258453,0.387392,0.947984,-0.197136,-0.105195,0.354783,-0.919196,0.648819,0.0613895,-1.03083,0.0294074,0.801139,0.431792,0.922624,-0.201085,-0.969271,-0.461733,0.787229,-0.291308,-0.0663522,-0.763254,0.751016,-0.308853,-0.843058,-0.735864,-0.932547,0.595129,-0.31342,0.164389,0.536692,0.0467433,-0.569119,-1.12765,-0.244671,0.345192,0.891176,-0.776993,-0.373422,-1.05155,-0.139716,0.267463,-0.718672,-0.760312,-0.502302,0.152134,-0.652127,1.06434,-0.167932,-0.0877352,0.0184313,1.08664,0.0851298,-0.326203,-0.405684,-0.85959,0.0131791,0.0284104,0.0667371,-0.0247498,-0.0542791,-0.0889292,-0.00436121,-0.126525,0.0181866,-0.000703259,0.0678782,-0.0848049,-0.0808196,0.047969,0.0504778,0.36188,-0.957313,-0.355737,0.0181246,0.049438,15.0336,0.526368,0.555415,0.417029,0.46123,0.459538,0.535397,0.491748,0.44168,0.498998,0.485474,0.56199,0.539236,0.528193,0.483334,0.431921,0.492864,0.439876,0.554636,0.541286,0.505715,0.417166,0.532129,0.499434,0.464625,0.467798,0.472712,0.446219,0.545813,0.554103,0.516031,0.49785,0.496466,0.464032,0.510708,0.46582,0.509923,0.470846,0.47532,0.505157,0.513103,0.53755,0.446324,0.503435,0.515337,0.470844,0.501282,0.564228,0.632895,0.305821,0.406065,0.40205,0.585905,0.479817,0.360437,0.497547,0.464503,0.647922,0.595041,0.568628,0.459293,0.338375,0.482542,0.35632,0.6311,0.5999,0.513981,0.306114,0.578088,0.498614,0.414148,0.421739,0.433552,0.370872,0.610568,0.629872,0.539162,0.49474,0.491353,0.412732,0.526184,0.417003,0.524267,0.429058,0.439849,0.512617,0.532029,0.591036,0.371117,0.508405,0.537471,0.429054,0.503137,0.435147,0.365861,0.695889,0.594837,0.598888,0.413266,0.520381,0.640863,0.502477,0.535846,0.35071,0.404046,0.430706,0.541106,0.6631,0.517629,0.645014,0.36767,0.399144,0.485881,0.695594,0.421157,0.501399,0.58668,0.579018,0.567094,0.63034,0.388381,0.36891,0.460454,0.505312,0.508732,0.588108,0.473558,0.583798,0.475495,0.571631,0.560737,0.487259,0.467657,0.408088,0.630094,0.491513,0.462161,0.571635,0.496832,0.475783,0.449081,0.576301,0.535613,0.537169,0.467487,0.507577,0.553593,0.500921,0.51334,0.44303,0.463959,0.474107,0.515305,0.562576,0.506553,0.555253,0.449797,0.462074,0.494752,0.576175,0.47049,0.50052,0.532493,0.529577,0.525062,0.549417,0.457912,0.450287,0.485278,0.501974,0.503245,0.533038,0.490166,0.531394,0.490888,0.526777,0.522666,0.495264,0.487967,0.465508,0.549319,0.496846,0.485916,0.526778,0.498823,8.52381,9.06224,7.0132,7.86509,7.5669,8.55539,8.18312,7.3343,8.16713,7.90482,9.57623,8.69145,8.46153,7.963,7.40373,8.67559,7.39687,8.80598,8.6321,8.36513,7.10105,8.59887,8.33287,8.22525,7.67451,8.13653,7.79142,9.73839,8.8851,8.97752,8.26265,9.31967,8.29991,8.47981,7.92488,8.46957,8.63615,8.01863,8.55935,8.51102,8.66949,7.64091,8.33542,8.49053,8.08666,8.1969,0,2,1,3,1,12,7,5,3,3,16,8,7,8,14,5,17,13,5,6,7,4,3,7,3,2,2,6,2,4,7,12,4,7,13,5,7,2,15,4,17,1,4,4,16,20,20,9,3,0,2,2,6,2,2,3,3,0,3,19,23,8,13,6,6,5,11,6,4,3,8,5,7,5,4,9,10,10,0,4,3,1,0,2,4,1,1,5,2,5,1,4,9,4,8,6,7,6,9,6,7,9,3,6,6,1,3,3,3,1,4,4,6,6,15,17,7,3,2,6,4,7,4,1,4,2,2,2,7,13,4,12,13,9,11,12,9,16,14,8,11,15,8,10,14,18,8,8,6,0,2,2,3,2,8,2,8,4,4,5,7,11,3,12,15,7,17,13,11,12,10,14,5,12,8,8,16,11,6,6,7,9,3,4,4,4,2,1,6,1
219.473,0.651733,0.0128217,9,511,0,-154.013,8.27552,0.530527,0.127294,-0.404885,0.402212,-0.485217,0.406597,0.679589,-0.757901,-0.189673,-0.406916,1.02221,0.0257302,0.671243,0.359012,0.504714,-0.251704,0.176727,-0.0290503,-1.18037,0.407889,0.539189,-0.0931099,-0.894437,0.225786,-0.12663,-0.441602,-0.0578256,-0.423464,-0.664001,0.633072,0.417145,0.390084,-0.195938,0.282673,-0.150827,-0.51025,-0.33316,-0.230698,0.0388885,1.53892,-0.06534,-0.00674517,0.148869,-0.54712,-0.0515554,-0.0765114,0.00518833,0.224376,0.0246665,-0.173577,0.0751701,0.206414,-0.188039,0.0338896,-0.0604592,0.16256,-0.150884,0.142981,0.0375983,0.0124188,0.149292,0.0654579,0.0895531,1.50045,0.352254,-0.325467,-0.0593449,0.366322,1.37512,0.645322,0.0635877,-0.399694,0.310806,0.0628269,-0.154671,-0.307749,0.661675,-1.01655,-1.12686,-0.078922,-1.12601,0.0138551,-1.08536,0.484687,-0.0573196,-0.846201,-0.324254,-0.841511,0.221957,-0.99245,-0.213449,0.712968,-0.224285,-1.02529,-0.41872,-0.165423,0.216068,0.70715,-0.635526,-0.358751,-0.890317,-0.115501,-0.274271,-0.207157,-0.0995952,-1.08668,0.498474,-0.957388,0.173207,-0.660062,0.200562,0.164645,1.41818,0.443231,-0.114064,-0.483689,0.865771,0.0152749,0.0576866,0.0198575,0.0976483,0.0941992,-0.00698588,-0.0549577,-0.108192,-0.0245873,0.0657031,-0.068445,0.0492005,-0.0128572,0.0779072,0.0107272,0.140899,-0.91457,-1.10071,0.112821,0.0106732,26.4925,0.352628,0.646456,0.325625,0.647958,0.734911,0.242837,0.429328,0.351933,0.822557,0.50965,0.732465,0.631505,0.680766,0.406689,0.565907,0.489105,0.145408,0.6484,0.691902,0.46513,0.207173,0.583894,0.452642,0.340156,0.478323,0.346291,0.26967,0.721093,0.65156,0.642286,0.427026,0.604472,0.443663,0.317431,0.377567,0.414316,0.514583,0.909625,0.47551,0.49747,0.555611,0.305567,0.480671,0.471331,0.501946,0.58338,0.464405,0.535361,0.457374,0.535745,0.559563,0.43365,0.483303,0.464227,0.589059,0.502266,0.558838,0.531574,0.54433,0.477849,0.515558,0.497442,0.397525,0.535858,0.547341,0.491801,0.421878,0.519873,0.48885,0.461189,0.494908,0.462777,0.441791,0.555521,0.536669,0.534298,0.482752,0.524873,0.486721,0.455186,0.470694,0.479695,0.503425,0.632299,0.494246,0.499406,0.513107,0.451967,0.49546,0.493263,0.500457,0.519749,0.59153,0.40906,0.609156,0.408091,0.349433,0.666668,0.543259,0.591979,0.281935,0.494117,0.351171,0.418644,0.386607,0.557297,0.45968,0.506642,0.746405,0.407806,0.379157,0.521276,0.693817,0.448558,0.528921,0.599619,0.513218,0.595629,0.647319,0.359165,0.405763,0.411744,0.54468,0.435727,0.534431,0.614593,0.575591,0.552553,0.491109,0.196637,0.514935,0.501542,0.466015,0.622549,0.511786,0.517487,0.498814,0.448877,0.609607,0.391094,0.630435,0.389945,0.321251,0.697248,0.552005,0.610139,0.245057,0.49292,0.323258,0.402474,0.36458,0.568823,0.451522,0.507993,0.785707,0.389607,0.355835,0.525599,0.728003,0.438187,0.534789,0.619181,0.515907,0.614463,0.674996,0.332516,0.387186,0.394277,0.553709,0.422837,0.541409,0.636831,0.590664,0.563144,0.4893,0.155264,0.517972,0.501856,0.459126,0.646164,0.514183,0.521042,0.498572,0.438569,7.75016,9.06216,7.0354,8.36481,8.85031,6.63014,8.18079,7.15559,9.92626,7.83828,9.59687,8.95615,8.58883,7.98919,8.76348,8.5098,6.64019,8.44046,8.64107,8.33406,7.02738,8.74737,8.22613,8.18055,7.70513,8.01769,7.65479,9.65488,9.04617,9.17176,8.17087,9.19945,8.31606,7.62778,7.19643,8.06133,8.64184,10.6279,8.58078,8.417,8.62563,7.57197,8.40022,8.36048,8.14037,8.74514,0,4,4,3,1,13,15,10,10,8,6,0,7,6,11,7,8,7,11,4,14,4,4,11,9,3,5,3,0,4,14,9,11,16,7,2,2,2,16,8,11,3,4,6,15,9,19,7,6,6,2,1,4,6,6,2,2,1,2,5,15,6,19,6,1,6,9,8,11,5,4,9,10,9,4,12,7,10,5,3,3,4,2,6,5,4,3,10,5,8,2,6,4,6,8,8,13,7,19,2,9,9,6,9,2,2,7,9,5,12,6,3,5,6,4,10,1,2,3,3,2,3,2,2,0,4,1,0,4,9,3,21,18,20,20,18,23,16,19,18,18,22,13,22,13,13,15,1,4,2,2,3,1,1,3,6,6,10,8,3,7,7,11,22,15,16,26,23,24,18,20,25,23,30,28,18,14,21,15,9,15,6,6,6,2,10,2,5,6,2
217.899,0.998196,0.0128217,8,511,0,-145.181,8.73662,0.358002,0.164349,-0.0732429,0.30653,-0.780466,-0.0453885,0.0937521,0.26002,-0.103706,-0.00537825,0.215442,-0.0899399,0.583071,0.554732,0.750256,-0.000852207,-0.474469,-0.23471,-0.287408,0.200159,0.608964,0.0199483,-0.695038,-0.000106326,-0.289082,-0.54597,-0.232628,-0.27259,-0.541455,0.789009,0.529194,0.270959,-0.103186,0.110395,-0.217253,0.0173799,-0.317111,-0.291261,-0.303269,0.208199,-0.210498,-0.297363,0.274362,-0.86674,0.0925136,0.465832,-0.135478,-0.342749,-0.0462303,0.205218,-0.101487,-0.162926,0.00939049,-0.0058062,0.0149341,-0.176114,0.183782,-0.305384,-0.0160579,-0.0658453,-0.120607,-0.069408,0.0663638,0.811929,0.730085,-0.314906,-0.0838898,0.351139,1.64107,0.550463,0.104243,-1.03265,0.295893,0.369767,0.816188,0.304325,-0.185006,-0.554884,-0.354229,0.395061,-0.716125,-0.0249752,-0.398912,0.35784,-0.441097,-0.254536,-0.703296,-0.375013,0.380281,-0.614581,0.45945,0.493246,-0.0861081,-0.677618,-0.315024,-0.393029,1.18986,1.40219,-0.569288,0.11379,-0.807908,0.174815,0.141484,-0.476371,-1.00508,-0.535833,0.460789,-0.258859,0.667652,0.0245036,0.217424,0.0710411,1.37884,0.0635545,-0.265621,-0.552897,0.208127,0.0802161,-0.0771818,-0.00468622,-0.0133887,0.134322,0.0578734,0.114625,-0.117034,-0.0207816,-0.145816,0.104137,0.0143325,-0.0807521,0.10147,0.184516,-0.00722944,-0.389562,-1.59228,0.151058,0.129655,18.8048,0.485137,0.561901,0.346676,0.490788,0.519021,0.552584,0.478962,0.498908,0.54362,0.481752,0.616191,0.610735,0.647748,0.499827,0.404865,0.452502,0.441925,0.54054,0.621151,0.504049,0.362548,0.499978,0.441589,0.390958,0.45292,0.444894,0.391831,0.654893,0.605794,0.554779,0.479067,0.522393,0.456016,0.503528,0.435985,0.441153,0.438751,0.54216,0.457376,0.439932,0.555461,0.330986,0.51877,0.593444,0.472528,0.430874,0.486635,0.555716,0.361281,0.491716,0.517105,0.547317,0.481081,0.499018,0.539242,0.48359,0.604844,0.599889,0.633614,0.499844,0.414255,0.457265,0.447734,0.536468,0.609354,0.503641,0.375795,0.499981,0.447431,0.401648,0.457642,0.45041,0.40244,0.640157,0.595405,0.549295,0.481175,0.520139,0.46043,0.503172,0.442378,0.447038,0.444872,0.537928,0.461655,0.445937,0.54991,0.346877,0.516879,0.584214,0.475293,0.437765,0.507133,0.470182,0.57543,0.50442,0.49087,0.474698,0.510099,0.500524,0.47903,0.508758,0.443457,0.446184,0.427448,0.500083,0.546078,0.522843,0.527962,0.480516,0.440969,0.498057,0.56728,0.50001,0.528124,0.552973,0.52264,0.526523,0.552538,0.423757,0.448643,0.473636,0.510048,0.48925,0.521146,0.498307,0.530844,0.528336,0.529501,0.479734,0.520489,0.528928,0.473305,0.583619,0.490991,0.454757,0.513191,0.533331,0.529123,0.380346,0.776037,0.51806,0.462749,0.397948,0.541189,0.502141,0.41507,0.535741,0.283247,0.292497,0.232434,0.500339,0.680373,0.592358,0.612453,0.42099,0.274952,0.49206,0.751512,0.500042,0.613085,0.704607,0.591558,0.606838,0.703109,0.221608,0.300983,0.393782,0.540983,0.456168,0.585629,0.493082,0.623617,0.613908,0.61843,0.417873,0.583017,0.616208,0.392489,0.799005,0.46324,0.322625,0.553721,0.633149,8.17821,9.00555,6.897,8.28145,8.02491,8.24049,8.17706,7.89625,8.55278,7.78649,9.44817,8.99084,8.871,8.27217,7.69735,8.38974,7.90055,8.16293,8.6904,8.33755,7.37595,8.27314,8.23319,8.14006,7.60145,8.13354,7.78657,9.91488,8.95802,9.04564,8.17774,9.38131,8.41236,8.63064,7.92921,8.23037,8.73379,8.8782,8.21398,8.22247,8.62911,7.49232,8.43174,8.91485,8.07863,7.82896,1,2,5,2,3,9,5,7,9,9,6,4,7,12,14,7,11,9,4,8,4,2,4,4,4,5,2,4,1,4,6,5,14,15,7,5,0,1,9,7,10,7,10,4,19,25,16,3,2,2,3,2,4,3,1,6,4,3,3,6,14,9,5,5,8,5,6,10,4,6,5,5,2,6,12,7,5,3,1,0,4,6,1,4,5,6,7,0,2,1,3,10,14,10,16,15,21,13,18,6,1,12,8,12,2,1,0,4,7,6,3,4,13,15,6,8,2,3,3,1,3,4,3,1,2,3,0,2,5,14,5,19,13,14,9,15,20,12,11,13,9,16,9,19,9,12,5,8,5,5,3,4,3,10,9,3,6,9,4,8,4,8,6,10,12,13,13,9,13,9,7,4,10,3,8,8,11,9,5,3,6,13,3,9,3,7,0,1,1,3
206.519,0.974967,0.0128217,8,255,0,-151.942,8.98648,0.374843,0.266143,-0.046613,0.650661,-0.64321,0.386295,-0.173769,-0.160974,-0.0838616,-0.482015,0.00823631,-0.187397,0.223497,0.445682,0.299808,-0.132969,0.487173,-0.23748,0.0659537,0.096699,0.391654,-0.0277444,-0.812136,0.408156,0.129305,-0.0866292,-0.257752,-0.0510099,-0.435687,0.569997,0.528269,-0.0303285,-0.0143961,0.364818,-0.368967,-0.318759,0.140853,0.0193278,0.0794778,-0.128557,-0.547239,0.0641815,0.30438,-0.378139,0.0529507,-0.1789,-0.132123,0.385402,0.129895,-0.252779,-0.238692,0.0613381,-0.0399324,0.032905,-0.21461,0.102319,0.0617291,-0.191649,0.373902,0.0976485,0.0214374,0.00546184,0.707261,0.972646,-0.934708,-0.178598,-0.0722826,0.366906,-0.451193,0.685736,0.147431,-0.721585,0.351158,0.00205322,0.677669,0.231539,0.115012,-0.819458,-0.867682,0.630434,-1.22457,0.777799,-0.978458,0.724681,0.445267,-0.716813,0.146771,-1.90828,0.394503,-0.730633,0.148534,0.539693,-0.114169,-0.638678,-0.0737739,-0.293007,0.710618,1.09367,0.354718,-0.46296,-0.807015,0.19128,1.32107,-0.0590393,-0.552209,-0.289627,0.19817,-0.187294,0.830369,-0.005223,0.0559136,0.328783,1.07217,0.991949,0.187103,0.421162,0.270522,-0.178743,-0.321032,-0.0190253,0.00325719,0.0321367,0.00197866,-0.00708972,0.140734,0.124741,0.398057,0.126781,-0.0743668,-0.115476,-0.213822,-0.0846791,0.104726,-1.20453,-0.434391,0.314678,0.237925,18.7109,0.488667,0.653138,0.348505,0.592842,0.457846,0.460937,0.479619,0.384893,0.502003,0.454558,0.554133,0.606707,0.572389,0.467712,0.616294,0.442509,0.516032,0.523496,0.5941,0.493254,0.312186,0.597965,0.531401,0.478948,0.437651,0.487599,0.395615,0.635157,0.625701,0.492626,0.496499,0.58779,0.411232,0.423105,0.534196,0.5047,0.519316,0.468781,0.369988,0.515601,0.573478,0.409074,0.512873,0.456608,0.467917,0.592633,0.510891,0.352475,0.645934,0.4107,0.540517,0.537545,0.519587,0.610768,0.498075,0.543679,0.447963,0.397335,0.430397,0.531032,0.388086,0.555267,0.484593,0.477419,0.409488,0.506483,0.681161,0.405764,0.469821,0.520232,0.559941,0.511918,0.600426,0.369869,0.379004,0.507087,0.503364,0.415567,0.585375,0.57394,0.467133,0.495484,0.481436,0.530005,0.62516,0.485007,0.429349,0.587454,0.487629,0.541708,0.530835,0.410902,0.514033,0.313515,0.684551,0.385728,0.552137,0.548323,0.525232,0.641205,0.49752,0.556193,0.433101,0.368924,0.410687,0.539956,0.357366,0.571029,0.48015,0.470914,0.3842,0.508354,0.726759,0.379508,0.461141,0.526063,0.577,0.515356,0.628269,0.334795,0.34608,0.509132,0.504335,0.391876,0.609314,0.594826,0.457686,0.49418,0.476085,0.538635,0.659073,0.480683,0.409355,0.611941,0.48406,0.553665,0.539703,0.385984,0.505062,0.429806,0.5694,0.458147,0.518862,0.517474,0.509106,0.552155,0.499106,0.52034,0.475748,0.451751,0.467488,0.514436,0.447291,0.525767,0.492838,0.4895,0.45757,0.503013,0.587293,0.455791,0.485961,0.509407,0.527962,0.505539,0.547174,0.438414,0.442882,0.503294,0.501563,0.460464,0.539983,0.534561,0.484708,0.497901,0.49137,0.513957,0.559151,0.49303,0.466993,0.540973,0.49425,0.519418,0.514344,0.458244,8.15709,9.00068,7.14722,8.43156,7.82155,7.84013,8.2309,7.37668,8.23689,7.80177,9.38147,8.87033,8.50947,8.03152,9.05778,8.71163,8.32085,8.21485,8.64197,8.31252,7.06076,8.81643,8.25123,8.1633,7.69977,8.26249,7.70562,9.82529,8.98853,9.01256,8.33194,9.31315,8.52158,7.60051,8.07633,8.0913,8.76143,7.87621,7.54602,8.15655,8.66679,7.51485,8.42992,8.0928,8.06773,8.78368,2,6,1,7,3,4,5,2,12,3,3,7,7,11,3,9,10,10,4,7,4,2,4,3,9,2,2,6,1,2,10,7,17,18,12,0,0,0,12,12,9,4,3,6,19,11,8,8,5,15,5,6,3,1,8,2,0,0,1,7,9,7,11,8,5,1,8,6,9,4,7,8,8,6,3,6,4,6,2,4,2,4,2,3,4,4,8,3,3,4,1,23,21,32,38,35,19,33,16,4,13,11,6,7,1,1,4,5,8,6,10,6,16,9,14,11,1,1,2,2,0,4,5,4,2,2,5,5,2,10,14,13,5,5,4,12,9,11,12,8,9,10,12,8,9,11,6,14,17,18,8,20,6,1,3,3,11,6,5,14,10,10,13,14,16,12,7,9,16,15,9,9,8,19,15,14,12,15,13,17,16,12,13,4,11,5,10,18,9,14
198.782,0.974221,0.0128217,8,255,0,-143.401,9.57907,0.429967,0.362649,-0.299068,0.83466,-0.722753,0.271193,0.454883,0.220455,-0.284358,0.439795,-0.138209,-0.0422222,0.433948,0.825467,0.0909875,0.108504,-0.783856,-0.1754,-0.481801,-0.195544,0.580743,-0.200643,-1.07561,0.126642,0.22448,-0.398774,-0.185259,-0.0473769,-0.40289,0.282812,0.66053,-0.00851381,-0.262152,-0.347968,-0.567766,-0.327236,-0.217248,0.632748,-0.124065,-0.237606,0.252482,0.337951,0.39302,-0.396503,-0.109865,0.336594,0.0160268,-0.416426,-0.251734,0.46027,-0.396386,0.0843747,-0.0693002,-0.167102,-0.388678,-0.28514,-0.33776,-0.665037,0.0832471,0.100199,-0.0886063,-0.419699,0.400202,0.871301,0.338813,-0.399382,-0.17717,0.34316,0.337379,0.639213,0.151492,-0.610006,0.132432,0.614068,0.41503,0.0570755,0.152753,-0.215564,-0.718947,0.740903,-1.01523,0.542035,-0.691704,0.631484,-0.198965,-0.483326,-0.247631,-1.01919,1.00103,-1.12452,0.56819,0.552603,0.163578,-1.08557,-0.479142,-0.562239,0.921073,0.990412,-0.0942243,-0.0186593,-0.891895,0.119731,1.25032,0.0659967,-0.334234,-0.612398,0.161769,-0.284719,1.11023,0.0386139,-0.0765993,0.0477544,1.08584,0.225738,0.256695,-0.723117,-0.272522,0.195204,-0.214504,-0.0572146,-0.00672542,-0.173083,0.152012,-0.0826523,-0.338407,-0.0504496,0.191135,0.0198525,-0.196426,-0.168987,0.247743,-0.0173876,0.0965196,-1.23502,-0.783653,0.253245,0.185999,21.3401,0.435222,0.674199,0.347571,0.558799,0.597808,0.547874,0.438375,0.594643,0.469931,0.490804,0.593415,0.672438,0.519809,0.523617,0.335598,0.461868,0.396566,0.457508,0.623869,0.456406,0.281471,0.527558,0.548742,0.414,0.459733,0.489682,0.413131,0.561294,0.640036,0.498145,0.443144,0.424779,0.378788,0.429199,0.452819,0.63444,0.473002,0.448427,0.554776,0.573087,0.584783,0.41448,0.476087,0.572798,0.503491,0.410274,0.47469,0.570231,0.439085,0.522955,0.538454,0.518665,0.475933,0.537183,0.488295,0.496424,0.536691,0.569467,0.507706,0.50919,0.433992,0.485147,0.45928,0.483443,0.549033,0.483011,0.409888,0.510725,0.519005,0.466274,0.484313,0.495987,0.465927,0.523937,0.555717,0.499279,0.477809,0.47056,0.452056,0.47231,0.481607,0.553391,0.489493,0.479885,0.521373,0.528594,0.533241,0.466465,0.490695,0.52848,0.501358,0.464786,0.591303,0.262926,0.709429,0.417042,0.363134,0.432351,0.586905,0.367454,0.542569,0.513033,0.369134,0.265132,0.471937,0.466549,0.724735,0.553945,0.644519,0.560083,0.328004,0.561634,0.790574,0.460978,0.431132,0.620693,0.556951,0.514624,0.621889,0.413558,0.306664,0.502629,0.580241,0.605813,0.668454,0.599682,0.566677,0.314007,0.538231,0.57284,0.422671,0.397145,0.380981,0.620033,0.533869,0.397547,0.495052,0.625812,0.558325,0.34207,0.637929,0.447069,0.411814,0.456917,0.55548,0.414681,0.527051,0.508271,0.415794,0.343693,0.482182,0.478755,0.648914,0.534309,0.593286,0.538235,0.388149,0.539228,0.699076,0.475209,0.456134,0.577495,0.536231,0.509281,0.578282,0.444819,0.373407,0.501668,0.551179,0.567752,0.609433,0.563761,0.542459,0.378515,0.524287,0.546416,0.450696,0.434175,0.423605,0.577061,0.521511,0.434437,0.49686,0.580867,7.83094,9.04705,7.00898,8.93947,8.43832,8.15368,8.24538,8.42004,8.02665,7.83374,9.54633,9.19427,7.99605,8.32722,7.64212,8.8049,7.6093,7.64701,8.59047,8.3472,6.89848,8.34931,8.31021,8.13436,7.65953,8.34951,7.91712,9.74291,8.99644,9.00818,8.27238,9.27085,8.32893,7.63851,8.34468,8.8048,8.68928,7.74746,8.71469,8.44814,8.67318,7.55444,8.45773,9.00126,8.0544,7.68849,3,4,2,1,6,7,11,16,5,4,5,9,10,20,6,14,17,11,6,4,5,5,6,7,9,5,3,4,7,3,16,10,11,11,11,2,3,0,11,16,15,3,5,2,7,5,5,7,6,10,2,2,4,6,1,1,0,0,0,5,10,7,14,2,1,3,21,7,15,10,12,1,8,9,4,8,13,8,1,3,0,7,4,1,7,10,8,4,2,2,3,20,22,18,26,36,13,18,11,6,1,16,7,14,2,4,3,6,9,4,6,8,3,4,8,7,2,2,6,2,1,1,1,3,0,5,1,1,11,10,14,17,14,7,20,12,12,15,14,15,13,10,9,16,9,8,12,9,5,9,7,6,5,6,5,7,14,11,3,11,7,4,7,11,13,20,11,9,11,13,12,8,4,13,12,19,13,12,5,1,4,3,3,6,19,21,4,4,2,2
182.756,0.947551,0.0128217,8,511,0,-128.078,9.57901,0.51627,0.566255,-0.396151,0.841454,-0.748068,0.619828,0.149209,-0.0792722,-0.344097,-0.617951,-0.0955389,-0.0699975,0.627693,0.361887,-0.0255437,-0.174712,0.187152,-0.575805,-0.296584,0.0642381,0.719851,-0.257182,-1.20715,0.35157,0.0124217,-0.661021,-0.145214,0.141169,-0.30186,0.766924,0.504479,0.242072,-0.284279,0.392668,-0.24023,-0.172522,-0.248963,-0.588467,0.123223,1.58584,-0.737009,0.238403,0.230183,-0.621706,-0.117635,-0.346446,0.422418,0.390466,0.0911107,0.236469,-0.143277,0.393651,-0.5224,-0.814486,-0.209749,-0.595144,-0.359341,-0.569942,0.0524684,0.540942,0.357263,-0.337606,0.28186,0.000741263,0.578817,-0.514495,-0.138375,0.371841,0.474286,0.50168,0.204648,-0.543256,0.23969,-0.121626,-0.121823,-0.0644043,0.0731049,-1.14652,-0.880921,0.647697,-0.554932,0.262337,-0.618692,0.669201,-0.120053,-0.67188,0.0310283,-0.665001,0.437167,-0.581095,-0.0789536,0.578639,-0.171344,-0.621429,-0.114399,-0.282327,0.552076,0.915957,-0.129511,-0.524042,-0.393027,-0.0449293,-0.457533,-0.176223,-0.812577,-0.759253,1.1454,-0.0876291,-0.0197774,-0.0808981,-0.0947198,0.134531,0.956817,0.637424,-0.274973,0.0389986,-0.225459,-0.250287,0.238845,0.00702913,0.118503,0.250582,-0.186388,0.441501,0.402996,-0.154575,0.0577617,-0.155674,0.186788,0.0873094,-0.451172,0.0333107,0.163785,-0.736816,-0.895805,0.196155,0.0373945,16.9058,0.499927,0.500156,0.499861,0.500115,0.500028,0.499985,0.499936,0.499885,0.499982,0.499987,0.500116,0.500067,0.499995,0.499968,0.500035,0.499893,0.499945,0.500012,0.500133,0.499952,0.499776,0.500065,0.500002,0.499878,0.499973,0.500026,0.499944,0.500142,0.500093,0.500045,0.499947,0.500073,0.499955,0.499968,0.499954,0.499891,0.500023,0.500294,0.499863,0.500044,0.500043,0.499885,0.499978,0.499936,0.500078,0.500072,0.442925,0.619411,0.393412,0.588742,0.521578,0.488531,0.450372,0.411521,0.486179,0.489872,0.589844,0.552176,0.496304,0.47474,0.527055,0.417441,0.457188,0.509294,0.602684,0.462853,0.332097,0.550699,0.501797,0.405498,0.478999,0.520416,0.45643,0.60919,0.572486,0.534972,0.458956,0.556577,0.465294,0.475056,0.464036,0.41566,0.517823,0.714616,0.39494,0.534443,0.533259,0.410995,0.482984,0.450035,0.560823,0.556263,0.572459,0.349782,0.634411,0.387769,0.472543,0.514598,0.563047,0.611902,0.517591,0.512891,0.386394,0.433731,0.504705,0.532138,0.46558,0.604503,0.554416,0.488169,0.370424,0.547233,0.708776,0.435599,0.497712,0.619411,0.526723,0.474019,0.555376,0.362372,0.408128,0.455527,0.552175,0.428169,0.544136,0.531737,0.545732,0.606731,0.477317,0.237131,0.632519,0.456198,0.457701,0.612559,0.521655,0.563472,0.422811,0.428567,0.587799,0.319999,0.661531,0.364648,0.466634,0.517746,0.576457,0.634962,0.521383,0.515671,0.363018,0.419657,0.50572,0.539047,0.458185,0.626167,0.566032,0.485618,0.344152,0.557343,0.746753,0.42191,0.497218,0.643857,0.532475,0.468427,0.567193,0.334698,0.388906,0.445999,0.563323,0.412957,0.553593,0.53856,0.555526,0.628819,0.472432,0.194567,0.659309,0.446811,0.448632,0.635741,0.52632,0.57697,0.406512,0.413435,7.96816,9.06441,7.07796,8.52862,8.04942,7.80181,8.19503,7.21856,8.29381,7.81187,9.38461,8.78944,7.86004,8.20802,8.77066,8.08132,8.07598,7.95734,8.66701,8.28917,7.09302,8.77826,8.1673,8.08672,7.73036,8.2796,7.79954,9.77911,8.94378,8.96723,8.25981,9.31476,8.4446,7.96687,7.58765,7.51655,8.71553,9.8639,7.32879,8.41217,8.64678,7.48061,8.44036,8.19248,8.05053,8.82038,6,2,3,6,3,14,11,16,13,4,2,1,4,4,6,7,8,7,2,3,7,3,10,3,1,1,3,4,2,0,7,23,9,16,19,1,5,3,8,13,20,5,4,3,8,24,8,5,9,9,2,3,2,3,5,1,2,8,0,3,8,8,5,6,5,1,6,15,5,3,5,7,13,13,6,8,8,6,3,8,5,3,3,3,2,4,2,2,2,2,10,15,14,11,11,9,14,4,17,8,4,5,4,8,4,3,2,3,10,9,4,9,9,5,1,4,7,8,6,2,3,1,1,3,4,2,1,2,10,8,17,17,14,17,3,14,9,20,20,11,14,13,12,17,11,9,14,3,9,10,12,6,16,3,8,1,9,5,11,7,12,9,13,12,20,8,24,14,13,10,15,8,11,21,10,7,10,7,10,18,23,8,12,3,1,0,9,9,2,9
180.707,0.874059,0.0128217,8,511,0,-119.677,9.89665,0.455924,0.605219,0.240624,0.472974,-1.00075,0.758846,-0.430333,0.480685,-0.33537,0.103032,0.0514591,-0.158858,0.625292,0.948377,0.864745,0.0971661,-0.469382,0.431116,-0.404948,-0.0109899,0.601868,-0.156437,-1.07517,0.300505,-0.349226,-0.581326,-0.42022,-0.0938263,-0.472007,0.324435,0.778722,0.117539,-0.271493,0.59751,-0.605534,-0.213796,-0.288668,0.40589,-0.272158,-0.489174,0.496437,-0.321865,0.407146,-0.911076,-0.0733685,0.0576092,-0.172285,-0.147898,0.0317694,-0.191986,-0.13968,0.313501,-1.0545,-0.884379,0.42906,-0.21666,-0.0187742,-0.623679,0.149764,0.806783,0.253258,0.159864,0.606577,0.498836,0.351722,-0.533409,-0.21612,0.354133,0.851433,0.717924,0.226914,-1.35077,0.178289,0.964343,0.592984,0.665468,-0.247073,-0.713564,-0.367164,0.408717,-0.805055,0.523554,-1.02544,0.733185,0.0225007,-0.280206,-0.400928,-1.18003,1.07066,-0.850245,0.802088,0.622459,-0.0543193,-1.02388,-0.679964,-0.294372,0.690669,0.842177,-0.430717,-0.255259,-0.797038,0.535205,0.911559,-0.0611985,-0.478977,-0.430462,-0.191136,-0.361365,1.20871,-0.0938293,0.527582,0.0186349,1.31399,0.403136,0.594039,-0.154785,-0.0296923,-0.0824391,0.183019,-0.0589944,-0.0691605,-0.213427,0.0402975,-0.149301,0.0900343,-0.0768951,0.590053,0.221223,0.0779724,-0.000562744,0.209512,-0.0634431,0.0588382,-0.817794,-1.27248,0.0236384,0.197959,22.3109,0.529972,0.558712,0.377726,0.593521,0.446539,0.55966,0.458274,0.512846,0.506417,0.480199,0.577353,0.616114,0.6062,0.512115,0.44173,0.553558,0.44967,0.498629,0.5745,0.480501,0.369041,0.537406,0.456558,0.428007,0.447786,0.488301,0.441407,0.540372,0.595911,0.514654,0.466194,0.573968,0.425053,0.473363,0.464063,0.550446,0.466112,0.439297,0.561596,0.459947,0.550601,0.388297,0.490851,0.507184,0.478528,0.481564,0.521146,0.541493,0.412901,0.566332,0.462233,0.542166,0.470545,0.509059,0.504525,0.486035,0.554762,0.582626,0.575457,0.508543,0.458821,0.537836,0.464453,0.499034,0.552726,0.486248,0.406571,0.526399,0.469331,0.449061,0.463117,0.491751,0.458591,0.528497,0.568048,0.510334,0.476146,0.552347,0.446956,0.48121,0.474639,0.53563,0.476087,0.457093,0.543541,0.471728,0.535739,0.420567,0.493549,0.505065,0.484856,0.486998,0.450963,0.404489,0.693899,0.34965,0.587084,0.402971,0.568139,0.478948,0.489481,0.532433,0.374875,0.315274,0.330222,0.480145,0.594803,0.412761,0.582042,0.502247,0.379375,0.53194,0.70667,0.438869,0.570917,0.616662,0.585078,0.519173,0.59532,0.434056,0.345963,0.475988,0.555279,0.380214,0.621331,0.543599,0.558745,0.41777,0.555414,0.598698,0.399876,0.565427,0.41752,0.678104,0.514996,0.488224,0.535165,0.530201,0.424045,0.353921,0.781331,0.275755,0.633576,0.35168,0.605098,0.46727,0.483636,0.550364,0.310952,0.230269,0.24967,0.469129,0.645034,0.366192,0.626045,0.503496,0.317374,0.549602,0.797078,0.405551,0.609303,0.676936,0.630584,0.529813,0.645798,0.398232,0.270733,0.462678,0.585518,0.318577,0.683636,0.567597,0.590812,0.373674,0.585724,0.650779,0.347124,0.600984,0.3733,0.76121,0.523323,0.481682,0.554589,0.546911,8.44131,9.09255,6.96183,8.326,7.58393,8.57949,8.13548,8.16684,8.23455,7.88057,9.6508,9.21366,8.99848,8.28451,7.9891,9.4388,7.73574,8.0422,8.71179,8.33103,7.00494,8.50675,8.19401,8.11958,7.59498,8.17007,7.75683,9.69947,9.0288,9.09615,8.20528,9.37796,8.30608,8.342,7.18166,9.01928,8.74624,8.04114,8.81511,8.2239,8.62325,7.58096,8.42183,8.565,8.04963,8.01663,2,3,1,1,2,6,3,7,7,12,8,7,12,18,18,34,20,13,10,6,7,4,7,4,6,0,2,1,4,7,6,6,13,7,9,2,1,4,20,9,13,6,4,4,16,20,12,5,7,7,1,1,6,8,6,1,3,1,1,13,16,16,8,2,1,4,1,5,3,10,7,3,7,6,6,7,6,9,0,1,0,1,2,1,2,0,2,4,6,4,5,26,11,12,22,15,13,16,13,6,8,6,9,5,1,5,3,5,5,3,4,7,6,4,6,14,1,2,6,0,3,2,1,2,2,4,3,3,5,4,2,9,11,13,10,3,5,3,8,8,10,5,5,8,11,6,9,8,7,5,5,4,3,3,8,7,4,4,5,3,6,1,6,3,7,3,11,9,8,4,11,4,3,11,6,8,9,9,6,2,4,6,7,17,18,12,2,4,5,1
166.969,0.987994,0.0128217,9,511,0,-102.481,9.12177,0.598425,0.660023,-0.561549,1.33905,-1.22272,-0.417915,1.07347,0.093773,-0.488022,-0.796484,0.323473,-0.636974,0.528522,0.33401,0.764894,-0.139762,0.0359845,-0.811663,-0.642709,-0.0664919,0.182884,-0.367718,-1.25992,-0.0920859,0.592076,0.502003,-0.633968,0.470998,0.334163,0.175546,0.347348,0.144236,-0.468794,-0.172122,-0.573952,0.411142,-0.826585,-0.93656,-0.616764,1.68739,-0.790681,0.746841,0.106655,-0.0741696,-0.307615,0.472382,-0.375547,0.136119,-0.621914,0.720762,-0.492614,0.213477,0.537609,-0.0215822,-0.382096,-0.00832,0.7845,-1.3049,0.797867,-0.00527118,0.261154,-0.3323,0.612236,0.252685,-0.556457,0.0953281,-0.124683,0.365688,1.62673,0.568949,0.244452,-0.670463,0.378621,0.00994333,0.173745,-0.586855,-0.237537,-0.472842,-1.13181,0.51973,-0.922289,0.811997,-0.243194,0.521139,0.02777,-0.737045,0.0141603,-0.358523,0.425193,-0.742344,0.202711,0.36869,-0.102085,-0.380029,-0.324773,-0.213786,0.225276,0.416364,-0.285161,-0.108795,0.0655921,0.117498,-0.39688,0.15122,-0.635261,-1.18587,0.812576,-0.780383,0.528745,0.17153,-0.138264,0.36025,1.09107,0.575757,0.317369,-0.643734,-0.05015,0.010157,-0.296471,-0.135093,-0.148099,0.394182,-0.31844,0.546494,-0.00372007,-0.253441,-0.0381268,-0.354257,-0.0520436,0.146076,-0.344414,-0.0791073,0.0854851,-0.486972,-1.11766,0.369232,-0.0881188,17.9491,0.464586,0.583792,0.423367,0.473624,0.5674,0.505923,0.46921,0.449854,0.520423,0.459848,0.533338,0.521087,0.54817,0.491172,0.502273,0.448905,0.459488,0.4958,0.511551,0.476787,0.421074,0.494183,0.537333,0.53167,0.460037,0.529718,0.521097,0.511088,0.521928,0.509111,0.47042,0.489129,0.463806,0.525949,0.447973,0.441111,0.461117,0.605009,0.450217,0.547039,0.506737,0.495315,0.480577,0.529806,0.476294,0.508598,0.57749,0.321884,0.663826,0.557877,0.354952,0.486958,0.567477,0.609023,0.455121,0.587696,0.427001,0.453668,0.39517,0.519433,0.494994,0.611033,0.588469,0.509249,0.47458,0.550977,0.66843,0.512808,0.418371,0.430615,0.58729,0.43485,0.453647,0.475598,0.451829,0.479946,0.564849,0.523926,0.579173,0.443052,0.613004,0.627418,0.584968,0.28111,0.608254,0.397574,0.485167,0.510317,0.542689,0.434661,0.552055,0.481073,0.567942,0.342521,0.644611,0.550703,0.372209,0.488586,0.559135,0.595769,0.460701,0.576931,0.436009,0.459426,0.407942,0.517008,0.495619,0.597548,0.577613,0.508094,0.47775,0.544648,0.648749,0.511209,0.428414,0.439187,0.576574,0.442909,0.459408,0.478642,0.457813,0.482448,0.556826,0.520942,0.569423,0.450113,0.599294,0.612083,0.574527,0.3054,0.595088,0.410067,0.487018,0.509029,0.53738,0.442743,0.545593,0.483435,0.65195,0.182932,0.796828,0.614694,0.231515,0.473822,0.633077,0.708931,0.410589,0.670825,0.356473,0.407742,0.298408,0.538972,0.489947,0.712419,0.672239,0.51857,0.449077,0.601324,0.803476,0.525707,0.340349,0.3633,0.670083,0.371354,0.4077,0.451107,0.404147,0.459786,0.628071,0.547945,0.655088,0.387101,0.715824,0.740151,0.665818,0.13171,0.707591,0.30265,0.470234,0.520712,0.585115,0.370992,0.603419,0.46204,7.91982,9.05415,7.14743,9.02492,9.6519,8.58321,8.18503,7.61086,8.88704,7.78476,9.47181,8.89856,9.31608,8.38063,8.75773,8.00789,7.83126,8.40798,8.68063,8.31643,7.15984,8.43275,8.24175,8.22349,7.78804,7.96187,7.8124,9.89403,8.91313,9.05194,8.20603,9.2624,8.26709,8.0442,8.57909,6.57247,8.63606,9.43054,6.58361,8.41054,8.65005,7.51372,8.38211,9.23465,8.10145,8.68226,1,8,3,3,7,31,24,21,36,3,4,2,1,2,1,0,1,6,1,5,2,1,4,1,3,6,5,5,1,0,30,17,19,28,25,0,3,4,5,8,16,10,15,11,10,6,16,10,7,13,9,8,6,5,5,5,6,7,1,3,3,2,1,3,0,3,13,17,16,9,11,5,4,7,5,10,11,9,9,8,8,12,5,4,6,6,10,2,3,1,2,25,17,13,8,12,13,18,9,2,6,11,9,20,9,13,14,22,8,7,5,9,9,15,2,6,4,9,3,1,1,1,0,7,3,1,0,3,3,3,7,44,44,52,25,40,18,32,37,43,29,36,24,32,26,24,31,3,4,2,4,4,7,8,19,8,11,6,8,7,14,21,13,24,24,13,30,20,19,9,19,39,29,33,20,36,27,12,31,9,12,13,17,11,4,5,1,2,3,6
162.616,0.969921,0.0128217,9,511,0,-107.44,8.63086,0.472849,0.622773,-0.149761,0.616229,-0.948945,0.922362,-0.807537,0.126312,-0.246855,-0.329592,0.218152,-0.240463,0.320598,0.791069,-0.0426966,0.139527,-0.601047,0.282793,0.12427,0.786993,0.493834,-0.149877,-0.849185,0.246624,-0.0495581,-1.55608,-0.254991,-0.0699449,-0.251014,1.1753,0.629769,0.079239,-0.130075,0.0545356,-0.519251,-0.613178,-0.401407,0.638011,-0.0614508,-1.01261,0.883083,-0.0228457,0.401344,-0.66299,-0.0275182,0.187147,-0.210283,-0.0750524,-0.754289,0.266714,1.32389,0.07149,0.153572,-0.120801,-0.0460882,0.442791,-0.0189384,-0.46835,-0.319511,0.157489,-0.102812,0.103413,0.699032,0.562718,0.661136,-0.250389,-0.0847013,0.348622,-0.482219,0.753286,0.210606,-0.805025,0.0153655,0.0553219,0.242977,0.541913,-0.0878099,-0.756335,-0.690151,0.188178,-0.172158,0.285609,-1.29365,0.622372,0.313247,-0.442188,-0.901692,-1.44745,0.17105,-1.0043,0.41692,0.634693,-0.555137,-0.938339,-0.383362,-0.428245,1.31113,1.50968,-0.0214611,-0.472648,-0.889362,-0.163199,1.4849,-0.297248,-0.278582,-0.78245,-0.458184,-0.401083,1.3446,-0.11012,-0.0758739,0.205472,0.88927,0.529886,0.255118,0.117166,-0.861911,-0.0274768,0.121614,0.444516,0.106115,0.317003,0.32058,-0.00148273,-0.111179,-0.0997177,0.0874275,0.364017,0.0835471,0.0462932,-0.22705,0.185967,0.133807,-1.3905,-0.413987,0.138634,0.26632,22.146,0.478944,0.585833,0.369587,0.626921,0.388311,0.517762,0.465328,0.453766,0.530651,0.466223,0.54498,0.609485,0.493994,0.519619,0.416242,0.5397,0.517475,0.608939,0.569029,0.478928,0.382759,0.534639,0.493029,0.294083,0.464189,0.490161,0.464746,0.659567,0.58768,0.511145,0.481709,0.507671,0.427467,0.414584,0.443769,0.588803,0.491356,0.36128,0.621737,0.496786,0.556222,0.407798,0.496129,0.526303,0.470452,0.489443,0.475267,0.600467,0.348105,0.647897,0.36961,0.520865,0.459289,0.445738,0.535995,0.460339,0.552792,0.62785,0.492943,0.523045,0.401943,0.546606,0.520528,0.62722,0.580905,0.475248,0.363217,0.540673,0.49181,0.263321,0.457954,0.488441,0.458606,0.68504,0.602613,0.513094,0.478514,0.509013,0.415009,0.400017,0.43404,0.603917,0.489845,0.338615,0.64195,0.496224,0.565949,0.39214,0.495452,0.530893,0.4653,0.487598,0.551873,0.297995,0.7891,0.217118,0.754522,0.456203,0.58498,0.61261,0.424741,0.582821,0.390362,0.249744,0.514838,0.451648,0.69757,0.402942,0.456908,0.250807,0.334773,0.551913,0.76509,0.415098,0.517221,0.896944,0.587724,0.524295,0.586383,0.163249,0.294071,0.472482,0.545094,0.481051,0.673051,0.701117,0.636026,0.291698,0.521349,0.803455,0.226545,0.507941,0.363995,0.715426,0.509565,0.435308,0.572583,0.526066,0.515495,0.436566,0.596969,0.405682,0.582808,0.48693,0.525527,0.534059,0.477437,0.524867,0.466868,0.418851,0.504419,0.485563,0.561888,0.470765,0.487141,0.419262,0.449067,0.515507,0.586994,0.474497,0.505129,0.655702,0.526366,0.507239,0.525956,0.380704,0.435188,0.4918,0.513459,0.494356,0.553535,0.563123,0.541449,0.434349,0.50636,0.603294,0.409608,0.502364,0.458557,0.56819,0.502848,0.480641,0.52175,0.507767,7.95236,9.04825,6.9403,9.4349,7.10646,8.21316,8.10634,7.67157,8.38952,7.77736,9.50868,9.06753,8.01231,8.29613,7.68662,9.46381,8.278,8.99546,8.64922,8.22153,7.12473,8.42333,8.2584,8.17662,7.76011,8.07059,7.85549,9.80915,8.87727,9.22203,8.24505,9.22239,8.51161,7.58995,7.86668,9.07398,8.62829,7.11993,9.19915,8.29015,8.6069,7.53111,8.36692,8.622,8.09707,8.04113,2,0,7,0,4,2,3,4,5,1,4,2,28,27,28,18,17,4,6,4,5,9,4,4,10,3,2,0,2,4,7,13,7,7,10,2,4,4,6,8,11,2,2,3,12,11,16,4,8,7,3,3,2,2,4,1,2,5,2,14,14,17,15,3,7,3,2,5,6,4,3,8,10,3,8,8,7,4,2,1,1,0,3,1,3,4,4,4,4,4,5,14,31,17,17,18,27,29,18,9,16,5,3,5,0,0,0,4,4,4,1,2,5,14,18,19,4,0,5,2,6,4,0,2,2,1,1,1,7,5,9,6,6,8,14,13,7,13,6,7,8,5,3,6,9,3,5,5,4,9,5,1,1,3,6,6,2,5,4,4,6,4,8,3,5,8,7,6,3,6,9,6,5,8,3,6,7,8,10,7,11,5,6,7,6,5,0,8,12,11
168.732,0.896268,0.0128217,9,511,0,-101.865,9.35172,0.46852,0.451799,-0.78423,1.23001,-0.760749,-0.916364,1.18359,0.74,-0.337546,0.404991,-0.0934956,-0.0952377,0.650318,0.64848,0.0598849,0.23011,0.325233,0.461735,-0.494612,-0.466548,0.670807,-0.139155,-0.955945,0.19532,0.547643,-0.0771233,-0.195867,0.0953945,-0.212615,0.500266,0.6827,0.264527,-0.324549,0.356224,-0.429664,0.505426,-0.135384,-1.13332,-0.452685,0.783498,-1.23826,0.592639,0.360408,-0.152293,-0.0179963,0.919622,0.273681,0.335591,0.450253,0.0856687,-0.166416,0.253018,-0.0619021,-0.47745,-0.292511,0.101787,0.678293,-0.581118,0.361706,-0.0221086,0.168769,-0.552829,0.681581,0.182158,-0.551453,-0.141933,-0.130083,0.373192,-0.725,0.690141,0.178993,-0.685596,0.138171,0.634735,1.26134,-0.242973,-0.0766397,-1.47347,-1.35879,0.435691,-1.81795,0.252334,-0.482398,0.567272,-0.51668,-1.07934,-0.270071,-0.880893,1.0322,-0.604702,0.346352,0.540249,0.293177,-1.03239,-0.190408,-0.352054,0.778614,0.920851,0.363887,-0.0388948,-0.890402,0.174108,0.419305,-0.686523,-1.06743,-0.88282,0.779383,-0.487997,0.675852,0.245275,-0.143296,0.240972,0.932803,0.270036,-0.178666,-0.75652,0.643037,0.148049,-0.268591,-0.292396,-0.0284566,-0.101267,-0.215419,-0.0558217,-0.00869187,-0.150956,0.0452238,-0.177372,0.0527697,-0.0482288,-0.111625,-0.161668,0.244425,0.236605,-0.854519,0.0373786,0.109032,18.215,0.464347,0.555781,0.465411,0.458366,0.553692,0.533648,0.484633,0.518435,0.495742,0.495663,0.529581,0.529497,0.502727,0.510478,0.514807,0.521015,0.477491,0.478766,0.53051,0.493663,0.456576,0.508894,0.524919,0.496488,0.491081,0.504344,0.490319,0.522766,0.53105,0.512044,0.485224,0.516217,0.480443,0.523001,0.493835,0.448572,0.479397,0.53562,0.443848,0.526962,0.516407,0.493065,0.49918,0.541782,0.512461,0.515278,0.606462,0.336643,0.603368,0.623712,0.342382,0.399374,0.546401,0.444398,0.512887,0.513127,0.411294,0.411539,0.491745,0.468319,0.455282,0.436685,0.567769,0.563967,0.408561,0.519175,0.62882,0.473099,0.425069,0.510631,0.526977,0.486852,0.529278,0.431466,0.406977,0.463596,0.544624,0.451047,0.558959,0.430768,0.518656,0.651348,0.562086,0.393634,0.664373,0.419016,0.450476,0.520983,0.502481,0.375867,0.462341,0.453866,0.453744,0.572247,0.455122,0.446007,0.569557,0.54366,0.480044,0.523937,0.49447,0.494367,0.538391,0.538283,0.503542,0.513608,0.519228,0.527285,0.470776,0.472431,0.539596,0.49177,0.443694,0.511551,0.532349,0.495438,0.488416,0.505642,0.487426,0.529557,0.540295,0.515642,0.480812,0.521059,0.474607,0.529861,0.491993,0.433362,0.473249,0.546213,0.427275,0.534998,0.521306,0.490993,0.498935,0.554183,0.516183,0.51984,0.661534,0.259021,0.657027,0.686337,0.266705,0.346979,0.571614,0.414335,0.519963,0.520334,0.364541,0.364905,0.48721,0.450999,0.430964,0.40262,0.604118,0.598369,0.360495,0.529693,0.693572,0.45837,0.385097,0.51647,0.541746,0.479632,0.545296,0.394727,0.358155,0.443728,0.568892,0.424482,0.590772,0.393674,0.52889,0.724809,0.595519,0.338606,0.74233,0.376033,0.423609,0.532488,0.503844,0.313064,0.441799,0.428795,7.34824,9.01194,7.04358,7.25807,9.14792,8.66925,8.11041,8.30664,8.09629,7.76437,9.57009,8.9003,7.93257,8.44716,8.82893,9.36594,7.66159,7.36194,8.59442,8.32546,7.16278,8.40944,8.27519,8.06722,7.65527,8.1,7.76604,9.65249,8.93732,9.15226,8.12449,9.27869,8.39972,8.22948,8.10345,6.45554,8.72202,8.53033,6.65744,8.32389,8.58838,7.51656,8.45683,9.47203,8.07986,8.56149,3,1,0,1,5,8,7,12,7,8,10,11,11,16,21,11,8,4,5,3,7,4,4,11,15,3,1,0,0,2,4,10,6,9,10,4,1,0,10,11,13,2,2,5,11,6,4,3,4,4,4,1,3,5,3,1,0,2,3,11,15,13,18,2,6,3,5,9,11,3,9,6,7,1,10,4,6,6,3,0,1,4,5,5,1,7,2,4,2,3,5,20,12,13,18,16,13,20,3,16,21,7,8,8,1,5,4,0,5,3,3,7,4,5,12,8,3,5,1,1,1,1,1,0,5,1,4,3,5,4,6,10,13,20,7,12,16,14,11,12,8,12,7,29,9,9,16,4,3,8,9,2,4,2,3,2,5,11,4,5,8,4,10,16,13,11,12,7,9,8,10,12,2,7,15,7,6,20,14,10,7,8,8,5,7,7,1,2,6,3
168.459,0.868385,0.0128217,8,511,0,-100.089,9.36276,0.626934,0.349661,-0.846857,0.918442,-0.689393,-0.720693,0.408865,0.863432,-0.155146,0.181627,0.120543,0.100546,0.579512,0.592902,0.491529,-0.0427626,0.233243,0.518201,-0.669516,-0.483403,0.777679,-0.129629,-0.960668,0.305996,0.403235,-0.0878109,-0.102315,-0.0945146,-0.310781,0.386401,0.533093,0.146403,-0.206258,0.291741,-0.263288,0.560344,0.153348,-0.424176,-0.363996,0.555882,-0.70704,0.364602,0.335442,-0.203769,-0.0390295,0.495322,0.266845,0.334545,0.112947,0.143175,-0.265632,0.224976,-0.135779,-0.0705526,-0.186352,0.171013,0.423234,-0.450569,0.399164,-0.0802411,0.161712,-0.546084,0.564528,0.651713,-0.604344,-0.224377,-0.14002,0.375147,0.574377,0.702892,0.125691,-0.81163,0.496251,0.393278,1.34962,-0.148859,-0.235749,-0.783623,-1.2973,0.456044,-1.71722,0.30671,-0.238202,0.827293,-0.673889,-1.62348,-0.589996,-1.14334,0.886911,-0.641699,0.539993,0.664655,0.174009,-0.940368,0.202388,-0.261892,0.491919,1.04649,0.0414699,-0.106495,-0.970401,-0.0354129,0.112014,-0.654312,-1.14591,-0.764986,0.884847,-0.840731,0.630549,0.658196,-0.290326,0.093188,0.927512,0.403878,-0.255857,-0.363345,-0.00428497,0.101513,-0.18678,-0.435261,0.101978,0.0719524,-0.0400076,0.131623,-0.249071,-0.0623403,-0.146008,-0.2656,0.0777724,0.0395235,0.00362321,-0.109371,0.0784358,-0.0266597,-1.10984,0.130689,0.118255,18.6691,0.365422,0.645327,0.38953,0.384691,0.566224,0.637079,0.474744,0.529558,0.51963,0.516376,0.593312,0.595416,0.579406,0.493033,0.537929,0.583636,0.392615,0.421885,0.624062,0.478892,0.3484,0.549691,0.565323,0.485697,0.483336,0.484606,0.449537,0.562625,0.585993,0.523835,0.466445,0.54739,0.457208,0.590295,0.524964,0.431326,0.440971,0.589591,0.386799,0.559126,0.554436,0.466849,0.493641,0.580008,0.543367,0.554292,0.625227,0.364692,0.602677,0.607197,0.438539,0.372429,0.523423,0.472586,0.481796,0.484814,0.413328,0.411367,0.426278,0.50646,0.464819,0.422341,0.599797,0.57252,0.38462,0.519575,0.641199,0.4539,0.439377,0.513264,0.515453,0.514276,0.546817,0.441884,0.420147,0.477895,0.531122,0.456036,0.539695,0.41614,0.476848,0.563738,0.554774,0.416795,0.605228,0.445136,0.449492,0.530748,0.505897,0.425718,0.459771,0.449626,0.505644,0.493879,0.504595,0.504803,0.497275,0.494246,0.501034,0.498789,0.499197,0.49933,0.496138,0.496048,0.496724,0.500285,0.498445,0.496546,0.504462,0.503222,0.494817,0.500864,0.506402,0.497961,0.497312,0.500585,0.500682,0.50063,0.502071,0.497425,0.496447,0.499024,0.501375,0.498056,0.501755,0.496265,0.498978,0.502827,0.502426,0.496295,0.504712,0.49757,0.497764,0.501358,0.50026,0.496699,0.498222,0.49777,0.719074,0.26516,0.682463,0.689943,0.388464,0.277225,0.542941,0.449776,0.466604,0.472132,0.344532,0.341184,0.366905,0.511863,0.435644,0.360057,0.677663,0.630997,0.296693,0.535905,0.74387,0.415905,0.389949,0.524345,0.528358,0.5262,0.585384,0.394403,0.356257,0.459468,0.556979,0.419754,0.572536,0.349352,0.457555,0.615565,0.599643,0.350478,0.686692,0.400196,0.407989,0.556298,0.510827,0.365928,0.426498,0.408229,7.19107,8.96448,6.87873,7.3572,8.19134,8.73203,8.27377,7.91963,8.34565,7.82256,9.50662,8.90997,8.29,8.15011,8.73875,9.43355,7.4015,7.12403,8.63043,8.30432,7.05651,8.56756,8.35199,8.09718,7.57965,8.08089,7.8221,9.69365,8.83871,8.98921,8.2126,9.32549,8.49875,8.53942,8.40144,7.3621,8.64299,8.5341,7.34965,8.30584,8.60276,7.62559,8.41279,9.05189,8.05755,8.60169,1,2,2,0,2,16,21,8,12,9,5,14,10,16,24,11,12,3,5,3,1,2,8,6,4,3,2,3,0,2,9,9,13,7,9,2,2,1,8,4,6,5,6,4,10,12,16,7,0,4,1,1,3,2,2,1,1,1,1,10,11,18,13,2,3,7,13,7,12,5,11,7,9,5,4,12,9,18,0,0,4,3,6,3,2,5,6,0,5,5,2,3,10,5,6,13,9,11,6,4,4,8,4,3,1,5,1,13,10,1,5,3,3,4,10,6,5,0,3,0,0,0,1,4,5,2,2,6,16,7,11,18,5,13,9,9,6,9,16,10,7,16,10,19,9,17,8,7,4,1,5,0,1,4,13,4,9,6,6,10,11,7,9,6,19,12,6,3,15,14,10,16,9,11,13,12,13,10,11,11,12,9,10,3,4,4,7,2,6,7
169.488,0.978225,0.0128217,8,511,0,-94.1036,9.29134,0.486507,0.453606,-0.747118,0.854251,-0.792149,-1.03846,0.339779,1.14097,-0.153466,-0.910038,0.113214,-0.0524204,0.455874,0.294108,-0.381813,-0.074151,0.159126,0.378742,-1.00131,0.218378,0.567921,-0.0161981,-0.916116,0.355275,0.362063,-0.129413,-0.234908,-0.0807612,-0.213054,0.565637,0.401176,0.164178,-0.038672,0.0758557,-0.347795,0.301495,-0.137207,-0.115785,-0.151681,0.474041,-1.04942,0.370308,0.227122,-0.176274,0.0614523,1.03885,-0.0535409,1.05565,0.204142,0.399633,0.0131919,-0.13211,0.230511,-0.0228181,-0.314295,0.382069,0.165175,-0.627667,0.152001,-0.311346,0.135904,-0.490061,0.487723,0.7706,-1.02034,-0.0491387,-0.123718,0.369682,0.846375,0.82392,0.137242,-0.855054,0.411864,0.390045,0.805115,0.0448038,0.0365628,-1.40593,-0.742386,0.517601,-1.50997,-0.185841,-0.903776,0.915973,-0.224011,-1.10272,-0.56837,-1.49163,0.874836,-1.42347,0.218082,0.711044,0.288138,-0.874584,-0.111364,-0.282295,0.799212,0.606799,-0.742208,-0.101603,-0.691215,-0.221453,0.332322,-0.864795,-1.26311,-0.607288,0.831824,-0.94984,0.728009,0.571853,0.205974,0.228855,1.03717,0.47578,-0.401508,-0.657394,0.674144,-0.2563,-0.215934,-0.191384,0.0122552,-0.125254,0.0321956,0.310451,-0.0240792,0.12036,0.228214,0.0624151,-0.144473,0.127873,-0.173609,0.294299,0.112959,-0.119497,-1.4158,0.22913,0.025657,17.6279,0.359916,0.658875,0.351961,0.309975,0.565087,0.706663,0.470469,0.331529,0.521797,0.489903,0.586932,0.556419,0.42697,0.485719,0.530617,0.572451,0.316132,0.541972,0.607697,0.496879,0.330492,0.568019,0.569303,0.475089,0.454868,0.484446,0.459047,0.607277,0.576677,0.531587,0.49255,0.514609,0.433395,0.557823,0.473592,0.477709,0.470812,0.590322,0.30817,0.57086,0.543644,0.466093,0.511837,0.69009,0.489687,0.692851,0.681856,0.294916,0.691738,0.74261,0.414186,0.23791,0.539067,0.71678,0.471153,0.513368,0.385766,0.425536,0.596181,0.518906,0.459498,0.404574,0.735298,0.444525,0.359054,0.504132,0.718037,0.410355,0.40868,0.532963,0.559636,0.520589,0.554134,0.359591,0.399072,0.458218,0.509863,0.48066,0.587798,0.423694,0.534942,0.529501,0.538614,0.381383,0.744743,0.406648,0.442323,0.544844,0.48433,0.257314,0.513654,0.254052,0.522305,0.474502,0.523647,0.530984,0.489851,0.465967,0.504585,0.52716,0.496618,0.501566,0.486384,0.491215,0.511404,0.502215,0.495246,0.488687,0.529878,0.493476,0.48304,0.500484,0.527341,0.489388,0.489185,0.503866,0.507017,0.502413,0.506365,0.483108,0.488017,0.495095,0.501155,0.497734,0.510389,0.490994,0.504099,0.503459,0.504531,0.485842,0.53131,0.488939,0.493215,0.505266,0.498164,0.469005,0.501599,0.468505,0.742264,0.229799,0.754271,0.813095,0.382002,0.165842,0.554107,0.783881,0.460013,0.518546,0.344021,0.397379,0.631945,0.526222,0.443914,0.369067,0.804969,0.423315,0.309158,0.505733,0.785335,0.376837,0.374582,0.545678,0.582387,0.528554,0.574844,0.309848,0.361702,0.44215,0.513685,0.473177,0.620673,0.394877,0.548412,0.540891,0.553482,0.33824,0.815443,0.371852,0.420296,0.56207,0.478263,0.186821,0.518942,0.183234,7.32521,8.9594,6.81314,7.45923,8.3925,9.48265,8.08381,6.65396,8.52528,7.84116,9.45296,8.7794,7.37878,8.26139,8.52394,9.34548,6.98276,8.22233,8.70973,8.27708,7.09662,8.86499,8.28211,8.19369,7.58447,7.99327,7.80718,9.8365,8.92908,9.04469,8.24542,9.35609,8.32484,8.19737,8.69845,7.6104,8.57645,8.43813,6.66006,8.29362,8.68544,7.5253,8.38646,9.73285,8.05952,9.82104,0,5,1,3,3,7,15,26,16,2,6,6,6,4,7,1,3,1,2,10,4,8,7,9,3,0,2,1,1,1,8,8,15,11,2,4,1,1,3,6,7,1,4,3,7,7,5,3,7,9,5,7,2,6,5,1,2,1,2,15,10,7,10,0,1,2,7,7,5,11,9,10,11,10,10,14,9,10,4,3,5,8,8,6,2,1,3,1,1,7,2,14,18,16,18,21,14,8,8,2,0,23,10,11,5,2,4,4,6,2,6,5,7,10,12,12,0,3,3,0,1,2,2,6,4,1,3,2,12,9,8,20,23,20,15,20,19,22,23,14,17,17,13,16,10,20,20,3,3,2,3,2,4,6,4,5,11,5,7,7,11,13,13,10,21,13,12,12,11,19,21,13,12,14,13,24,16,20,19,14,12,13,8,2,11,2,5,1,4,5
166.014,0.982807,0.0128217,8,255,0,-101.806,9.13771,0.687858,0.313127,-0.46337,1.08021,-1.02283,-1.25574,0.55961,0.364615,-0.328003,-0.472005,0.768232,-0.232092,0.719739,0.921602,-0.400562,-0.201599,-0.881447,-0.327757,-0.787457,0.532047,0.593024,-0.134372,-1.04271,-0.0382413,0.394615,-0.314266,-0.281092,0.169726,-0.177226,0.710636,0.572232,0.304274,-0.301236,0.119322,-0.302671,0.801388,-0.417574,0.215721,-0.13625,0.902623,0.308152,0.43643,0.284212,-0.353611,-0.0689202,0.948245,0.0635926,-0.738091,0.302155,0.511718,0.237767,0.09519,0.475548,-0.164987,-0.197718,0.446458,0.383915,-0.68448,0.139358,-0.324901,0.0381639,-0.615279,0.348055,-0.0119748,-0.568996,0.0280557,-0.0870083,0.359524,-0.980372,0.655259,0.225414,-0.578825,0.387642,0.0132479,0.412919,0.0715605,-0.462544,-1.392,-0.513279,0.182106,-0.876155,0.587769,-0.63535,1.14283,-0.0854,-0.960268,-0.550676,-1.31279,0.200941,-0.251796,-0.14666,0.0882962,-0.216732,-1.38659,-0.0972835,-0.120585,0.743713,1.66377,-0.163183,-0.378134,-0.971237,0.180607,0.557957,-0.753799,-1.04308,-1.36658,0.530983,-0.619506,0.813125,-0.249259,0.303327,-0.00636996,1.26733,0.0884865,-0.569331,-0.852665,0.096185,0.336284,0.00610487,-0.0541047,0.300895,0.0128241,-0.0873157,0.0596021,-0.168587,0.302863,-0.23129,0.131072,0.0166119,0.173917,0.248592,0.137,0.262944,-0.176106,-1.00742,0.229539,0.0857641,23.6566,0.501387,0.496766,0.503062,0.503759,0.498325,0.498908,0.500982,0.501413,0.4977,0.500695,0.497845,0.497241,0.501199,0.500604,0.502639,0.500981,0.502357,0.498407,0.498225,0.500402,0.503122,0.500114,0.498819,0.500941,0.500842,0.499492,0.500531,0.497873,0.498287,0.499089,0.500902,0.499643,0.500906,0.497601,0.50125,0.499354,0.500408,0.497298,0.499077,0.498693,0.499149,0.501059,0.500206,0.497161,0.49981,0.50221,0.565535,0.351002,0.641524,0.671397,0.421062,0.448319,0.546523,0.566742,0.392427,0.532967,0.399025,0.371827,0.556734,0.528646,0.622821,0.546489,0.610178,0.42489,0.416434,0.519105,0.644122,0.50544,0.444101,0.544585,0.5399,0.475875,0.525189,0.400268,0.419312,0.456825,0.542746,0.483033,0.542949,0.387938,0.559122,0.469352,0.519372,0.374352,0.456278,0.438235,0.459659,0.550132,0.509803,0.368293,0.490955,0.603476,0.520389,0.452585,0.54491,0.555061,0.475382,0.483953,0.514437,0.520769,0.466229,0.510217,0.468355,0.459514,0.517628,0.508875,0.538729,0.514426,0.534614,0.476593,0.473915,0.505916,0.545778,0.501684,0.482633,0.513833,0.512373,0.492528,0.507802,0.468754,0.474828,0.486607,0.513259,0.494747,0.513322,0.464776,0.518376,0.490504,0.505998,0.460344,0.486436,0.480795,0.48749,0.515563,0.503034,0.458349,0.4972,0.53245,0.614628,0.251951,0.736998,0.779896,0.362677,0.409188,0.581866,0.616687,0.315628,0.558189,0.326275,0.283241,0.599537,0.5506,0.708476,0.581806,0.68854,0.369119,0.354933,0.533791,0.740862,0.50963,0.401902,0.578495,0.570325,0.457357,0.544517,0.328294,0.359743,0.423961,0.575291,0.469984,0.575644,0.308458,0.603645,0.445882,0.534262,0.287138,0.423007,0.39182,0.428904,0.588129,0.517351,0.277823,0.483989,0.677776,7.83251,9.0966,6.95813,7.73481,8.66607,8.45556,8.19036,7.55152,9.16265,7.81066,9.45016,9.32775,7.62866,8.11528,7.59348,8.31872,7.48301,8.63633,8.70212,8.3996,7.20843,8.29184,8.35801,8.18339,7.75772,8.13646,7.76144,9.6524,8.95135,9.00179,8.21928,9.38761,8.34582,8.79675,8.63689,8.16474,8.74678,8.90572,8.28605,8.40316,8.64036,7.54942,8.47035,9.56807,8.10146,7.53619,4,6,2,4,1,15,4,9,10,2,2,1,4,9,3,5,4,12,9,4,10,5,2,1,7,2,0,1,3,3,12,8,15,12,17,2,4,1,11,9,8,2,14,11,7,12,10,7,5,3,2,1,5,0,3,1,2,2,0,4,8,4,15,6,5,4,5,3,3,8,8,3,9,4,3,2,6,6,1,1,4,6,1,3,6,3,9,5,5,5,2,9,4,11,11,5,17,15,36,12,6,8,9,9,1,0,6,8,5,7,5,7,6,10,13,20,1,3,2,1,1,2,1,0,1,4,1,1,12,16,8,14,10,11,18,12,17,11,12,23,19,18,17,27,19,13,13,5,7,2,1,6,1,6,4,5,9,9,10,7,9,2,11,12,26,12,27,18,17,22,24,24,17,23,24,19,15,17,20,8,11,10,5,5,9,5,7,5,6,4
161.354,0.998417,0.0128217,9,511,0,-87.2154,9.36428,0.533408,0.607471,-1.01926,0.811511,-0.7462,-0.335104,0.446994,0.683042,-0.406296,0.11081,-0.256284,0.0602669,0.882314,0.42751,-0.747406,-0.0799749,-0.993643,-0.326308,0.075628,0.132751,0.893966,-0.223616,-1.30607,0.234053,0.100249,-0.37757,0.0329576,0.0494173,-0.312366,1.4291,0.480205,0.592723,-0.296123,0.170425,-0.110891,0.571251,0.345576,1.39719,-0.263389,-0.252283,0.312614,0.329546,0.174982,-0.498541,-0.144492,1.07098,-0.0519517,0.840136,-0.00432599,0.583558,0.312046,0.218865,0.159693,-1.22399,0.244392,0.211259,0.465177,-0.662793,-0.669601,-0.481283,0.361679,-0.50476,0.378533,-0.131039,-0.295969,-0.00896527,-0.148118,0.354772,0.269244,0.725615,0.198194,-0.537242,0.335628,0.446188,0.53715,0.0540343,0.0468179,-1.61057,-1.34436,0.631174,-0.789373,0.3813,-0.548161,0.959339,-0.298667,-1.43605,0.489072,-0.978942,0.868522,-0.845624,0.493237,0.495927,-0.0299566,-1.03768,0.0278515,-0.396187,1.27201,1.07883,-0.396263,-0.152349,-1.09543,-9.80357e-05,0.431341,-0.19147,-0.743332,-0.675062,0.141823,-0.727723,0.978264,0.578841,-0.420625,0.217802,0.790948,0.602857,-0.5375,-0.4328,0.117619,0.384706,-0.0603054,-0.372859,0.108856,0.279466,0.120307,0.253015,0.134846,-0.0441627,0.0744661,0.19671,-0.128361,0.115538,0.358562,-0.0927543,0.0825647,-0.152895,-1.02846,0.241371,0.136719,16.8931,0.533341,0.47344,0.524426,0.510976,0.485361,0.477639,0.513307,0.49637,0.508395,0.498026,0.471128,0.485998,0.524465,0.50262,0.532506,0.510688,0.497522,0.495651,0.470747,0.507325,0.542682,0.492333,0.496716,0.512367,0.49892,0.498381,0.510232,0.453319,0.484274,0.480592,0.5097,0.494417,0.503633,0.481295,0.488681,0.454356,0.508628,0.508264,0.48976,0.489206,0.494268,0.516326,0.504733,0.464972,0.501702,0.472505,0.57485,0.440242,0.55499,0.524775,0.466974,0.449632,0.530027,0.491802,0.518954,0.495541,0.435084,0.46841,0.555078,0.505917,0.572996,0.524126,0.494404,0.490179,0.434237,0.51654,0.595453,0.482689,0.492583,0.527908,0.497561,0.496344,0.523096,0.395807,0.464528,0.456255,0.521897,0.487393,0.508204,0.457832,0.474452,0.398067,0.519479,0.518658,0.476886,0.475635,0.487056,0.536821,0.51069,0.421413,0.503844,0.438155,0.538881,0.469021,0.528492,0.512806,0.482921,0.473915,0.515525,0.495765,0.509795,0.497696,0.466326,0.483665,0.528538,0.503057,0.537908,0.51247,0.497109,0.494926,0.465882,0.508547,0.549758,0.491055,0.496168,0.514428,0.49874,0.498111,0.511938,0.445591,0.481653,0.477359,0.511317,0.493486,0.504239,0.478179,0.486794,0.446796,0.510066,0.509642,0.488053,0.487406,0.493312,0.519047,0.505523,0.459154,0.501986,0.467931,0.740441,0.302672,0.682966,0.585317,0.387054,0.331263,0.602971,0.47154,0.565515,0.484509,0.287528,0.391818,0.683234,0.520551,0.735346,0.58312,0.480565,0.465921,0.285079,0.557243,0.793021,0.44011,0.474247,0.595877,0.491527,0.487297,0.57963,0.186978,0.378982,0.352153,0.575554,0.456293,0.528481,0.357207,0.412071,0.192018,0.56731,0.564504,0.420308,0.416071,0.455131,0.625446,0.537083,0.249467,0.513354,0.296495,7.43019,8.96879,6.93785,8.74506,8.16221,8.4044,8.16813,7.81724,8.21298,7.76537,9.48302,8.91467,6.93661,8.3939,7.56555,8.24286,8.55358,7.83975,8.62079,8.35559,7.13606,8.71615,8.23899,8.11574,7.73734,8.09655,7.7253,9.69204,8.96873,9.18592,8.28119,9.34014,8.46391,8.7223,9.44355,9.56945,8.73213,7.87723,8.36664,8.47429,8.65554,7.62454,8.43679,9.68389,8.08904,9.33801,3,3,3,4,4,13,16,18,9,6,6,5,7,4,10,7,9,8,5,10,8,3,9,5,8,0,1,1,2,1,17,7,14,10,21,1,1,1,6,13,11,5,5,5,7,15,13,11,2,8,0,2,10,3,5,4,3,1,2,12,6,11,13,0,5,0,8,6,16,11,12,10,10,10,6,5,12,13,1,5,4,1,6,3,5,1,6,2,2,2,3,26,29,26,24,28,22,17,16,7,3,9,5,10,1,0,3,11,4,3,6,5,5,16,4,4,6,4,7,4,3,2,3,3,8,1,1,6,6,13,7,24,16,13,11,18,15,13,19,18,11,10,13,10,11,10,13,1,1,3,4,6,1,13,20,19,5,8,4,6,6,9,7,13,13,7,12,15,7,8,8,7,16,17,7,11,17,13,5,14,7,6,10,2,4,10,3,3,1,6
163.427,0.907293,0.0128217,9,1023,0,-63.0986,8.84678,0.503034,0.521576,-1.10315,0.746499,-0.567865,-0.118546,0.929906,0.0161901,-0.301129,0.636446,-0.834801,0.180046,0.871113,0.339429,0.0609844,-0.233001,0.108316,-0.466232,0.171122,0.287444,0.926107,-0.275144,-1.25547,0.17831,0.0928898,0.0651898,-0.0377036,-0.0689625,-0.101907,1.03363,0.397762,0.29804,-0.3981,0.700314,-0.305115,0.366258,0.489588,0.166216,-0.508798,-0.888931,0.111415,0.148214,0.145014,-0.651772,-0.1781,0.521715,-0.0423333,-0.694526,0.462775,0.596445,-0.0946211,0.22152,0.0914569,-0.896348,0.151341,0.0681635,0.915987,-0.47685,0.0282479,-0.776736,0.208123,-0.443894,0.458136,-0.364392,-0.373315,0.0912232,-0.050652,0.348104,-0.449625,0.628679,0.168417,-0.673517,0.272409,-0.238327,0.380311,0.259108,-0.0054315,-1.76448,-1.19692,0.625078,-0.674503,0.581672,0.0231448,1.34738,-0.301132,-0.858166,-0.400853,-1.42459,0.577491,-0.852045,0.201427,0.396226,-0.0704494,-0.63037,0.114961,-0.478748,0.970723,0.654147,0.071216,0.292884,-0.788916,-0.355065,0.236626,-0.149902,-1.23568,-0.893561,0.14796,-0.569111,1.03929,-0.703254,-0.464292,0.276248,1.01348,-0.269633,-0.367148,-0.769662,-0.15053,0.127354,-0.132035,-0.262479,0.352267,0.234941,0.214506,0.156779,0.239455,-0.0453894,-0.0224226,0.22723,0.07286,0.169361,-0.0829609,-0.0922241,0.164867,-0.268257,-0.554057,0.198909,0.132015,18.4844,0.599163,0.432412,0.551548,0.510798,0.416089,0.498525,0.527405,0.442279,0.575468,0.483604,0.421303,0.469118,0.494445,0.521213,0.490134,0.542371,0.484416,0.473838,0.416425,0.525044,0.612417,0.483762,0.491539,0.494062,0.503435,0.506282,0.509282,0.406936,0.463828,0.472876,0.536203,0.436547,0.527767,0.466684,0.455517,0.484863,0.546218,0.580279,0.489852,0.486501,0.486793,0.559098,0.516219,0.452615,0.503856,0.562934,0.601525,0.430778,0.552801,0.511062,0.414074,0.498489,0.528074,0.440879,0.577286,0.483203,0.419409,0.468364,0.494309,0.521732,0.489892,0.543403,0.484035,0.473199,0.414418,0.525656,0.615073,0.483365,0.491332,0.493916,0.503519,0.506436,0.50951,0.404712,0.462945,0.472213,0.537086,0.43501,0.528445,0.465871,0.454434,0.484492,0.547343,0.58221,0.489603,0.486171,0.486469,0.560531,0.516616,0.451462,0.503951,0.564459,0.573447,0.450103,0.53801,0.50795,0.437958,0.498914,0.520184,0.457421,0.555753,0.487928,0.441844,0.477252,0.49591,0.515621,0.492736,0.531227,0.488526,0.480732,0.438209,0.518444,0.583411,0.488044,0.493771,0.495628,0.502529,0.504625,0.506834,0.431121,0.47335,0.480023,0.526673,0.453172,0.520451,0.475457,0.467213,0.488855,0.534069,0.559335,0.492529,0.490061,0.490276,0.5436,0.511942,0.465068,0.502839,0.546444,0.648216,0.398049,0.578015,0.516414,0.373971,0.497757,0.541614,0.412746,0.613613,0.475082,0.381628,0.453122,0.491554,0.532229,0.485001,0.564223,0.476315,0.460269,0.374463,0.538038,0.667212,0.475322,0.487136,0.490971,0.505222,0.509551,0.514112,0.360616,0.445126,0.458811,0.55492,0.404196,0.542162,0.449441,0.432598,0.476993,0.570013,0.620699,0.484572,0.479482,0.479924,0.589311,0.524649,0.428234,0.505863,0.595032,7.31471,9.05696,7.06622,9.03349,8.66514,7.68987,8.28869,8.35213,7.60074,7.86487,9.64423,8.85438,7.73771,8.24305,8.72597,8.21648,8.67465,7.97956,8.66109,8.31644,7.1525,8.68233,8.3592,8.12971,7.63231,7.91765,7.88247,9.65874,8.91667,9.03265,8.18515,9.32729,8.3885,8.65113,9.68291,8.43752,8.70679,7.31112,8.1103,8.41829,8.64677,7.56409,8.42008,9.16739,8.09002,7.75037,2,0,2,1,5,7,9,8,9,8,7,5,6,4,8,11,4,7,9,8,7,6,4,5,4,1,0,4,8,3,15,11,19,10,13,2,1,2,2,11,13,7,11,6,34,23,14,2,8,9,1,4,0,2,7,1,2,2,6,7,12,11,16,1,6,4,15,5,11,7,12,7,10,13,12,8,5,9,1,5,3,11,5,7,11,6,2,7,8,2,1,17,7,14,19,20,7,15,19,8,6,14,16,13,3,1,1,3,7,4,4,6,2,6,5,7,4,5,7,1,1,2,4,2,3,3,1,2,8,7,6,11,11,13,14,7,13,11,12,18,16,8,9,9,10,3,19,3,3,9,6,3,5,4,2,4,4,2,8,11,15,5,7,24,14,20,30,33,21,14,26,24,26,17,32,21,22,16,16,7,9,4,2,3,7,6,3,2,6,2
160.952,0.967669,0.0128217,9,1023,0,-86.8452,7.55607,0.52595,0.434502,-0.0557214,0.919318,-0.578541,0.026948,-0.281307,0.283641,-0.181523,-0.80428,0.255418,0.210692,0.616564,0.777434,-0.699781,0.0421897,-0.671714,-0.200455,-0.987868,0.238111,0.886564,-0.147547,-1.06984,0.056666,0.166739,-0.016618,0.0129666,0.32465,0.33449,0.664106,0.458128,0.230912,-0.265163,0.573093,-0.193966,0.46388,-0.264916,-0.165758,0.557565,0.365026,-0.405749,0.180751,0.225198,-0.316545,-0.0282772,-0.332302,0.503057,-0.0252203,-0.237836,-0.15739,0.194032,0.347496,0.378316,0.689702,-0.0205803,0.179914,-0.16443,-0.676808,0.809088,-0.568117,0.290734,-0.745509,0.585559,0.929155,0.215734,0.0496898,-0.0178768,0.361703,1.70088,0.694107,0.257365,-0.449334,0.233522,0.395504,0.158105,0.369723,0.537564,-0.638245,-0.178959,1.08493,-0.776583,0.745324,-1.00423,0.49088,0.244087,-0.638718,0.0138369,-0.794062,0.905099,0.124482,-0.223341,0.144685,0.316061,-1.10761,-1.08463,-0.33356,0.38432,1.07005,-1.02509,-0.138957,-0.385014,0.017984,0.120008,-0.421738,-1.03347,-1.06869,0.198305,-0.544333,0.374873,0.434984,0.14592,0.395328,0.355124,0.64655,0.175973,-0.148368,1.41787,0.36233,0.111497,0.147467,0.190662,-0.0598366,0.657428,0.524275,-0.378341,0.225854,-0.186158,0.228662,-0.211648,-0.135034,-0.103661,-0.078969,-0.0635997,0.0676381,-0.461474,0.14849,0.0773997,17.2359,0.487059,0.701445,0.368757,0.506259,0.435025,0.565508,0.457934,0.32141,0.559054,0.548786,0.639428,0.673126,0.342943,0.509799,0.348844,0.453571,0.285389,0.555086,0.695033,0.46578,0.270113,0.51316,0.538654,0.49614,0.503012,0.574846,0.577079,0.649549,0.60484,0.553433,0.438715,0.630064,0.455065,0.606116,0.438772,0.461572,0.626695,0.583988,0.40685,0.541888,0.552121,0.426996,0.493432,0.423417,0.614772,0.494142,0.496995,0.54942,0.468838,0.501453,0.484833,0.515293,0.490211,0.456731,0.513772,0.511361,0.533204,0.541832,0.46233,0.502275,0.463835,0.48919,0.446922,0.512839,0.54767,0.492043,0.442555,0.503056,0.508992,0.499104,0.500699,0.517502,0.518032,0.535756,0.524688,0.512451,0.485703,0.53087,0.48954,0.524998,0.485716,0.491061,0.530035,0.519677,0.478131,0.509747,0.512143,0.482934,0.498475,0.482086,0.527105,0.49864,0.499058,0.51554,0.490218,0.500456,0.495243,0.504796,0.496931,0.486403,0.504319,0.503563,0.510424,0.513143,0.488169,0.500713,0.488644,0.49661,0.483302,0.504026,0.514987,0.497505,0.481917,0.500958,0.502819,0.499719,0.500219,0.505489,0.505656,0.511228,0.507746,0.503905,0.495516,0.50969,0.49672,0.507843,0.495521,0.497197,0.509427,0.506172,0.493139,0.503056,0.503808,0.494648,0.499522,0.494381,0.508506,0.499574,0.506428,0.395502,0.566352,0.496891,0.532408,0.467323,0.52093,0.591738,0.470567,0.475712,0.429344,0.411258,0.580038,0.495133,0.57688,0.52311,0.612035,0.472557,0.399122,0.517016,0.620979,0.493463,0.480773,0.501917,0.498504,0.462616,0.461487,0.423977,0.447342,0.473385,0.530553,0.434266,0.522363,0.446686,0.530525,0.519114,0.436027,0.457987,0.546674,0.479159,0.474043,0.536454,0.503262,0.538262,0.442222,0.50291,8.31207,9.10613,6.89907,8.09131,7.26133,7.95409,8.25506,6.62673,8.69372,7.86475,9.40835,9.32778,6.75244,8.43225,7.65782,8.40914,7.18174,7.89834,8.68434,8.29672,7.08462,8.45001,8.19357,8.18899,7.62219,7.87247,7.8845,9.79119,8.94133,8.93831,8.15259,9.22214,8.41709,8.55685,7.73335,7.78558,8.60734,8.43628,6.97748,8.21075,8.65671,7.60092,8.44307,8.07046,8.085,8.3495,2,3,3,2,3,11,7,8,10,5,8,8,6,7,9,7,15,2,5,12,6,6,8,3,5,5,3,1,0,5,14,19,27,15,19,3,2,4,12,5,5,2,1,2,12,13,16,3,4,8,2,1,2,5,5,4,2,4,1,13,16,17,8,6,10,5,8,4,7,7,11,5,4,6,9,4,5,13,2,5,2,1,2,2,4,2,1,2,3,1,3,8,6,12,5,4,14,21,20,2,2,3,5,8,0,4,4,6,5,6,3,11,3,4,9,8,5,3,3,1,3,2,3,4,4,2,6,0,3,13,12,13,12,19,13,11,16,11,12,20,10,8,14,7,12,11,9,4,5,3,2,5,5,31,14,15,10,2,6,13,12,18,7,11,6,5,16,7,9,8,6,16,7,11,7,11,10,17,8,11,14,8,7,5,6,8,5,7,6,7
161.916,0.985484,0.0128217,8,255,0,-92.3344,7.75186,0.460298,0.43,-0.643733,0.969909,-0.477689,-0.0464245,0.284984,0.365472,-0.242288,-0.627578,-0.137658,0.124289,0.858078,0.790785,-0.363948,-0.100402,-0.165931,-0.405012,-0.194642,0.178098,0.966908,-0.102468,-1.06887,0.0826117,0.416011,0.055507,0.0372451,0.482328,0.126298,0.6712,0.527635,0.529114,-0.254469,0.707879,-0.229148,0.410229,-0.82916,0.635343,0.507773,0.134847,-0.575255,0.280616,0.259832,-0.413253,-0.0530586,-0.0653541,0.364968,0.194072,-0.246973,-0.105562,0.208969,0.382822,0.388698,0.738004,0.0442177,0.0514408,-0.027254,-0.484542,0.902734,-0.493589,0.366248,-0.550843,0.523579,0.574989,0.156402,0.0644507,-0.0306692,0.354323,1.12035,0.655055,0.26902,-0.976312,0.0660897,0.0820343,-0.286555,0.602332,0.305877,-1.07486,-0.0708704,0.754744,-0.449587,0.493676,-0.81273,0.937569,0.566407,-0.471242,-0.225867,-0.567276,1.10443,-0.167979,-0.113329,0.347607,0.427315,-0.551807,-0.856219,-0.313013,0.58395,0.859592,-0.299006,0.258997,-0.318091,-0.000837666,0.293401,0.298074,-1.24057,-0.835307,0.0139576,-0.909998,0.763647,0.0614887,0.727199,0.658339,0.608131,0.44392,-0.213092,-0.333011,1.94922,0.453669,0.261148,0.499931,0.0120246,-0.154038,0.403428,0.4685,-0.560027,0.0920004,-0.0399959,0.289848,-0.302042,-0.246538,-0.0716155,-0.254871,0.00474874,0.377146,-0.394482,0.22148,0.00664128,16.7034,0.408507,0.635917,0.431762,0.493327,0.540874,0.552343,0.465228,0.410754,0.480222,0.517859,0.620904,0.611754,0.447874,0.485571,0.476166,0.442042,0.47205,0.525579,0.635518,0.485275,0.351013,0.511873,0.559517,0.507978,0.505354,0.568892,0.518147,0.595303,0.57527,0.575477,0.463486,0.600374,0.467108,0.558697,0.383018,0.590326,0.572477,0.519374,0.418054,0.54025,0.537281,0.440874,0.492374,0.490607,0.552271,0.527868,0.474851,0.537851,0.481331,0.498185,0.511141,0.514286,0.490528,0.475481,0.494618,0.50486,0.533501,0.530881,0.485773,0.496074,0.493512,0.484169,0.49239,0.506963,0.537735,0.495994,0.458304,0.50323,0.51626,0.50217,0.501456,0.51885,0.504938,0.52622,0.520619,0.520677,0.490051,0.52765,0.491041,0.516035,0.467625,0.524822,0.519844,0.505272,0.477522,0.51097,0.510158,0.483847,0.497925,0.497445,0.514267,0.507588,0.439601,0.590443,0.455082,0.495623,0.526844,0.534405,0.477171,0.441103,0.487024,0.511717,0.580206,0.574013,0.465738,0.490535,0.48436,0.461887,0.481656,0.516786,0.590169,0.49034,0.400563,0.507789,0.539144,0.505233,0.503512,0.545352,0.511906,0.562949,0.549585,0.549723,0.476025,0.56635,0.478408,0.538602,0.422452,0.559619,0.54773,0.512712,0.445973,0.526434,0.524479,0.461115,0.494997,0.493838,0.534357,0.51829,0.563146,0.405497,0.546971,0.504578,0.471924,0.464019,0.523876,0.561578,0.513573,0.487745,0.416175,0.422639,0.535831,0.5099,0.516358,0.539858,0.519186,0.482443,0.405783,0.510104,0.603878,0.491854,0.459065,0.494526,0.496327,0.452576,0.487547,0.43419,0.448151,0.448007,0.525075,0.430639,0.522583,0.459631,0.581051,0.437668,0.45009,0.486704,0.55649,0.472354,0.474398,0.540665,0.505232,0.506445,0.464069,0.48087,7.68164,8.99816,7.11629,8.04331,7.94637,8.03394,8.20014,6.95341,8.23204,7.77145,9.44987,9.24178,7.23999,8.2726,8.28326,8.07622,8.17001,7.83003,8.68687,8.35235,7.22085,8.47186,8.39695,8.19174,7.67669,8.16581,7.77843,9.79369,8.95605,9.09278,8.18689,9.28821,8.26757,8.39066,7.19237,8.63534,8.56223,8.09099,7.01504,8.24965,8.66477,7.4944,8.40614,8.39275,8.05197,8.5932,0,2,1,1,0,13,10,9,4,6,8,1,3,6,3,10,5,8,12,5,7,5,4,4,3,0,2,1,6,4,10,20,14,12,10,2,0,1,7,13,4,5,2,4,3,18,4,14,7,6,3,1,4,9,0,2,5,4,4,13,11,13,8,8,5,4,4,6,10,5,8,5,6,6,3,9,6,8,5,3,2,2,3,2,4,2,3,1,4,3,2,8,9,16,8,10,17,28,14,2,2,10,8,8,0,3,1,10,2,8,7,2,4,7,8,6,5,6,14,3,0,2,5,5,3,2,0,2,3,8,5,14,15,19,14,15,10,7,20,23,27,9,25,21,21,28,11,6,7,2,4,6,1,15,8,12,11,9,20,11,20,4,9,19,10,5,7,9,23,11,15,3,9,5,11,15,8,17,9,12,3,6,13,8,2,2,2,0,6,1
151.054,0.99544,0.0128217,9,511,0,-82.5526,9.22179,0.52561,0.525715,-0.611847,0.5884,-0.957034,0.550597,-0.017238,0.753861,-0.066222,-0.573263,0.5406,-0.282867,0.511899,0.524712,0.355405,-0.0973602,-0.543202,-0.258901,-0.214565,-0.193447,0.504821,0.0690597,-1.13929,0.340452,-0.0348768,-0.416083,-0.289232,-0.335412,-0.63598,0.326754,0.54415,0.0404395,-0.0232322,-0.338666,-0.646022,-0.252928,-0.823049,0.249826,-0.160598,0.628789,-0.277315,-0.415596,0.249853,-0.725411,0.202026,-0.168593,-0.0324,0.174372,1.13017,0.414268,0.284646,-0.216408,0.442991,0.690279,0.480253,0.91181,0.243569,-0.480932,0.274016,0.0558918,0.260546,-0.516585,0.800916,0.736666,0.0461983,-0.0968935,-0.199265,0.353245,-0.48802,0.893464,0.626383,-1.16779,0.403358,0.0953006,1.56897,0.361037,-0.00930032,-0.831639,-0.642019,0.606572,-1.0744,0.190393,-1.2356,0.695466,0.316218,0.418654,-0.759494,-1.63499,0.836662,-0.91366,0.716748,0.741835,-0.182318,-0.611407,-0.222045,-0.506169,0.765595,1.15575,0.335763,-0.204957,-0.757231,0.803747,0.311246,0.120451,-0.67965,1.03288,-0.286539,-0.0477166,0.429841,-0.139334,0.792498,0.201916,1.17146,1.19629,0.90919,0.486508,-2.00567,-0.235235,-0.382619,-1.13603,-0.290244,0.3683,-0.916195,-0.28107,0.103007,-0.56835,0.740821,-0.219507,0.636071,0.0727624,0.193287,0.154057,0.188909,-0.660318,-0.845291,-0.0985,0.219862,18.879,0.389188,0.606698,0.330702,0.600034,0.496825,0.635374,0.487807,0.395966,0.598265,0.448093,0.593173,0.595449,0.565082,0.482077,0.401274,0.452463,0.460566,0.464434,0.591914,0.512716,0.301688,0.562373,0.493577,0.423966,0.446934,0.438541,0.38497,0.559888,0.598894,0.507447,0.495722,0.437951,0.38322,0.453554,0.352901,0.54588,0.470458,0.613775,0.449105,0.424053,0.545885,0.369495,0.537138,0.468991,0.494033,0.532069,0.492934,0.506795,0.488948,0.506359,0.499801,0.508706,0.499235,0.493379,0.506243,0.496733,0.505912,0.50606,0.504105,0.498876,0.493727,0.49701,0.497522,0.497766,0.50583,0.500798,0.486845,0.503932,0.499597,0.495195,0.49666,0.496126,0.492655,0.503774,0.506284,0.500467,0.499732,0.496089,0.492539,0.497079,0.490495,0.502885,0.498145,0.507262,0.496797,0.4952,0.502886,0.491623,0.502333,0.498053,0.499626,0.502014,0.599652,0.404071,0.652931,0.410096,0.502846,0.378061,0.51093,0.59352,0.411694,0.54656,0.416292,0.414237,0.441598,0.516067,0.588722,0.542635,0.535361,0.531891,0.417428,0.488602,0.679678,0.444034,0.505757,0.568258,0.547602,0.555144,0.603471,0.446268,0.411126,0.493325,0.503835,0.555675,0.605057,0.541656,0.63262,0.458852,0.526487,0.397666,0.545651,0.568179,0.458848,0.617512,0.466699,0.527803,0.505348,0.471246,0.62649,0.378159,0.69189,0.385702,0.503643,0.345872,0.513991,0.618827,0.387706,0.559493,0.393481,0.390899,0.425455,0.520563,0.612816,0.554494,0.545219,0.540789,0.39491,0.48541,0.723728,0.428547,0.50737,0.587032,0.560819,0.570409,0.631251,0.431385,0.386994,0.491455,0.504909,0.571083,0.633225,0.553247,0.667237,0.447401,0.533886,0.370165,0.558336,0.586933,0.447396,0.648667,0.457411,0.535567,0.506846,0.463218,7.64136,9.01184,7.01587,9.50811,8.07854,8.95212,8.1049,7.44792,8.94845,7.77687,9.62144,8.93048,8.50167,8.22455,7.56392,8.74657,8.09144,7.87838,8.67093,8.2586,7.04919,8.72175,8.3049,8.13011,7.76965,8.02936,7.68917,9.79197,8.95246,9.08658,8.15374,9.42243,8.30823,8.05725,7.95168,8.62829,8.78957,9.05747,8.09527,7.87276,8.61896,7.52259,8.40963,7.98861,8.13624,8.53326,1,0,0,0,0,1,8,5,4,5,9,6,28,39,46,16,41,6,10,22,16,14,22,8,17,0,2,2,4,0,10,13,8,6,5,7,4,1,9,7,10,5,2,2,31,20,28,11,7,1,2,2,4,2,1,1,0,2,0,19,15,18,27,2,4,5,4,3,8,3,4,0,1,2,4,7,1,2,0,1,1,1,1,2,2,3,1,8,3,6,5,11,22,14,20,9,22,34,10,7,16,7,9,5,2,2,2,3,4,2,2,1,14,13,8,6,3,2,1,3,4,2,7,4,3,5,3,3,2,4,2,8,6,3,6,9,2,6,7,4,5,6,3,4,7,9,3,14,12,10,9,7,10,2,3,2,8,11,3,3,2,2,6,7,5,3,3,5,4,6,7,5,1,4,5,6,7,4,5,3,9,9,5,15,16,12,2,3,5,6
165.441,0.999982,0.0128217,9,511,0,-86.1424,8.96315,0.456462,0.570393,-0.173957,0.274627,-0.818119,0.114757,-0.834806,-0.484624,-0.26426,0.00312019,-0.0871059,-0.286316,0.375217,0.578719,-0.134756,-0.139183,0.226973,0.11739,-0.281769,0.331008,0.426116,-0.141106,-0.987292,-0.059644,-0.312641,-0.136832,-0.419659,-0.28451,-0.571752,0.139657,0.412947,0.174512,-0.205248,0.538974,-0.426504,0.0971007,0.533475,1.00545,-0.216161,0.148662,0.254503,-0.0725298,0.223847,-0.932309,-0.0713477,-0.0566246,0.0247868,-0.0368291,0.989111,-0.0275506,0.246804,0.307856,-0.42866,0.499682,0.968436,0.558761,0.291783,-0.169824,0.651509,0.15089,0.488908,-0.463361,0.808415,1.03957,-0.35508,-0.0526645,-0.186805,0.364348,0.271521,0.716666,0.397951,0.244286,0.0522585,0.155275,1.72929,0.808551,0.191154,-0.964525,-0.856975,1.01665,-0.78678,0.249259,-0.550409,0.436192,-0.113947,-0.765195,-0.358275,-0.623515,0.254418,-0.729597,0.967767,0.85563,0.153599,-1.0425,0.0403973,-0.176802,1.02021,1.28196,0.252694,0.0452621,-1.07437,0.600563,1.08072,-0.154969,-1.37368,-0.194424,-0.127669,0.289144,0.522645,-0.307683,-0.134313,0.840286,1.25474,0.900778,1.22873,0.693748,-0.487776,-0.411806,-0.313038,-0.279789,-0.211721,-0.116088,-0.148546,0.0607407,-0.122414,-0.473202,0.235186,-0.0231768,0.829069,-0.110189,-0.440823,-0.0253754,0.132493,-1.14938,-0.60267,-0.0682305,0.15788,19,0.454912,0.570893,0.299329,0.529789,0.295703,0.376648,0.431749,0.500811,0.477377,0.426133,0.596299,0.646027,0.465035,0.46389,0.558717,0.530471,0.427289,0.585188,0.608969,0.463393,0.26379,0.484504,0.419454,0.464498,0.392631,0.426592,0.355631,0.536232,0.605704,0.545231,0.446859,0.636523,0.390935,0.525214,0.635199,0.739859,0.444056,0.53856,0.56576,0.481159,0.557915,0.275039,0.481466,0.485288,0.506442,0.49043,0.515437,0.475641,0.572118,0.489814,0.573568,0.542914,0.523441,0.499723,0.507732,0.525394,0.466741,0.448807,0.51196,0.512353,0.479863,0.489581,0.524992,0.47065,0.462246,0.512523,0.586755,0.505294,0.527725,0.512144,0.537184,0.525235,0.550581,0.487605,0.463408,0.484513,0.518212,0.452301,0.537789,0.491381,0.452784,0.411683,0.519179,0.486806,0.477423,0.506438,0.48014,0.582014,0.506333,0.505026,0.4978,0.503269,0.54982,0.421736,0.719166,0.467073,0.723023,0.635762,0.575355,0.499103,0.525009,0.581537,0.393824,0.33958,0.538644,0.539908,0.435148,0.46632,0.580264,0.406018,0.379948,0.540457,0.756719,0.517132,0.588881,0.539237,0.618302,0.581032,0.658622,0.459956,0.38352,0.450022,0.558705,0.349899,0.620157,0.472128,0.351338,0.239461,0.561795,0.457386,0.427387,0.520829,0.436031,0.744897,0.52049,0.516265,0.492878,0.510581,0.526186,0.458717,0.620826,0.482717,0.62319,0.572502,0.539731,0.49953,0.513121,0.543032,0.443707,0.413679,0.520292,0.520958,0.465856,0.482321,0.542352,0.450293,0.436149,0.521247,0.644514,0.508985,0.546966,0.520604,0.562894,0.542762,0.585302,0.478971,0.438102,0.473731,0.530885,0.419501,0.563909,0.485374,0.420308,0.352983,0.532522,0.477616,0.46173,0.510926,0.466325,0.636886,0.510748,0.508531,0.496266,0.505549,8.19049,9.01602,7.05333,8.4788,7.03236,7.47758,8.20164,8.10974,8.30343,7.73355,9.3553,9.1655,7.93032,8.23569,8.84033,9.02093,8.05056,8.53566,8.65848,8.36156,7.15314,8.33916,8.25283,8.16171,7.56119,8.14613,7.77612,9.75682,8.95262,9.0952,8.27821,9.36516,8.31486,8.78542,9.02025,9.9452,8.51331,8.85248,8.84679,8.56465,8.7079,7.46375,8.45231,8.47147,8.11915,8.36886,2,2,3,5,4,5,4,2,3,3,7,6,24,27,15,19,22,9,10,11,20,4,12,17,9,0,1,0,5,6,11,5,10,12,8,1,3,2,4,5,5,0,4,3,20,14,8,3,3,2,1,0,7,4,0,1,2,0,0,13,9,16,22,1,7,8,4,3,7,4,5,5,3,2,5,2,11,3,1,2,5,3,1,1,1,4,1,4,6,9,4,17,9,10,7,10,13,17,9,7,7,3,3,0,1,2,0,1,1,8,3,7,5,8,15,13,0,1,2,2,5,0,6,3,2,1,4,5,3,8,4,6,6,10,5,2,8,4,6,6,14,5,7,5,13,4,4,4,6,6,11,3,4,3,5,1,1,3,2,10,3,5,9,2,4,5,5,3,4,4,3,7,6,5,4,5,3,6,6,5,4,2,6,12,6,18,15,17,7,4
180.056,0.945742,0.0128217,9,511,0,-103.401,10.0769,0.574534,0.465101,1.18369,0.799987,-0.809294,0.231802,0.982376,0.853175,-0.148456,0.787258,-0.0132772,0.0093173,0.619006,0.5657,0.397334,-0.39314,0.0270582,0.0984806,0.353031,-0.150263,0.774608,0.00227282,-1.33176,-0.238695,0.170542,0.0664999,-0.0825358,-0.657618,-1.01346,0.396585,0.411382,0.302514,-0.0496931,-0.384387,-0.42603,-0.794603,-0.8338,0.0783017,0.0383384,-0.026373,0.0141749,0.199935,0.167562,-0.531002,0.137013,0.700648,-0.695566,0.158223,0.305266,-0.0935928,-0.413776,-0.15929,-0.242255,0.263461,0.369529,0.823845,-0.42379,-0.329136,-0.245108,-0.0463302,0.476376,0.0217906,0.516674,0.70476,0.00217095,-0.229891,-0.296986,0.3563,0.574165,0.844435,0.18803,-1.09996,-0.40019,0.536869,0.0334985,-0.144417,-0.146561,-0.37386,-0.734317,0.567022,-1.04881,0.555906,-0.536906,0.917148,-0.146981,0.0747793,-0.299659,-1.62677,0.965346,-0.558228,0.53986,0.358947,0.0179444,-1.66394,-1.3774,-0.363324,0.90148,0.927257,0.126121,-0.125242,-0.557057,0.251736,0.592543,-0.434817,-1.17739,-0.312326,0.2533,-0.551084,0.64249,-0.0546064,-0.265516,0.304558,0.621105,0.739877,0.333529,-0.622592,0.43808,0.28762,0.0720383,0.381984,-0.418334,0.352731,0.102276,0.143639,0.0331461,0.169041,0.0101555,0.0397542,-0.0292897,-0.0356986,0.163142,-0.254556,0.0939819,-0.203356,-1.00877,0.0279542,0.153607,20.9646,0.697246,0.637331,0.361154,0.540751,0.666487,0.64595,0.473867,0.635255,0.497661,0.501642,0.607365,0.598371,0.569552,0.431172,0.504767,0.517344,0.561882,0.47355,0.633187,0.5004,0.28119,0.458043,0.530012,0.511714,0.485462,0.386165,0.328661,0.569423,0.571978,0.553099,0.491245,0.432686,0.425497,0.363546,0.357179,0.513792,0.506754,0.495353,0.502497,0.535168,0.529488,0.40752,0.524122,0.620998,0.379845,0.527849,0.500642,0.500434,0.499561,0.500126,0.500533,0.500463,0.499919,0.500427,0.499993,0.500005,0.500336,0.500307,0.500216,0.499787,0.500015,0.500053,0.500192,0.499918,0.50042,0.500001,0.499277,0.49987,0.500093,0.500036,0.499955,0.499643,0.49945,0.500215,0.500223,0.500164,0.499973,0.499791,0.499769,0.499569,0.499547,0.500042,0.500021,0.499986,0.500008,0.500109,0.500091,0.499712,0.500074,0.50038,0.499622,0.500086,0.440111,0.459419,0.541051,0.488218,0.450222,0.456734,0.507547,0.460062,0.500675,0.499526,0.468572,0.471272,0.479811,0.519976,0.498624,0.494994,0.48206,0.507639,0.460701,0.499884,0.567294,0.512133,0.491331,0.496619,0.504196,0.533383,0.551342,0.479849,0.479098,0.484625,0.502526,0.519532,0.521645,0.540309,0.542288,0.496019,0.498051,0.501341,0.499279,0.489837,0.491482,0.526969,0.493035,0.46444,0.535303,0.491957,0.232532,0.30853,0.693469,0.441806,0.270717,0.297203,0.53737,0.311276,0.503348,0.49765,0.348774,0.361085,0.401116,0.597867,0.493177,0.475184,0.411898,0.537823,0.314019,0.499427,0.793054,0.559908,0.457097,0.483236,0.520803,0.66002,0.73543,0.401298,0.397717,0.424295,0.51253,0.595742,0.605817,0.69031,0.698699,0.480263,0.490333,0.506651,0.496425,0.449748,0.457843,0.630802,0.465501,0.330309,0.668557,0.460182,9.79095,9.03442,6.86191,8.61448,8.86877,8.72509,8.12841,8.65164,8.45332,7.77953,9.50056,9.10328,8.21541,8.0266,8.3257,8.91659,8.86489,7.60015,8.63753,8.29784,6.98228,8.19998,8.32934,8.15608,7.67627,8.15897,7.76259,9.81179,8.93036,9.14582,8.23942,9.33052,8.32735,7.24688,7.4195,8.22567,8.67113,8.108,8.91275,8.36237,8.65659,7.54147,8.4493,9.08121,8.04746,8.6461,2,3,3,4,0,7,3,7,5,6,10,9,7,8,17,11,9,5,10,5,8,6,11,6,3,1,2,1,0,2,8,11,8,11,7,1,5,0,10,7,4,5,3,3,15,16,17,0,3,2,1,3,1,2,3,0,1,0,1,17,22,10,13,6,10,6,6,8,7,6,8,5,1,4,2,12,7,6,2,0,0,5,1,0,1,5,1,3,1,6,6,10,20,6,17,15,11,12,10,8,7,5,5,10,4,3,4,6,2,5,4,7,8,12,6,5,7,0,5,1,5,4,0,3,2,3,4,5,15,5,17,9,9,9,13,11,7,9,19,9,11,17,14,14,14,15,13,4,5,6,7,2,4,3,3,6,3,5,5,10,11,11,10,6,3,5,5,4,7,2,4,3,8,3,4,4,2,3,4,6,3,14,8,7,13,7,2,1,3,1
186.904,0.927378,0.0128217,9,511,0,-118.061,8.46639,0.534135,0.350397,-1.05521,0.4587,-0.934724,0.378287,-0.715118,-1.14887,-0.210783,-0.363194,0.368693,-0.332578,0.412268,0.476677,0.121714,0.203844,0.114873,-0.152448,-0.632155,0.427564,0.44353,-0.0700471,-0.928049,0.27654,-0.145803,-0.605503,-0.42944,-0.102215,-0.286654,0.516563,0.563917,0.165606,-0.252666,0.1969,-0.470019,0.491954,1.03751,0.511417,-0.0217296,0.673579,0.125704,-0.075013,0.362992,-0.814234,-0.0609625,-0.0516369,0.289243,-0.178036,-0.334845,0.309072,0.372986,0.20375,0.315866,-0.0142696,0.146434,-0.329257,0.118143,-0.386195,0.484313,0.359361,0.00223121,-0.364829,0.600575,0.904293,0.256621,-0.248778,-0.0664318,0.371845,0.146365,0.615253,0.14523,0.190742,0.382653,0.517441,0.467611,0.449092,0.457621,-0.617469,-0.270862,0.609749,-0.813166,0.652742,-0.385513,0.980525,-0.314692,-0.968305,0.167579,-0.57661,0.654844,-0.352781,-0.0678085,0.358716,-0.302501,-0.43307,-0.215258,-0.295045,0.635018,0.599734,0.219093,-0.0528703,-0.851475,-0.303361,0.381964,-0.574072,-0.332238,-0.323258,0.979768,-0.63592,1.04437,-0.224733,0.443116,0.587745,1.41301,0.181251,0.259057,-0.639104,1.04583,0.230642,-0.0402932,-0.0218305,0.314867,0.067436,0.00648976,0.103206,0.0246806,0.00684068,0.13498,-0.15172,0.0979348,0.0613783,0.0481051,0.0682018,0.117567,-0.318355,-0.0293945,0.123067,0.0432507,18.6885,0.278037,0.602238,0.300427,0.584696,0.343739,0.261359,0.452491,0.418622,0.582588,0.425375,0.592138,0.606126,0.527489,0.545954,0.525946,0.46559,0.360855,0.595474,0.598947,0.48417,0.301697,0.562194,0.467085,0.366432,0.404117,0.476908,0.435556,0.614703,0.624794,0.537369,0.443126,0.544396,0.395313,0.609419,0.718738,0.6136,0.495088,0.647738,0.528388,0.483048,0.581334,0.323812,0.486221,0.488328,0.56502,0.459837,0.432713,0.529394,0.440318,0.52425,0.45425,0.426823,0.48648,0.476716,0.523636,0.478676,0.526425,0.530543,0.507808,0.513075,0.507369,0.490221,0.459533,0.527403,0.528424,0.495506,0.440741,0.517734,0.490647,0.461232,0.472477,0.493443,0.481618,0.533092,0.536115,0.510623,0.483796,0.512629,0.469882,0.53152,0.566171,0.532763,0.498606,0.543106,0.508064,0.495188,0.523271,0.447952,0.496089,0.496687,0.518548,0.48858,0.583202,0.463557,0.573849,0.469929,0.556671,0.590431,0.51677,0.528874,0.47069,0.526445,0.467235,0.462135,0.490314,0.483782,0.490858,0.512131,0.550143,0.466023,0.464759,0.505575,0.57333,0.478005,0.511602,0.548043,0.534125,0.508134,0.522799,0.45898,0.455239,0.486823,0.520099,0.484334,0.537339,0.460926,0.418169,0.459387,0.501729,0.446595,0.489997,0.50597,0.471142,0.564443,0.504852,0.50411,0.476996,0.514166,0.507754,0.496629,0.506868,0.49722,0.505255,0.508442,0.501549,0.502669,0.497291,0.502444,0.49697,0.496497,0.499106,0.498502,0.499156,0.50112,0.504645,0.496858,0.496741,0.500515,0.506819,0.497968,0.501071,0.504449,0.503156,0.500751,0.502107,0.496204,0.495856,0.498783,0.501857,0.498553,0.503454,0.496385,0.492376,0.496242,0.50016,0.49505,0.499076,0.500551,0.497333,0.505983,0.500448,0.500379,0.497874,0.501308,6.89493,9.0282,7.05924,8.7321,7.32159,6.8063,8.17646,7.74699,8.61757,7.78422,9.45376,8.74861,8.33833,8.41688,8.5739,8.76532,7.39976,8.71068,8.73005,8.34816,7.04555,8.50546,8.29154,8.24035,7.66654,7.97044,7.74557,9.69059,8.85416,9.15352,8.12542,9.38246,8.37898,9.06849,9.52329,9.09206,8.69196,9.28774,8.24866,8.37793,8.61064,7.48259,8.35925,8.37064,8.09913,7.95084,5,0,2,8,3,7,13,6,6,6,10,9,6,4,5,7,8,9,4,3,13,1,4,8,4,2,3,3,1,2,14,10,18,6,13,5,2,1,5,8,5,5,7,2,11,17,12,1,5,7,5,3,6,7,4,2,4,2,2,9,9,10,6,0,6,6,7,6,3,7,2,2,8,11,8,6,7,5,0,5,2,3,3,3,2,5,2,1,3,4,2,14,15,6,21,9,12,6,7,3,6,3,5,4,2,3,1,4,11,3,4,4,8,4,5,5,4,2,4,5,0,4,6,1,4,2,5,8,14,15,14,19,11,14,17,24,18,11,3,13,13,11,16,18,13,22,17,3,4,2,1,1,3,6,5,2,9,11,9,6,7,5,7,22,21,13,21,27,27,17,31,16,24,21,20,34,36,33,11,4,5,3,3,5,3,5,2,0,4,2
187.143,0.999241,0.0128217,8,255,0,-121.707,8.52464,0.535772,0.391679,0.629665,0.481581,-0.89095,-0.435693,0.541295,1.23967,0.0371456,0.0474916,-0.798677,-0.240306,0.435448,0.857943,0.367699,0.110953,-0.242679,0.0205122,0.378948,-0.450817,0.347877,0.13562,-0.828676,0.339329,-0.103674,-0.193317,-0.428553,-0.268887,-0.647307,0.648605,0.564668,0.0282609,0.131659,0.346201,-0.345928,-0.73732,-1.04754,-0.277381,-0.240353,-0.469938,-0.138875,-0.151328,0.315605,-0.633931,0.170855,-0.0256007,-0.154146,0.246741,0.0760485,-0.579772,-0.135564,-0.267746,-0.263495,-0.049899,0.13284,0.92576,0.241986,-0.307978,-0.138942,0.112991,-0.0191149,-0.238096,0.487277,1.01063,0.668402,-0.154159,-0.124,0.345931,2.30345,0.624754,0.123144,-1.71582,0.358193,-0.309584,-0.00903043,-0.0413625,0.122886,-1.3786,-1.17416,0.593148,-0.887178,0.383975,-0.502599,0.822396,0.364919,-0.170858,-0.989927,-1.41777,0.690828,-0.567054,0.131125,0.283008,0.42155,-0.87053,-1.14351,-0.338714,0.519853,0.512789,-1.32924,0.208822,-0.618152,0.0938083,-0.308253,-0.215995,-0.941794,-1.33707,0.128475,-0.700195,1.07622,-0.671262,-0.0463133,0.191505,0.808159,0.413916,-0.157535,-0.50578,-1.1603,-0.0173208,0.13226,-0.00613184,-0.14968,-0.074973,-0.178737,0.0698704,0.187552,-0.0362429,-0.102122,-0.000556615,-0.0207682,-0.0888254,-0.0612271,0.0517345,-0.0126543,-0.45125,-0.662352,0.104358,0.00138194,19.667,0.65393,0.619329,0.288964,0.391663,0.633451,0.777792,0.509384,0.511997,0.308494,0.439582,0.608278,0.704135,0.591848,0.528004,0.438991,0.505182,0.594591,0.388028,0.587,0.534212,0.302064,0.584904,0.47383,0.451312,0.393384,0.432479,0.342046,0.658249,0.638918,0.50714,0.533216,0.586589,0.413478,0.321877,0.257563,0.430373,0.43957,0.383449,0.46497,0.46184,0.579071,0.345095,0.543061,0.493532,0.461132,0.56202,0.603691,0.579785,0.355371,0.427706,0.589477,0.696058,0.506207,0.507935,0.369622,0.459931,0.572254,0.639559,0.561135,0.518532,0.459537,0.503428,0.562986,0.425233,0.55787,0.522647,0.364963,0.55646,0.482683,0.467741,0.428874,0.455189,0.393491,0.606716,0.593252,0.504722,0.521986,0.557594,0.442451,0.379228,0.331773,0.453782,0.459923,0.422112,0.476811,0.474735,0.552543,0.395627,0.528519,0.495722,0.474265,0.541137,0.42944,0.445884,0.599178,0.548994,0.439237,0.363686,0.49581,0.494643,0.589138,0.527083,0.451033,0.404404,0.458614,0.487486,0.52735,0.497686,0.457354,0.550683,0.460836,0.484705,0.592411,0.461794,0.511694,0.521795,0.548196,0.530297,0.57251,0.427347,0.436641,0.496812,0.485152,0.461023,0.538946,0.58242,0.616023,0.531251,0.527088,0.552817,0.515662,0.517065,0.464456,0.571032,0.480735,0.502888,0.517383,0.472193,0.39722,0.420925,0.643393,0.571649,0.411316,0.305531,0.493849,0.492137,0.629251,0.539708,0.428391,0.361638,0.439413,0.481636,0.540098,0.496603,0.437578,0.5741,0.442649,0.477558,0.633875,0.444047,0.51716,0.531967,0.57049,0.544407,0.605574,0.394221,0.407573,0.49532,0.478213,0.442923,0.557032,0.619721,0.66682,0.545802,0.539716,0.577194,0.52298,0.525037,0.447929,0.603456,0.471739,0.504239,0.525503,0.459233,9.08256,9.00314,6.99828,7.17395,8.93515,9.85064,8.21173,8.2641,7.14866,7.87103,9.48664,9.38555,8.70057,8.37966,7.82957,8.92151,8.74467,7.58523,8.67366,8.34628,7.10905,8.6909,8.20594,8.15344,7.61534,8.09898,7.58792,9.6788,8.99542,8.9321,8.34087,9.35818,8.42163,7.34958,6.36246,7.969,8.66164,7.70785,8.27628,8.14086,8.65866,7.48739,8.39438,8.12595,8.06849,8.56494,1,2,1,0,1,4,10,6,14,4,6,0,2,4,7,3,5,4,8,14,6,4,6,6,8,2,0,2,0,2,12,15,14,10,11,0,5,3,15,15,8,4,4,6,15,14,12,2,9,9,4,7,3,1,2,5,1,1,2,5,16,8,21,3,6,5,6,8,4,5,9,8,5,9,7,10,9,24,5,5,7,3,1,4,4,4,2,4,5,5,5,12,7,14,8,17,5,16,7,2,2,7,13,10,5,3,4,6,4,7,3,10,6,6,6,12,5,9,9,1,2,3,2,2,0,1,1,0,15,5,6,22,25,14,27,17,22,23,6,16,8,18,18,11,18,19,21,1,2,7,2,1,1,3,3,1,3,9,6,5,7,10,6,12,20,18,14,11,15,17,13,9,18,9,8,13,8,8,17,6,16,4,13,7,5,4,5,9,0,2
185.004,0.96288,0.0128217,9,767,0,-119.19,8.94777,0.539162,0.252648,0.358537,0.542782,-0.778069,-0.28971,0.597312,1.2986,0.189594,-0.0822046,-0.194183,-0.114925,0.462137,0.697012,-0.153996,-0.190586,-0.357067,0.384267,0.192586,-0.0691139,0.513187,0.281954,-0.864117,0.0227077,-0.0339031,0.0995447,-0.318555,-0.396173,-0.562348,0.686261,0.558012,0.0652982,0.113721,0.0773872,-0.425288,-1.18906,-0.971815,-0.0206877,-0.346467,-1.23627,0.182057,0.225715,0.278873,-0.654217,0.313222,-0.235484,-0.342605,0.0735018,-0.0209233,-0.285585,-0.435803,-0.269634,-0.0919497,0.155618,0.250892,0.247973,0.329057,-0.309922,0.0482485,0.143525,0.227326,0.107314,0.607705,0.571959,0.777227,-0.241236,-0.165545,0.365409,1.07584,0.883448,0.139546,-1.1561,0.443804,-0.488308,-0.119121,-0.0705616,-0.241758,-0.971212,-1.76791,0.300776,-0.754976,0.135382,-1.27137,0.688739,0.209761,-0.583614,-0.441674,-1.02864,0.741315,-0.485074,0.292616,-0.0785548,0.120513,-1.50071,-1.12892,-0.623868,0.442495,0.372964,-0.887767,0.0375261,-0.758579,-0.12849,0.428271,-0.762486,-0.701977,-1.12395,0.658334,-1.0535,0.81828,-0.937138,-0.011224,0.0624653,0.911331,0.430476,0.435312,-0.785628,-0.0631939,0.0284107,0.00224678,-0.000983486,-0.180485,0.139662,0.199291,-0.0958374,-0.165727,-0.01277,0.158219,-0.0866917,-0.0845075,-0.0982187,0.0229381,-0.0399022,0.0519765,-0.600338,-0.064267,0.150709,0.0810367,20.4077,0.551088,0.576995,0.390545,0.458669,0.584588,0.677597,0.527083,0.488248,0.472262,0.483573,0.565699,0.598366,0.477994,0.472775,0.44912,0.554726,0.52751,0.490119,0.572858,0.540229,0.378895,0.503247,0.495152,0.51423,0.454576,0.443592,0.420276,0.596888,0.579119,0.509336,0.516255,0.511064,0.439486,0.33624,0.364511,0.497042,0.45062,0.33024,0.526009,0.53223,0.539792,0.40753,0.544668,0.466379,0.451167,0.510508,0.569219,0.603929,0.353261,0.443944,0.614021,0.732885,0.536773,0.484033,0.46234,0.477684,0.588843,0.632216,0.470113,0.463035,0.431061,0.574116,0.537351,0.486574,0.598414,0.554567,0.338135,0.504412,0.493413,0.519333,0.438417,0.423623,0.392439,0.630271,0.606757,0.512685,0.522082,0.515032,0.418108,0.284108,0.319663,0.49598,0.433083,0.276705,0.535316,0.543746,0.553976,0.375551,0.560562,0.454371,0.43382,0.514278,0.446396,0.41925,0.614698,0.543372,0.411301,0.314406,0.471576,0.512335,0.529111,0.517242,0.431082,0.396889,0.523096,0.528573,0.553386,0.442582,0.471128,0.510371,0.423582,0.457784,0.626858,0.496592,0.505088,0.485064,0.547665,0.559181,0.583607,0.398435,0.417026,0.490201,0.482939,0.488387,0.563485,0.671249,0.641854,0.503105,0.551813,0.677473,0.472703,0.466175,0.458243,0.596945,0.453128,0.535284,0.551239,0.48897,0.49424,0.49128,0.512498,0.504655,0.490404,0.479148,0.496954,0.501321,0.50312,0.501846,0.492576,0.488803,0.502474,0.503062,0.505737,0.493826,0.496906,0.50111,0.491755,0.49547,0.51388,0.499635,0.500545,0.498401,0.505118,0.506365,0.509034,0.488976,0.491036,0.498951,0.498173,0.498757,0.506833,0.519095,0.515609,0.500332,0.505566,0.519852,0.497075,0.496374,0.49552,0.51051,0.494968,0.503783,0.505504,0.498819,8.73975,8.98338,6.99166,7.50707,8.68069,9.52756,8.2702,7.84504,8.05887,7.80471,9.48093,9.15423,7.75657,8.06331,7.59678,9.38534,8.53554,7.86118,8.57773,8.38391,7.239,8.32619,8.27399,8.2246,7.55398,7.98366,7.77991,9.89306,8.98443,8.99267,8.17671,9.31669,8.38862,6.86526,6.67452,8.29028,8.67713,6.80886,8.69584,8.59393,8.64178,7.51195,8.42237,7.74635,8.07426,8.3888,3,3,5,4,0,7,10,9,2,2,5,2,5,3,6,13,1,7,5,10,12,9,14,5,7,3,3,5,2,2,19,8,4,11,16,2,5,4,9,8,14,2,2,1,6,17,13,14,13,8,3,1,2,7,5,4,4,1,0,10,17,9,15,0,6,8,9,10,8,8,8,11,7,8,6,2,6,6,1,2,1,2,1,6,8,2,1,6,1,7,7,18,15,6,6,21,15,11,11,2,3,11,12,13,3,4,4,5,3,4,6,5,8,7,9,10,2,0,3,2,3,6,0,0,3,1,2,1,3,15,11,14,12,2,9,7,9,20,6,11,14,17,8,10,8,18,17,3,5,4,3,4,4,4,2,2,9,7,7,9,3,12,9,5,9,17,18,8,6,11,13,20,17,11,14,12,13,8,11,13,4,14,8,5,11,10,3,0,1,2
181.629,0.828587,0.0128217,8,255,0,-122.201,9.06531,0.663323,0.242457,0.439704,0.868075,-1.0296,-0.951814,0.432972,0.639869,0.170094,-1.27708,-0.177854,-0.213417,0.327821,0.74713,-0.0599018,-0.0916107,-0.160247,-0.224751,0.674573,-0.536703,0.495649,0.391852,-1.20366,0.260223,0.0705964,-0.185877,-0.435778,-0.607458,-0.81332,0.574348,0.51317,0.0429841,0.320775,-0.0278925,-0.573214,-1.37955,-0.742,0.625863,-0.508834,-1.25783,0.355266,0.102296,0.20214,-0.497077,0.392594,-0.58355,-0.408975,0.584334,0.284968,-0.108199,-0.275396,-0.51262,0.0739323,0.019835,-0.198666,0.242793,0.34895,-0.187067,-0.0589632,0.0870696,0.157243,-0.0697106,0.603625,0.510836,0.429313,-0.191748,-0.137966,0.373154,1.36788,0.767599,0.102711,-0.71114,0.462551,-0.190694,0.23821,-0.0926572,-0.000886617,-0.946977,-1.10062,0.632301,-1.75177,0.647575,-0.698556,0.478993,-0.22494,-1.15889,-0.640358,-1.10965,0.598806,-0.874242,0.364075,0.309011,-0.371033,-0.950795,-0.521169,-1.03577,-0.0397186,0.338586,-0.702833,-0.0314499,-1.26608,0.124298,0.0249614,-0.832864,-0.679687,-1.13055,0.284491,-0.970171,1.01714,-0.372536,0.0746928,0.41373,0.724527,0.412832,0.563111,-0.525736,0.475967,-0.0225132,-0.0605469,-0.0118924,-0.304227,-0.0369406,-0.214194,0.150253,0.150897,-0.00659676,0.115505,0.0816251,0.01549,-0.0801011,-0.168603,0.0842267,0.0347649,0.0714101,-0.300486,0.135103,0.0132143,27.6672,0.555919,0.609079,0.371461,0.380784,0.55507,0.580997,0.521709,0.342453,0.477302,0.472772,0.541768,0.594274,0.492351,0.488303,0.479546,0.471329,0.585307,0.431884,0.562963,0.549877,0.350948,0.533184,0.509015,0.47628,0.444576,0.423039,0.3976,0.572828,0.565164,0.505489,0.540874,0.496438,0.427314,0.330766,0.406358,0.579254,0.435381,0.344671,0.545247,0.513061,0.525792,0.436858,0.54997,0.426022,0.447959,0.574076,0.547053,0.592105,0.39126,0.399242,0.546337,0.568247,0.518248,0.366266,0.48092,0.47711,0.535126,0.579508,0.493571,0.490169,0.482808,0.475897,0.571899,0.44265,0.552997,0.541958,0.373613,0.5279,0.507576,0.480061,0.453365,0.43517,0.413584,0.561333,0.554856,0.504613,0.534374,0.497006,0.438787,0.356117,0.421029,0.566772,0.445604,0.368187,0.538056,0.510978,0.521682,0.446851,0.542037,0.437694,0.456218,0.562389,0.507849,0.515492,0.481627,0.483014,0.507729,0.511421,0.503037,0.477217,0.496825,0.49619,0.505852,0.513335,0.498931,0.498365,0.497139,0.495988,0.512041,0.49042,0.508848,0.506995,0.478525,0.504646,0.50126,0.496682,0.492221,0.489157,0.485484,0.510252,0.50916,0.500767,0.505726,0.499502,0.489768,0.475392,0.486757,0.511171,0.490917,0.47756,0.506342,0.501826,0.503609,0.491127,0.507008,0.489584,0.492699,0.51043,0.467017,0.435156,0.576734,0.571018,0.46752,0.45208,0.487225,0.594776,0.513358,0.516027,0.475393,0.444109,0.5045,0.506882,0.512036,0.516877,0.449498,0.540231,0.462835,0.470597,0.589448,0.480462,0.494697,0.51396,0.53269,0.545507,0.560796,0.456961,0.461526,0.496771,0.475922,0.502095,0.542955,0.602175,0.55551,0.453122,0.53815,0.593381,0.473337,0.492316,0.48482,0.537272,0.470542,0.543725,0.530684,0.456216,8.90388,9.00809,6.99388,7.17401,8.61682,8.84636,8.13252,6.72084,8.21777,7.89867,9.41513,9.24483,8.06925,8.3136,7.76543,8.80115,9.16443,7.5397,8.68638,8.37885,7.08135,8.70456,8.12321,8.14995,7.65171,7.98678,7.75865,9.61068,8.98542,9.09866,8.29992,9.3266,8.41427,6.51698,7.40624,8.73977,8.61927,6.65098,9.0561,8.15843,8.64003,7.4926,8.37967,7.29542,8.01032,9.06437,5,3,4,2,5,12,13,8,17,5,5,2,6,4,6,4,6,9,8,9,6,11,2,9,6,0,2,4,1,2,21,14,13,10,17,2,0,1,13,7,13,2,7,6,6,9,21,6,6,7,2,5,3,4,5,2,3,1,1,6,7,10,13,4,2,2,12,6,12,8,4,16,15,13,5,9,5,6,0,6,4,3,4,1,6,7,5,3,1,3,2,7,10,7,10,6,14,16,12,4,4,11,5,7,1,1,4,9,5,3,5,8,8,4,4,8,4,3,4,4,3,2,1,1,5,2,0,2,8,3,14,19,15,24,11,24,19,17,22,25,18,23,27,30,21,14,17,3,7,5,3,2,3,5,5,3,10,8,12,12,3,21,11,19,18,11,12,13,19,16,9,11,16,6,10,9,15,15,16,7,6,10,18,22,6,8,4,5,6,4
181.146,0.897269,0.0128217,9,511,0,-108.598,8.94904,0.67644,0.315588,0.610744,0.752401,-1.13785,0.136164,-0.469348,-1.10911,0.176972,-0.129795,0.0101495,-0.252399,0.868707,0.623053,0.0181512,0.0475578,0.191384,0.723264,-0.206502,1.4911,0.490526,0.283055,-1.15278,0.342648,0.126421,-0.161342,-0.466147,-0.254581,-0.596927,0.487625,0.566931,0.380026,0.31434,0.585677,-0.364991,1.56962,0.0424492,-1.09655,-0.0993881,1.4129,-0.906859,0.192084,0.306078,-0.672226,0.479815,0.568852,-0.38138,-0.673913,-0.817501,0.0658199,-0.0968253,-0.557271,-0.234241,0.496447,-0.0396106,-0.151647,0.16542,-0.397189,0.403109,-0.367691,-0.0975739,-0.318818,0.283421,0.16481,-0.227156,0.0281982,-0.0796237,0.349241,0.278119,0.635555,0.0728371,-1.38427,0.439073,-0.071956,0.543174,0.426693,0.161988,-0.951311,-0.66432,0.539995,-0.679112,0.434445,-0.736663,1.13093,-0.260753,-0.365854,-0.621633,-1.37858,0.425751,-0.314917,0.0183976,-0.0845705,0.340252,-1.06702,-0.825313,0.0165349,1.09577,1.14307,0.238958,-0.180653,-0.0524795,-0.183384,0.47831,-0.247952,-0.926504,-0.76705,0.682882,-0.308337,0.917402,-0.403595,0.239491,-0.0334053,1.15494,0.482006,-0.2073,-0.539165,-0.870177,-0.0509457,0.0440841,0.0532963,0.108453,-0.00606897,-0.258791,-0.0863234,0.12203,-0.0297406,-0.0953997,-0.0277396,0.02226,0.0900114,-0.0486871,0.0549635,0.0434538,-0.465614,0.00207927,0.195472,0.135405,14.8725,0.525143,0.530961,0.453254,0.50561,0.480671,0.454429,0.507291,0.494652,0.500418,0.489602,0.535732,0.525649,0.500748,0.501959,0.507885,0.529765,0.491492,0.56113,0.5202,0.51166,0.452645,0.514114,0.505209,0.493353,0.480803,0.489512,0.475425,0.520081,0.523342,0.515653,0.512949,0.524113,0.484966,0.564314,0.501749,0.454942,0.495905,0.557954,0.462704,0.507914,0.512609,0.472331,0.519759,0.523421,0.484291,0.472262,0.465372,0.457376,0.56426,0.492268,0.526629,0.562654,0.489951,0.50737,0.499424,0.51433,0.450826,0.464676,0.498969,0.497299,0.489133,0.459019,0.511725,0.416122,0.472172,0.483931,0.565094,0.480551,0.492821,0.509161,0.526447,0.514453,0.533847,0.472336,0.467849,0.478432,0.482157,0.466789,0.520716,0.411795,0.497589,0.561952,0.505644,0.420444,0.551318,0.489093,0.482625,0.538101,0.472779,0.46774,0.521645,0.538196,0.429383,0.413303,0.629436,0.484155,0.554417,0.626309,0.479411,0.515104,0.498819,0.529346,0.400236,0.427979,0.497887,0.494464,0.477737,0.416596,0.524019,0.333083,0.443148,0.467099,0.631056,0.460199,0.485288,0.518772,0.554049,0.529599,0.56904,0.443481,0.434388,0.455879,0.463475,0.432245,0.542384,0.325011,0.495059,0.624939,0.511567,0.341219,0.60402,0.477656,0.464432,0.577617,0.444379,0.434168,0.544278,0.577808,0.500317,0.500391,0.499409,0.500071,0.499756,0.499423,0.500092,0.499933,0.500005,0.499869,0.500452,0.500324,0.500009,0.500025,0.500099,0.500376,0.499893,0.500775,0.500255,0.500147,0.499401,0.500178,0.500066,0.499916,0.499758,0.499868,0.49969,0.500253,0.500295,0.500198,0.500163,0.500304,0.49981,0.500816,0.500022,0.49943,0.499948,0.500734,0.499529,0.5001,0.500159,0.499651,0.500249,0.500296,0.499802,0.49965,8.942,8.99008,6.97641,8.88289,7.65798,7.00571,8.18202,8.00421,8.32959,7.87919,9.61182,8.95455,8.15507,8.36774,8.19672,9.46354,8.10868,9.65679,8.63674,8.29019,7.14387,8.66864,8.3518,8.14239,7.66124,8.07293,7.72386,9.72889,8.89733,9.11356,8.32209,9.22373,8.35388,9.82315,8.78733,7.10485,8.67524,9.66342,7.40786,8.41876,8.63135,7.53745,8.49082,8.58161,8.03516,7.63208,4,5,1,3,4,9,1,2,9,5,8,2,9,13,14,5,2,13,10,14,13,5,5,0,6,0,5,3,1,1,8,3,12,10,11,5,1,1,10,6,12,6,3,4,14,10,21,4,5,3,2,3,1,0,2,0,0,1,0,9,11,16,9,2,5,4,5,9,4,3,2,6,3,10,3,6,2,3,0,4,2,1,2,2,2,3,4,5,7,7,0,33,14,22,12,17,16,15,25,7,7,7,6,3,5,6,4,6,11,6,3,7,5,5,14,5,2,3,3,1,1,1,4,1,0,2,0,1,12,5,4,9,4,4,11,10,7,19,19,4,8,11,7,10,7,14,7,4,2,2,2,4,3,1,2,2,12,13,6,6,2,6,4,31,15,18,18,21,9,17,23,28,23,16,16,21,16,30,10,7,9,10,6,4,7,7,4,2,2,1
187.225,0.935642,0.0128217,8,511,0,-111.43,9.04405,0.72207,0.31091,0.953102,0.742118,-0.900015,-0.143374,-0.956359,-1.5565,0.189775,-0.296717,0.0317163,-0.0940625,0.866672,0.906357,0.438021,0.0586334,0.582096,1.03969,0.177964,1.22057,0.744487,0.304876,-1.22945,0.326793,-0.03495,-0.0539361,-0.264386,-0.348832,-0.576539,0.385454,0.643643,0.413994,0.0426721,0.495158,-0.213066,1.68387,0.173586,-0.614316,0.0844969,0.644427,-0.0985811,-0.137575,0.361106,-0.691692,0.332947,0.271434,0.000117015,-0.938476,-0.435061,0.881858,-0.37711,-0.259738,-0.113272,0.0630817,-0.0531288,0.16666,0.0195674,-0.0780612,0.703949,-0.00516153,0.0801677,-0.0692565,0.238154,-0.248881,0.00260049,-0.21796,-0.0483004,0.363478,0.732512,0.665866,0.089886,-0.801003,0.655327,-0.0389798,0.411804,0.209454,0.143451,-1.44628,-0.834295,0.780709,-0.576041,0.921844,-0.398854,0.721455,-0.422933,-0.52389,-0.366491,-1.1924,0.411597,-0.569286,-0.129662,0.33437,0.0972446,-0.942729,-0.729212,-0.47018,0.901713,1.13381,-0.41573,-0.0405743,-0.434568,0.377019,0.722714,-0.26903,-0.854804,-0.686966,0.743422,-0.334584,0.609036,-0.428406,0.350349,0.23218,0.728096,0.258943,0.245826,-0.154109,-0.556622,0.0632009,-0.0421721,0.0373807,0.0171524,0.163035,0.145229,0.05454,0.0488398,0.0358269,0.0722728,-0.0311411,0.0553471,-0.0507714,0.0639919,-0.227202,0.0174592,-0.309968,-0.333766,0.132952,0.137643,21.4784,0.440974,0.453956,0.555766,0.50892,0.559225,0.595653,0.488194,0.518453,0.498027,0.505852,0.446284,0.443844,0.472773,0.496352,0.463845,0.435669,0.488929,0.424634,0.45381,0.48104,0.575905,0.479678,0.502175,0.503356,0.516444,0.521691,0.535811,0.476035,0.460038,0.474264,0.497345,0.46923,0.513254,0.396736,0.489201,0.538149,0.494743,0.459989,0.506133,0.508559,0.477547,0.542931,0.479296,0.483118,0.499993,0.558128,0.50062,0.500482,0.499415,0.499907,0.499378,0.498988,0.500123,0.499807,0.500021,0.499939,0.500563,0.500589,0.500285,0.500038,0.500378,0.500676,0.500116,0.500794,0.500484,0.500198,0.499201,0.500212,0.499977,0.499965,0.499828,0.499773,0.499625,0.500251,0.500418,0.500269,0.500028,0.500322,0.499861,0.501095,0.500113,0.499601,0.500055,0.500419,0.499936,0.499911,0.500235,0.49955,0.500216,0.500176,0.5,0.49939,0.426675,0.442744,0.569295,0.511109,0.573572,0.61833,0.485298,0.522977,0.497542,0.507289,0.433241,0.430223,0.466109,0.495456,0.455014,0.420122,0.486213,0.406528,0.442563,0.476392,0.594136,0.474698,0.502708,0.50418,0.520476,0.527005,0.544559,0.470166,0.450288,0.467963,0.496693,0.461704,0.516505,0.372397,0.486552,0.547461,0.493453,0.450227,0.507639,0.510659,0.472046,0.553396,0.474222,0.478978,0.499991,0.572216,0.421136,0.438391,0.574539,0.511961,0.579129,0.627033,0.48417,0.524738,0.497354,0.507848,0.428184,0.424944,0.463516,0.495108,0.451581,0.414107,0.485155,0.399539,0.438197,0.474583,0.601171,0.472759,0.502916,0.5045,0.522046,0.529074,0.547959,0.467881,0.446499,0.465511,0.496439,0.458777,0.517771,0.36308,0.48552,0.551081,0.49295,0.446434,0.508225,0.511477,0.469905,0.557461,0.472247,0.477367,0.49999,0.577674,9.26532,9.07102,6.99874,8.74785,6.94154,6.33233,8.18947,7.61133,8.32973,7.81712,9.49226,9.21786,8.35744,8.35707,8.58785,9.66792,8.47825,9.15197,8.66862,8.30635,7.04918,8.62938,8.28195,8.16481,7.64416,8.02188,7.79066,9.62126,8.95112,9.03261,8.04009,9.12655,8.39585,10.027,9.06971,7.69363,8.67569,8.97183,8.27601,8.17773,8.66422,7.61506,8.33486,8.27239,8.06393,7.34458,6,5,0,0,5,16,15,11,13,7,4,4,7,12,6,6,7,6,9,5,5,10,5,7,5,0,2,1,4,1,11,16,10,8,16,3,2,3,6,19,10,4,1,4,9,12,14,4,9,1,0,3,2,1,2,2,0,1,3,8,9,8,5,5,0,3,5,2,6,3,4,7,7,4,4,9,10,10,0,3,0,2,6,4,2,5,2,2,3,4,6,11,17,20,8,14,20,20,16,1,2,4,11,3,1,3,2,17,6,4,13,9,7,11,13,4,1,4,8,3,6,4,3,3,1,2,0,0,11,20,12,12,12,12,7,9,8,4,7,7,16,7,13,8,10,12,16,7,8,5,8,2,10,3,1,3,8,13,11,2,3,2,8,8,10,16,10,8,6,7,9,12,6,4,12,7,8,11,9,6,7,7,9,10,6,4,5,4,7,13
182.654,0.89791,0.0128217,8,511,0,-116.772,8.4348,0.39042,0.397562,-0.637751,0.426306,-0.492153,0.0111871,0.37658,1.14142,-0.182054,0.517067,-0.113479,0.0831344,0.469633,0.0822044,-0.157992,-0.180888,-0.468137,-0.638206,0.0205415,-0.718246,0.593328,-0.0572826,-1.18011,-0.0251901,-0.102773,-0.364406,0.00401373,0.178604,0.0113608,0.697161,0.221983,0.216465,-0.0430105,-0.0566686,-0.27999,-0.703033,-0.115554,0.316405,0.09487,-0.656277,0.0241848,-0.279399,-0.0250868,-0.680259,0.0782037,0.167207,0.372807,0.654868,0.565895,-0.611932,-0.112388,0.0519967,0.399891,-0.00368089,-0.0780749,-0.592505,-0.289081,-0.834595,0.0423766,-0.128826,0.383516,-0.672087,0.357155,1.16873,0.712066,-0.339949,-0.076116,0.351123,1.50569,0.593178,0.114446,-0.898823,0.853667,0.200144,-0.031333,-0.0292294,0.279258,-0.701095,-0.646482,0.642668,-1.21624,0.39911,-0.469422,1.1378,0.0251757,-0.488416,-0.715755,-1.38325,0.560498,-0.512434,0.472614,-0.121991,-0.0849946,-0.731912,-0.562717,-0.271203,0.36096,0.29406,0.593947,0.167519,-0.732063,0.182105,0.411472,-0.481353,-1.08945,-0.952597,0.549878,-0.721835,0.508505,0.024908,0.184342,0.0753458,0.669467,-0.0548897,0.198433,-0.647396,0.503376,-0.0847559,0.0894647,-0.140966,-0.0437948,-0.0698594,-0.0400053,0.114489,-0.136522,0.0469287,0.226856,-0.0270596,-0.00588859,-0.0545188,-0.130809,-0.0646805,-0.0650016,0.0995903,-0.0343622,0.087685,0.0879017,16.9443,0.321833,0.622045,0.360039,0.503269,0.608288,0.791505,0.447007,0.646643,0.466892,0.524271,0.633875,0.524,0.453968,0.447344,0.366531,0.321717,0.506002,0.301653,0.666732,0.483269,0.201131,0.49264,0.470007,0.395107,0.501173,0.551997,0.503319,0.69313,0.564498,0.562912,0.487436,0.483448,0.418914,0.305412,0.466288,0.591409,0.527691,0.317126,0.507066,0.419082,0.492671,0.311087,0.522834,0.5487,0.607237,0.682518,0.388381,0.575312,0.413274,0.501991,0.566639,0.692699,0.467637,0.591021,0.47981,0.514795,0.582832,0.51463,0.471904,0.467843,0.417427,0.388304,0.503657,0.374856,0.604079,0.489804,0.301468,0.495516,0.481713,0.435491,0.500715,0.531752,0.502022,0.621619,0.539435,0.538458,0.492344,0.489913,0.450322,0.377398,0.479441,0.556088,0.516882,0.385253,0.504305,0.450426,0.495534,0.381216,0.513918,0.52973,0.565979,0.61451,0.484127,0.510612,0.487749,0.500279,0.509375,0.528388,0.495467,0.512871,0.497175,0.50207,0.511691,0.502047,0.496066,0.495496,0.488347,0.484116,0.500511,0.482125,0.514768,0.498574,0.470652,0.499373,0.497441,0.490928,0.5001,0.504447,0.500283,0.517351,0.505527,0.505389,0.498929,0.498589,0.493029,0.482503,0.497123,0.507877,0.502362,0.483666,0.500602,0.493044,0.499375,0.48307,0.501947,0.504163,0.509281,0.516299,0.505478,0.496338,0.504228,0.499904,0.496765,0.490196,0.501564,0.495558,0.500975,0.499286,0.495966,0.499294,0.501357,0.501554,0.504021,0.505482,0.499824,0.50617,0.494903,0.500492,0.510136,0.500216,0.500883,0.50313,0.499966,0.498466,0.499902,0.494011,0.498093,0.49814,0.500369,0.500487,0.502405,0.506039,0.500993,0.497282,0.499185,0.505638,0.499792,0.5024,0.500216,0.505844,0.499328,0.498564,0.496797,0.494375,7.73054,9.05472,6.9594,7.35817,8.22747,9.29621,8.11983,8.43015,8.48945,7.79892,9.55954,8.77667,7.44509,8.39068,7.70394,7.94836,8.68616,6.63771,8.53919,8.30277,6.98522,8.61902,8.2813,8.21914,7.68278,8.07237,7.82706,9.80967,8.98145,9.19184,8.32372,9.40433,8.46433,7.41439,7.17215,8.89532,8.67535,7.48043,7.84589,8.02287,8.61917,7.44652,8.50167,8.63216,8.01692,9.60572,3,4,2,0,6,10,9,8,8,7,9,8,7,7,10,3,9,7,9,7,2,5,5,10,4,3,3,4,7,2,11,11,11,6,17,3,2,2,6,10,6,3,3,2,9,8,12,9,8,7,3,3,0,1,1,1,1,1,0,12,9,13,7,2,4,9,4,5,9,12,8,9,8,10,4,7,7,1,0,4,1,0,5,3,3,0,0,8,8,2,3,8,25,9,16,12,10,10,7,3,2,0,4,7,1,4,3,10,9,2,6,4,10,7,5,2,4,6,2,3,4,3,3,4,3,0,2,1,20,9,16,11,16,10,7,8,14,11,15,7,9,5,5,12,6,14,5,1,4,4,4,2,5,3,6,11,6,6,8,5,2,6,11,14,21,13,5,4,9,21,7,12,15,17,6,7,20,10,12,4,3,4,1,6,9,9,4,4,3,4
205.124,0.951244,0.0128217,8,255,0,-115.172,8.46552,0.42334,0.344086,-0.286977,0.325093,-0.551895,-0.115621,0.635191,0.554676,-0.295833,-0.421131,-0.0496995,0.0171311,0.242116,0.446469,-0.0630283,-0.38829,0.207792,-0.392526,-0.615933,0.0308794,0.641822,-0.147537,-1.10566,0.0226138,-0.195701,-0.63038,-0.0243637,0.064963,-0.148381,0.383718,0.297776,-0.086427,-0.285481,0.140575,-0.523046,0.00881981,0.142195,-0.430678,-0.118633,-0.251703,0.0426644,0.0399224,0.0460617,-0.76833,-0.0287488,0.0897677,0.449429,-0.391568,0.166714,-0.328584,-0.0346744,0.243402,0.228935,0.0292467,-0.112978,-0.608982,0.0114434,-0.456498,0.721314,0.070904,0.222372,-0.501726,0.493677,1.1725,0.273137,-0.413522,-0.0208438,0.358664,1.16389,0.537357,0.0480672,-0.771102,0.221182,-0.0810141,0.545042,0.170347,0.0373188,-1.15627,-1.17566,0.428238,-0.69116,0.88407,-0.616801,0.845377,-0.564674,-0.411536,-0.00992772,-0.641738,0.98392,-0.686582,0.11671,0.103588,0.862767,-0.593301,-0.552412,-0.353619,0.793494,0.932103,-0.111138,0.237966,-1.11152,-0.306626,0.465559,-0.759037,-0.999372,-1.0788,-0.134523,-0.250614,0.916772,0.139658,0.00279531,0.257076,0.735457,0.0692391,0.00853547,-0.0264732,0.737336,-0.114447,-0.009193,0.0287029,0.0437859,0.00143904,-0.0115345,0.010434,-0.0112204,-0.094534,0.0753696,0.0470036,0.0344984,0.0292044,0.0458414,-0.0879767,-0.0720525,-0.216258,0.341584,0.091029,0.136631,19.2594,0.416665,0.594155,0.343644,0.466161,0.678036,0.657091,0.414143,0.379005,0.485436,0.505021,0.570497,0.627962,0.481533,0.388109,0.56061,0.38693,0.326913,0.509051,0.679731,0.456861,0.214775,0.506628,0.442886,0.323197,0.492859,0.519033,0.456615,0.610618,0.58641,0.474688,0.417091,0.541113,0.351313,0.502585,0.541585,0.376373,0.465282,0.42675,0.512503,0.5117,0.513499,0.288873,0.491574,0.526289,0.628773,0.387196,0.480414,0.522184,0.462385,0.492106,0.543265,0.537803,0.47981,0.471275,0.496606,0.50117,0.516527,0.530449,0.495696,0.473511,0.514185,0.473222,0.45804,0.502109,0.543714,0.489927,0.42507,0.501544,0.48664,0.457061,0.498336,0.504436,0.489869,0.526178,0.520322,0.494099,0.480516,0.509598,0.464345,0.500602,0.509708,0.470625,0.4919,0.482819,0.502913,0.502726,0.503145,0.447727,0.498037,0.506129,0.53065,0.473287,0.51551,0.482431,0.529803,0.506251,0.465713,0.470048,0.515989,0.522753,0.502687,0.499074,0.486913,0.475881,0.503408,0.52098,0.488768,0.521209,0.533251,0.498331,0.465356,0.507976,0.559494,0.498777,0.510579,0.534029,0.501317,0.496488,0.508021,0.479266,0.483906,0.504672,0.515429,0.4924,0.528248,0.499523,0.492313,0.523268,0.506413,0.513605,0.497693,0.497842,0.49751,0.541444,0.501554,0.495147,0.475721,0.521157,0.475513,0.527733,0.453009,0.490128,0.554031,0.547226,0.474759,0.464099,0.495756,0.501463,0.520664,0.538053,0.494618,0.46689,0.517737,0.46653,0.447595,0.502637,0.554591,0.487404,0.406688,0.501931,0.483294,0.446375,0.497919,0.505547,0.487332,0.532721,0.525407,0.49262,0.47564,0.512002,0.455452,0.500753,0.512141,0.463288,0.489871,0.478519,0.503643,0.503409,0.503933,0.434762,0.497545,0.507665,0.538304,0.466611,8.17397,9.07176,7.05858,7.27163,8.65983,8.55327,8.13602,7.23323,8.49631,7.82741,9.4239,9.16883,7.71822,8.03729,8.82077,8.5622,7.73367,7.84614,8.66857,8.33717,7.10346,8.59482,8.3639,8.14757,7.77088,8.13972,7.84921,9.79653,8.96865,8.9769,8.15002,9.32645,8.3875,8.64223,7.62269,8.04656,8.66331,8.28793,8.10935,8.6846,8.62676,7.60006,8.49887,8.6603,8.02897,8.03288,2,5,3,2,1,4,5,5,9,6,5,3,16,6,6,7,17,9,12,3,8,2,5,12,11,4,2,3,1,0,7,6,6,10,12,3,3,0,7,6,11,3,2,4,13,15,9,5,5,7,3,2,5,5,4,4,2,6,8,23,20,11,7,2,2,7,6,5,9,4,9,11,8,5,8,4,5,17,1,0,4,4,5,2,3,6,5,2,3,4,2,10,15,9,13,18,11,11,21,2,2,5,6,4,0,1,3,3,6,5,1,8,5,8,5,10,3,3,4,1,3,0,2,3,3,5,1,1,3,8,4,12,9,10,6,14,7,17,20,6,11,7,12,13,6,4,18,5,4,3,3,2,3,4,6,4,6,6,10,1,7,4,8,13,11,11,14,11,10,7,2,8,11,7,11,10,5,11,11,5,5,4,5,2,5,8,8,3,8,12
202.125,0.960814,0.0128217,8,255,0,-137.06,8.18781,0.467179,0.372807,0.306497,0.613787,-0.894805,-0.0911017,-0.518969,-0.61923,-0.159661,0.000233673,0.133006,-0.194841,0.360973,0.547506,0.243173,-0.423936,-0.288019,0.198747,0.724925,0.12673,0.479147,-0.0230937,-1.18113,0.125223,0.0251162,0.178677,-0.365968,-0.130836,-0.31873,0.694474,0.376207,0.087806,0.00492234,0.425383,-0.452228,-0.147417,-0.400319,0.617101,0.110002,-0.211497,0.066579,0.327965,0.13823,-0.5665,0.0886975,0.348052,0.144327,0.283339,-0.2772,-0.233074,-0.686127,-0.184785,0.1567,-0.195177,-0.322756,-0.197794,-0.192832,-0.346437,0.330624,-0.193612,0.0258655,-0.48226,0.445442,0.810577,0.323956,-0.12542,-0.00806107,0.360737,1.7101,0.749263,0.0756698,-0.997935,0.310013,0.193938,0.200862,0.571198,0.520988,-0.703137,-0.203706,0.585926,-0.881361,0.282932,-0.40759,0.517304,0.374057,-0.72875,-1.11361,-1.70762,0.546748,-0.231022,0.341842,0.37932,-0.862382,-1.07322,-0.614563,-0.371686,0.864352,0.963248,-0.0399988,-0.236467,-0.358552,0.374786,0.291278,-0.0115588,-0.640118,-0.740571,0.572209,-1.07022,1.10021,-0.335273,0.170335,0.297999,1.22962,0.892338,0.234899,-0.656043,-0.903308,0.0237053,0.0679672,-0.0610896,-0.0405,0.109396,0.0803356,-0.00449307,0.0629674,0.0889809,0.0697034,-0.0479857,0.0527829,-0.0592103,0.00361275,0.0214294,0.0253738,-0.455497,-1.04089,0.112506,0.0531737,17.6593,0.561792,0.621877,0.326225,0.481547,0.396358,0.377086,0.467691,0.500047,0.526927,0.460599,0.572632,0.609163,0.549119,0.414927,0.441898,0.540188,0.642816,0.525659,0.595894,0.49532,0.2774,0.525354,0.505089,0.536145,0.426378,0.473512,0.435768,0.637129,0.575651,0.517786,0.500997,0.585357,0.409371,0.470162,0.419582,0.622508,0.522276,0.457246,0.513489,0.566072,0.527982,0.387178,0.517966,0.570067,0.529214,0.557166,0.524803,0.549547,0.428034,0.492622,0.458068,0.450017,0.487072,0.500019,0.51077,0.484225,0.529202,0.544226,0.519684,0.46572,0.47669,0.516091,0.558443,0.510262,0.538728,0.49813,0.405492,0.51014,0.502034,0.514467,0.470395,0.489405,0.474209,0.556009,0.530431,0.507111,0.500399,0.534397,0.46344,0.488063,0.467624,0.549813,0.508908,0.482878,0.505392,0.526537,0.511193,0.454248,0.507183,0.528159,0.511687,0.522931,0.465155,0.430557,0.600508,0.510373,0.558824,0.570051,0.518173,0.499973,0.484859,0.522173,0.458987,0.437974,0.472337,0.548126,0.532751,0.477383,0.418192,0.485573,0.445653,0.50263,0.631347,0.485744,0.49714,0.479665,0.541578,0.514894,0.536232,0.42157,0.457264,0.490002,0.499439,0.451711,0.551316,0.516781,0.54546,0.430187,0.487476,0.524065,0.492419,0.462723,0.484264,0.564154,0.489901,0.460449,0.483571,0.46778,0.420912,0.345499,0.717358,0.523689,0.631857,0.655782,0.541452,0.499939,0.465444,0.550529,0.407156,0.361261,0.437056,0.608562,0.574393,0.448465,0.319827,0.46707,0.377837,0.506009,0.773718,0.46746,0.493465,0.453638,0.594098,0.533994,0.582188,0.326761,0.403334,0.477167,0.498719,0.391079,0.615554,0.538286,0.602691,0.344719,0.471406,0.554815,0.482682,0.415475,0.464091,0.643288,0.476935,0.410407,0.462513,0.426798,8.87677,9.01123,7.05014,7.9724,7.49255,7.37406,8.10019,8.10939,8.67047,7.87723,9.44062,9.16247,8.39848,8.00815,7.94756,9.24784,9.37177,8.25997,8.67854,8.26273,7.11998,8.66121,8.3125,8.22283,7.67388,8.04144,7.81803,9.71444,8.95954,9.11584,8.29609,9.33026,8.47378,8.10713,7.60486,9.01514,8.57235,8.0309,8.27644,8.67272,8.67669,7.60983,8.39581,8.7042,8.0549,8.84926,4,2,2,0,5,4,7,7,14,4,3,5,6,6,2,6,6,7,0,9,5,12,14,4,3,1,3,4,2,1,21,14,15,5,18,1,1,0,11,5,5,6,5,6,16,21,14,9,5,6,3,0,3,1,3,1,3,2,1,14,11,8,13,2,4,5,4,6,12,4,4,3,4,6,12,8,6,2,3,2,1,4,3,7,4,5,0,3,3,5,3,13,11,13,13,26,19,16,11,12,3,5,6,9,0,4,0,11,3,4,8,8,16,12,7,7,8,3,5,3,3,5,0,3,0,1,1,5,8,11,5,21,12,18,7,14,9,22,22,15,8,15,12,16,14,21,17,2,3,3,2,1,4,1,7,3,6,10,4,1,5,9,5,9,14,8,31,16,11,17,23,24,30,4,12,25,17,22,20,5,8,7,10,3,9,15,6,6,2,1
193.378,0.999753,0.0128217,8,255,0,-133.474,9.01341,0.654662,0.294632,-0.123902,0.945953,-1.28375,-0.059608,0.197882,0.417463,-0.236976,0.139576,-0.385559,-0.467499,0.677891,0.477849,0.290086,-0.141249,0.521463,0.445298,0.697243,0.974063,0.422306,-0.0440861,-1.32373,0.096814,0.30929,-0.0572435,-0.509309,-0.431056,-0.659957,0.28912,0.456867,0.245162,-0.0495728,0.578388,-0.512269,0.107462,-0.595034,-0.437907,0.0609845,0.000799301,-0.967766,0.250086,0.15287,-0.467599,-0.00486689,-0.212181,-0.264451,-0.116949,0.0989582,-0.525731,-0.168243,-0.158898,-0.0983962,-0.20401,-0.228976,-0.332168,0.0504621,-0.204714,0.483007,-0.117637,0.142951,-0.322505,0.372814,0.156837,-0.0942481,-0.0196681,-0.0938859,0.357726,0.31981,0.628285,0.079439,-0.879909,0.681462,0.102809,0.736257,0.146332,0.042041,-1.09285,-1.40099,0.494681,-0.633793,0.839212,-0.789239,0.928468,-0.217071,-0.178314,0.138619,-1.59445,0.667134,-0.550024,0.100045,0.154146,-0.523064,-0.656959,-0.690606,-0.223269,0.901193,1.10421,-0.162067,-0.191698,-1.0634,-0.213938,0.918979,-0.610263,-0.629126,-0.708156,0.464539,0.0999312,0.793119,0.423842,0.319929,0.216482,0.824061,-0.0639482,0.119496,-0.273239,0.645678,-0.0486991,-0.0992722,0.0161373,0.274213,0.128851,0.113649,0.00645918,0.0441467,-0.130899,0.00674297,-0.120958,0.00790714,0.0269523,-0.0162164,-0.0277528,0.0267578,-0.010515,-0.546817,0.20132,0.176385,21.1695,0.495142,0.537022,0.449835,0.497663,0.507758,0.516363,0.490709,0.505472,0.484887,0.481678,0.526555,0.518727,0.511372,0.494462,0.520435,0.517453,0.527311,0.538118,0.516552,0.498271,0.448283,0.503796,0.512125,0.497756,0.480041,0.483105,0.474147,0.511334,0.517906,0.509611,0.498056,0.522663,0.479925,0.504213,0.476686,0.482837,0.502391,0.500031,0.462127,0.509804,0.505994,0.481674,0.499809,0.491681,0.489633,0.495415,0.502919,0.477726,0.530211,0.501404,0.495338,0.490165,0.505583,0.496711,0.509084,0.511013,0.484033,0.488743,0.493165,0.503328,0.487716,0.489509,0.483577,0.477065,0.490051,0.501039,0.531149,0.497719,0.492713,0.501349,0.511998,0.510155,0.515545,0.493188,0.489237,0.494224,0.501168,0.486375,0.512068,0.497468,0.514017,0.510317,0.498563,0.499981,0.522787,0.494108,0.496398,0.511016,0.500115,0.504999,0.506231,0.502756,0.500326,0.497513,0.503375,0.500157,0.49948,0.498903,0.500623,0.499633,0.501014,0.501229,0.498218,0.498744,0.499237,0.500371,0.498629,0.498829,0.498167,0.497439,0.49889,0.500116,0.50348,0.499745,0.499187,0.50015,0.501339,0.501133,0.501735,0.49924,0.498799,0.499356,0.50013,0.49848,0.501347,0.499718,0.501564,0.501151,0.49984,0.499998,0.502544,0.499343,0.499598,0.501229,0.500013,0.500558,0.500695,0.500307,0.516931,0.373492,0.668625,0.508148,0.472975,0.443178,0.53235,0.480929,0.552513,0.563563,0.408376,0.435045,0.460427,0.5193,0.429193,0.439425,0.405822,0.369903,0.442524,0.506026,0.673452,0.486768,0.457819,0.507825,0.569178,0.558656,0.589252,0.460558,0.437867,0.466535,0.506776,0.421584,0.569575,0.485314,0.580634,0.559579,0.491664,0.499891,0.629294,0.465865,0.479114,0.563577,0.500665,0.528974,0.536089,0.515982,8.38196,8.96244,6.97557,8.00433,8.46957,8.69099,8.12297,8.41078,8.11812,7.79862,9.48252,8.98875,8.56255,8.36447,8.88776,9.24798,9.20998,9.25224,8.69587,8.31747,7.17212,8.60453,8.32046,8.20974,7.75646,8.1041,7.87329,9.63722,8.96759,9.04617,8.31194,9.42861,8.28241,8.11695,7.46442,7.56701,8.75798,8.00939,7.56291,8.26076,8.66105,7.53707,8.35702,8.14797,8.09573,8.38897,2,3,1,2,3,17,5,9,10,9,4,13,5,7,21,9,9,6,3,4,4,4,7,10,3,4,4,1,1,2,12,14,20,9,13,2,5,2,12,14,8,2,7,4,21,25,14,9,7,12,6,7,3,2,6,1,2,3,3,14,4,18,14,3,4,1,5,5,6,6,7,9,11,8,10,11,7,5,0,7,2,8,7,6,2,3,7,4,4,2,4,17,10,12,22,16,21,24,17,4,9,3,5,5,0,1,0,13,6,2,6,10,11,8,10,14,1,4,2,1,6,3,4,1,2,1,0,3,8,7,12,17,13,20,9,14,14,8,11,9,14,12,6,16,13,11,11,7,4,5,10,6,10,4,8,9,8,17,8,6,7,8,2,20,13,17,26,25,6,12,13,13,15,14,12,13,14,15,13,6,16,4,8,7,5,8,6,4,4,5
187.503,0.987827,0.0128217,8,255,0,-109.761,9.45639,0.478211,0.247034,-0.0954001,0.821536,-1.37772,0.917947,-0.445781,0.737244,0.102948,-0.379739,0.39935,-0.52328,0.761216,0.693703,-0.0815273,-0.148247,0.483379,0.297007,-0.0814942,0.284727,0.256376,0.156847,-1.17024,0.393191,0.0835808,-0.535303,-0.648963,-0.526129,-0.94089,0.343988,0.592241,0.239682,0.0381718,0.0931618,-0.413962,-0.0571122,-0.817151,-0.852536,-0.00466869,-1.09138,0.743243,0.151121,0.396157,-0.750278,0.269655,0.0792118,-0.280655,0.320076,0.145354,0.0155023,-0.148531,-0.267983,0.0688278,0.0693772,-0.149443,0.151092,-0.263252,-0.117776,0.407123,0.378159,0.0353733,-0.0484527,0.252202,0.204761,-0.0575975,-0.269185,-0.114359,0.359096,0.579826,0.667228,0.133995,-0.569162,0.0533006,-0.0219961,-0.0930573,0.317915,-0.0666545,-0.722959,-0.776856,0.769711,-0.538943,0.0401686,-0.59482,0.491367,-0.133873,-0.768591,-1.54562,-1.11091,0.342115,-0.531989,0.207867,0.414243,0.00432609,-0.915326,-0.490301,-0.689746,0.818826,1.01713,0.414283,0.00594351,-0.450277,0.391515,-0.111894,-0.847099,-0.966543,-0.471393,0.480262,-0.611107,1.0869,-0.371014,-0.0365128,0.34083,0.953274,1.24985,0.63493,-0.553724,0.359855,0.0356189,-0.214841,0.0747251,-0.295528,0.00727395,-0.159839,-0.115997,-0.0608615,-0.0873138,0.0183152,0.140554,-0.0509162,-0.286761,0.000294379,0.138953,0.053165,-0.677447,-0.460789,0.201893,0.158923,18.0345,0.495117,0.541956,0.429938,0.546852,0.477196,0.537668,0.50527,0.480571,0.520431,0.473239,0.538888,0.535451,0.495827,0.492412,0.524724,0.515199,0.495828,0.514571,0.513121,0.508028,0.44038,0.520117,0.504278,0.472625,0.466828,0.473093,0.451984,0.517602,0.53028,0.512267,0.501954,0.504769,0.478822,0.497076,0.458267,0.456469,0.499761,0.444363,0.537974,0.507735,0.520268,0.461668,0.5138,0.504055,0.485637,0.516379,0.501374,0.488173,0.519828,0.486785,0.506419,0.489386,0.498518,0.505468,0.49425,0.507534,0.489041,0.490012,0.501174,0.502135,0.49304,0.495723,0.501173,0.4959,0.496308,0.497742,0.516844,0.494339,0.498796,0.507707,0.509344,0.507575,0.513545,0.495047,0.491473,0.496549,0.49945,0.498659,0.505961,0.500822,0.511764,0.512274,0.500067,0.51571,0.489299,0.497824,0.494296,0.510802,0.496117,0.498859,0.504041,0.495391,0.516152,0.364347,0.717751,0.349358,0.57493,0.377671,0.482572,0.563961,0.432775,0.587707,0.373862,0.384629,0.513804,0.525086,0.418858,0.449867,0.513799,0.451927,0.456688,0.473461,0.688427,0.433799,0.485848,0.589679,0.608173,0.588175,0.654166,0.442004,0.401021,0.459496,0.493536,0.484227,0.569653,0.509671,0.634965,0.640503,0.500791,0.676854,0.376717,0.474428,0.433306,0.624402,0.454457,0.486588,0.54739,0.446003,0.510988,0.406476,0.653586,0.395804,0.551173,0.415879,0.488143,0.543634,0.454125,0.55999,0.413198,0.420761,0.509391,0.517071,0.444545,0.465839,0.509387,0.467247,0.4705,0.48194,0.631634,0.454829,0.490373,0.561355,0.574207,0.560313,0.606721,0.460456,0.432196,0.472417,0.495603,0.48927,0.547543,0.506579,0.593037,0.596966,0.500538,0.62314,0.415208,0.482598,0.45449,0.585579,0.468976,0.490876,0.532286,0.463195,8.22277,9.06877,6.92987,9.12312,7.87226,9.06865,8.26204,7.93905,8.72311,7.79389,9.52878,9.02078,8.24063,8.16932,8.64677,9.05933,8.23683,8.61103,8.58235,8.31655,7.13583,8.71688,8.32249,8.08541,7.66679,8.14535,7.72593,9.70766,8.91818,9.00136,8.19653,9.41436,8.34033,8.18021,7.36844,7.37581,8.60471,7.13429,9.42906,8.39079,8.71988,7.47922,8.43063,8.23804,8.04826,8.64294,1,3,3,4,4,5,2,11,4,10,6,2,8,7,5,8,11,4,14,9,8,5,7,8,3,6,2,1,6,5,14,21,11,8,9,5,2,3,4,10,2,3,5,1,13,18,12,4,2,7,3,1,2,1,2,3,3,1,2,12,15,9,11,1,4,6,6,7,6,6,4,8,9,6,11,9,3,5,1,2,0,2,4,1,1,5,4,1,3,0,1,9,12,14,10,16,30,20,22,14,8,4,10,6,4,0,8,4,13,6,5,4,11,8,6,7,2,3,2,2,3,7,2,1,3,1,2,2,5,5,13,5,15,13,6,13,8,13,11,10,10,12,6,15,6,20,19,9,3,7,6,5,5,6,9,7,4,7,5,8,5,9,12,19,10,4,17,7,13,14,7,4,9,7,5,7,7,7,8,12,17,24,11,8,10,11,3,2,3,3
184.471,0.839849,0.0128217,8,511,0,-114.816,9.04335,0.558964,0.193306,0.234093,0.369767,-0.89788,-0.178767,-0.000566424,-0.427862,-0.103053,-0.295467,-0.675488,-0.233993,1.17094,0.66486,0.190819,0.0460658,-0.445335,1.04583,-0.314218,0.418368,0.603322,-0.0867817,-0.97544,0.178662,-0.183269,-1.00782,-0.359769,-0.192398,-0.535985,0.5415,0.622935,0.733588,-0.00696912,-0.0470958,0.143755,-0.0986184,0.68516,0.84596,-0.0138285,0.413261,-0.00311447,-0.27761,0.281051,-0.890131,0.123743,0.196129,0.00777297,0.471612,-0.0216104,-0.0217751,0.147921,-0.075203,0.0738261,-0.0935673,-0.112195,-0.179977,-0.244496,-0.339634,0.134342,0.44207,-0.0134761,0.0959712,-0.39915,0.460644,0.74297,-0.500322,-0.0710947,0.355248,-0.547728,0.755256,0.179001,-1.16869,0.434046,0.295112,0.505404,0.261293,-0.128952,-1.58011,-0.812836,1.05501,-1.42709,0.28103,-0.906057,0.605523,-0.130637,-0.586191,-0.672081,-1.04892,0.451662,-0.998399,0.354939,0.661458,0.213806,-0.903804,-0.401316,-0.0152176,0.640111,0.947697,-1.03696,-0.115502,-0.97778,0.0420999,0.551961,-0.647303,-0.812639,-1.22466,0.163532,-0.10344,0.675882,-0.695635,0.438611,0.146568,1.24793,-0.120676,-0.0700758,-0.638051,1.26566,-0.125304,0.141253,0.00816476,0.0900713,0.206269,0.355924,0.398687,0.201324,-0.131517,0.101756,-0.155232,0.15093,0.224775,0.137753,-0.0915512,0.252442,-0.392115,-0.731288,0.24665,0.00973795,18.2805,0.526932,0.54248,0.398049,0.479425,0.499935,0.450886,0.488135,0.466026,0.422832,0.473079,0.63167,0.575973,0.521961,0.505305,0.448894,0.618163,0.463877,0.548031,0.569035,0.490007,0.38952,0.520563,0.478907,0.385978,0.458663,0.477858,0.438587,0.562038,0.57125,0.583686,0.499197,0.494577,0.516549,0.488645,0.578255,0.596207,0.498408,0.547448,0.499641,0.468074,0.532321,0.398904,0.514247,0.522571,0.500895,0.554099,0.543372,0.568253,0.339147,0.466844,0.499895,0.42119,0.480868,0.445339,0.377102,0.456647,0.704741,0.621041,0.535384,0.508556,0.418029,0.685038,0.4419,0.577089,0.610223,0.483887,0.326354,0.533137,0.466012,0.321086,0.433571,0.464324,0.40174,0.599245,0.613683,0.632983,0.498706,0.491253,0.526676,0.481691,0.624584,0.652154,0.497431,0.576163,0.499422,0.448618,0.552014,0.340439,0.522968,0.536365,0.501444,0.586713,0.477068,0.463816,0.58712,0.517517,0.500056,0.541845,0.510101,0.528932,0.565833,0.522922,0.387189,0.435191,0.481303,0.495484,0.543545,0.398891,0.530763,0.45908,0.441131,0.508506,0.594472,0.482493,0.517958,0.59753,0.535209,0.518852,0.552349,0.447116,0.439236,0.428579,0.500683,0.504617,0.485912,0.509666,0.433236,0.417824,0.501356,0.459577,0.500305,0.527187,0.472477,0.586383,0.487872,0.480783,0.499238,0.4539,0.457307,0.432807,0.658498,0.532636,0.500104,0.577591,0.518831,0.553809,0.621043,0.542675,0.298114,0.380788,0.465171,0.491579,0.580705,0.317604,0.557194,0.424104,0.391455,0.51586,0.671136,0.467383,0.533455,0.676342,0.565397,0.535117,0.596754,0.402275,0.388043,0.36901,0.501274,0.508609,0.473743,0.518022,0.377294,0.350091,0.502528,0.425017,0.500569,0.55058,0.448798,0.657223,0.477392,0.464205,0.498579,0.414623,8.56968,9.04627,6.97196,7.48866,8.03564,7.52728,8.1282,7.68459,7.48861,7.75771,9.62734,9.08074,8.26354,8.34582,7.72115,9.48137,7.91693,8.53408,8.75333,8.14758,7.13561,8.50371,8.38799,8.11315,7.60815,8.12017,7.71199,9.5816,9.03117,9.11457,8.24263,9.27822,8.41483,8.48877,8.51531,9.60955,8.74249,9.09793,8.34556,8.27573,8.62554,7.55097,8.3983,8.48448,8.07018,8.85191,1,4,1,7,2,16,19,14,5,4,5,3,3,5,4,5,2,4,3,9,8,4,3,0,3,0,1,2,0,1,8,14,9,27,22,1,0,1,12,3,9,5,9,1,8,8,11,7,3,8,4,4,2,5,4,4,1,2,4,5,12,12,9,2,2,6,6,14,6,10,8,4,11,11,8,9,8,5,3,1,1,0,2,8,4,4,4,1,8,3,4,22,12,4,6,9,22,18,12,2,1,3,10,9,0,2,2,9,5,2,8,10,6,9,5,2,4,3,0,2,2,1,3,2,0,6,4,2,8,7,13,14,28,12,14,16,20,23,15,29,12,33,20,8,11,20,24,5,9,7,6,8,9,4,4,3,9,9,9,10,6,7,4,28,25,12,17,18,18,14,21,14,11,27,13,8,13,24,19,4,7,4,4,4,6,3,3,5,3,1
197.107,0.998193,0.0128217,8,255,0,-120.765,8.71847,0.590329,0.0951647,-0.695003,0.572548,-0.972302,0.612221,0.129519,0.377705,-0.257634,-0.117317,0.38835,-0.173371,0.72067,0.573674,0.0543511,-0.115622,-0.0680233,-0.648948,0.0313717,-0.00644543,0.628055,-0.0748165,-1.2028,0.22708,0.0315549,-0.21493,-0.222024,-0.331929,-0.894771,0.902973,0.545312,0.362956,-0.151386,0.48228,-0.237877,0.279987,-0.251657,-0.220743,-0.0221989,0.330513,0.14302,-0.159664,0.172258,-0.63912,-0.0401042,-0.520978,-0.28731,-0.478695,-0.120717,-0.0477908,-0.116845,0.00241322,-0.0654664,0.0046619,0.00412691,-0.0598346,0.089565,-0.0303374,-0.0940157,-0.177465,0.0691879,0.00305653,0.222292,0.754545,-0.292026,-0.116042,-0.0622019,0.366621,1.32878,0.757393,0.144258,-0.57664,0.199382,0.0972676,-0.21546,0.320117,0.00571363,-0.616208,-0.313545,0.0632358,-0.646187,-0.297992,-0.781247,0.692492,-0.153636,-0.9161,-0.858191,-1.44059,0.809915,-0.607046,-0.19507,0.349868,-0.569057,-0.949768,-0.41196,-0.814568,0.555809,0.978993,-0.396738,-0.459676,-1.23739,-0.108473,-0.536917,-0.313958,-1.3404,-0.992618,0.611029,-0.983948,0.784342,-0.124975,-0.232629,0.126659,0.941389,0.611009,-0.0413312,-0.637619,0.203353,0.118235,0.0447432,-0.0536136,-0.195571,-0.0981151,0.0414035,0.00841801,-0.0757511,0.15029,-0.0616311,-0.033607,-0.19228,-0.0746342,-0.202867,-0.245379,0.0264042,-0.987409,0.0495897,0.158101,0.094105,19.1837,0.371821,0.606354,0.324395,0.613476,0.524413,0.57077,0.451553,0.477884,0.572737,0.467342,0.632691,0.606557,0.510251,0.478203,0.487171,0.379974,0.505918,0.498784,0.616305,0.485891,0.287498,0.542731,0.505952,0.459545,0.458216,0.437711,0.337346,0.664036,0.601438,0.568042,0.471474,0.589985,0.455248,0.55262,0.452671,0.458456,0.495813,0.562026,0.526953,0.469918,0.532448,0.381722,0.492435,0.402971,0.446014,0.41067,0.550566,0.458297,0.570511,0.455423,0.490545,0.472453,0.5188,0.508564,0.471678,0.512654,0.44758,0.458216,0.496032,0.50844,0.504966,0.547236,0.49771,0.500471,0.454276,0.505462,0.58692,0.483428,0.497696,0.515686,0.516203,0.524214,0.564955,0.434457,0.460273,0.473527,0.51105,0.464849,0.51736,0.47957,0.518364,0.51611,0.501621,0.475889,0.48956,0.511654,0.487427,0.546525,0.502928,0.537962,0.520963,0.534891,0.665133,0.362313,0.723134,0.353312,0.468071,0.407829,0.563257,0.528928,0.405293,0.542693,0.329246,0.362056,0.486587,0.528511,0.516785,0.654929,0.492256,0.501591,0.349748,0.51846,0.766321,0.444179,0.492211,0.552858,0.554589,0.581212,0.707548,0.290779,0.368549,0.41135,0.5373,0.383148,0.558452,0.431321,0.561804,0.554276,0.50548,0.419129,0.464754,0.539332,0.45758,0.652733,0.509899,0.625842,0.570451,0.616015,0.491385,0.507098,0.487948,0.507589,0.501606,0.504682,0.496806,0.498546,0.504814,0.497851,0.508934,0.507112,0.500674,0.498567,0.499157,0.491955,0.500389,0.49992,0.507786,0.499072,0.485093,0.502815,0.500391,0.497335,0.497248,0.495885,0.488909,0.511193,0.50676,0.5045,0.498123,0.505979,0.497051,0.503471,0.49688,0.497263,0.499725,0.504097,0.501773,0.498021,0.502136,0.492077,0.499503,0.493542,0.496438,0.494066,7.58629,9.01712,6.88193,8.97687,8.15802,8.44647,8.10966,7.87082,8.84428,7.80561,9.48499,9.05906,8.07057,8.25824,8.33018,7.89559,8.42928,7.99982,8.73649,8.32228,7.00425,8.65694,8.38886,8.17396,7.74904,8.1793,7.52883,9.63163,9.02623,9.07092,8.2332,9.31243,8.37218,8.6778,7.97327,8.09535,8.67721,8.7365,8.73171,8.16637,8.59319,7.61019,8.36267,7.80406,8.0815,7.83649,2,1,6,6,4,11,4,6,2,4,2,4,1,4,13,6,6,4,10,13,10,2,7,5,4,0,4,0,6,2,8,9,18,12,8,4,5,3,2,11,3,4,3,4,10,17,8,5,13,5,2,4,1,4,3,5,3,1,1,9,21,13,13,2,2,4,2,7,7,7,1,5,6,10,10,10,6,13,3,3,5,3,3,3,3,4,6,1,3,0,1,11,8,6,15,17,18,9,25,8,3,5,4,11,2,1,3,8,10,3,8,2,8,1,6,1,2,4,2,0,1,2,5,2,2,1,1,0,15,14,9,16,22,20,20,22,15,22,16,11,19,17,12,15,15,13,7,5,5,0,4,3,0,3,8,5,5,2,10,16,21,7,9,10,11,14,17,15,18,9,11,10,11,18,13,21,8,11,13,12,4,5,9,4,5,5,1,7,5,8
199.155,0.988747,0.0128217,8,511,0,-127.773,9.65878,0.427143,0.102484,0.583867,0.36438,-1.04694,0.0140866,0.819,-0.287186,-0.308351,-0.343441,-0.0346034,-0.38613,0.816946,0.641642,-0.124066,-0.173079,-0.211418,-0.258626,-0.102138,0.0826752,0.262375,-0.163854,-1.04448,0.0682935,-0.240244,-0.657771,-0.511412,-0.327453,-0.848877,0.699126,0.385305,0.540837,-0.267266,0.182314,-0.0494499,0.0278422,-0.826192,-0.691783,-0.0782985,0.450983,-0.145566,0.0243577,0.228203,-0.864426,-0.0814716,0.0277197,-0.258213,-0.0501928,-0.116344,-0.058484,0.101706,-0.0535663,0.0421499,0.0188604,0.0496812,-0.137032,-0.103429,-0.064915,-0.0585137,0.0261171,-0.0999584,-0.080144,-0.163789,0.17804,-0.944067,-0.180068,-0.0694162,0.357413,-1.44807,0.724513,0.18587,-1.71622,0.135438,0.226692,0.56524,-0.510876,0.177592,-0.792718,-0.682945,0.618787,-1.1431,0.411742,-1.40426,0.955237,-0.560847,-0.065898,-0.179664,-1.7067,0.533655,-1.03713,0.276096,0.0688662,-0.272237,-1.02648,-0.599362,-0.762844,1.03672,1.02735,-0.698257,-0.171683,-1.14429,0.217149,0.749267,-0.477693,-1.18186,-0.391264,0.532135,-0.565625,0.396226,-0.457408,-0.171029,0.0532631,0.831699,0.22329,0.535318,-0.291509,-1.31186,-0.162166,0.0223137,-0.0851916,-0.0296172,0.165305,-0.0260614,0.297349,0.165348,-0.153949,0.164904,0.0677429,0.321521,0.0653212,0.142675,0.160636,0.263464,-0.354518,-0.53987,0.109772,0.180034,27.7428,0.525964,0.516213,0.453535,0.500627,0.536389,0.48722,0.486279,0.484718,0.49846,0.48282,0.536298,0.528528,0.494478,0.492297,0.490591,0.488491,0.495454,0.50368,0.511676,0.492707,0.453644,0.50304,0.489308,0.470756,0.477253,0.485429,0.462288,0.531078,0.517143,0.524054,0.488106,0.508114,0.497799,0.501239,0.463292,0.469248,0.496515,0.520062,0.493521,0.501084,0.510156,0.4616,0.496374,0.501234,0.488509,0.497766,0.365584,0.414838,0.728768,0.496675,0.315789,0.567368,0.572266,0.580355,0.508166,0.590137,0.316208,0.353029,0.529248,0.540759,0.549733,0.560739,0.524088,0.480497,0.43839,0.538595,0.728309,0.483887,0.55646,0.650441,0.61841,0.576675,0.690273,0.340735,0.410051,0.375056,0.562747,0.457077,0.511669,0.493429,0.685676,0.657706,0.518471,0.39514,0.534302,0.494251,0.446348,0.693403,0.519219,0.493458,0.560643,0.511844,0.448436,0.46775,0.591739,0.498752,0.427918,0.525431,0.527302,0.530402,0.503067,0.534169,0.428096,0.443376,0.510994,0.515335,0.518729,0.522906,0.509051,0.492673,0.476763,0.514518,0.591529,0.493947,0.52128,0.558035,0.545202,0.528989,0.574673,0.438352,0.465904,0.452212,0.52367,0.483847,0.504383,0.497532,0.572706,0.561007,0.506939,0.460114,0.512899,0.497841,0.479786,0.57602,0.50722,0.497543,0.522869,0.504448,0.421843,0.450979,0.637658,0.498099,0.391228,0.538683,0.541522,0.546221,0.50467,0.551927,0.391492,0.414255,0.516739,0.523343,0.528504,0.53485,0.513782,0.488843,0.464647,0.522101,0.637351,0.490784,0.53238,0.587856,0.568589,0.544081,0.612607,0.406745,0.448183,0.427519,0.53601,0.475413,0.506674,0.496242,0.609696,0.592298,0.510566,0.439431,0.519637,0.496713,0.469239,0.614597,0.510994,0.496259,0.534794,0.506774,9.10647,9.06874,7.01522,8.36059,9.28579,7.93335,8.14134,7.86438,8.3485,7.81212,9.46947,9.17656,8.13375,8.17816,8.26032,8.15454,8.2654,8.38815,8.60903,8.31877,7.12281,8.47513,8.32563,8.1135,7.65916,8.33741,7.70462,9.69767,8.86436,9.13563,8.19174,9.36247,8.41169,8.65534,7.33523,7.77493,8.66534,9.17463,8.56074,8.65105,8.67175,7.56723,8.4201,8.55448,8.13206,8.32931,3,1,1,0,0,1,10,14,11,7,9,7,5,14,20,17,14,8,5,4,6,13,6,10,8,0,1,1,2,6,8,9,11,14,10,0,1,1,13,12,12,1,3,1,9,24,17,4,5,9,3,5,3,4,6,0,2,1,1,7,15,7,22,4,1,2,0,4,8,5,4,5,2,5,8,3,6,9,5,3,1,0,1,4,9,2,4,4,4,6,1,28,23,24,14,8,23,12,20,5,1,6,6,6,3,1,4,3,4,4,5,11,9,6,10,12,8,5,7,2,1,3,2,1,2,3,1,3,3,12,6,4,15,11,7,10,18,15,10,16,6,16,11,9,7,13,15,3,7,5,2,4,8,4,3,6,8,6,6,3,3,1,8,12,8,8,5,16,6,8,5,7,5,3,8,7,5,8,10,10,7,15,3,9,16,10,6,5,7,6
202.628,0.988653,0.0128217,8,255,0,-134.207,7.97615,0.663749,0.117972,-0.0746949,0.558877,-0.790595,0.0295545,-0.603142,0.635493,-0.259928,-0.161116,-0.23308,-0.112141,0.909825,0.503381,0.0930583,-0.154404,-0.159891,-0.0551321,-0.648258,1.16431,0.642094,-0.114288,-1.16657,0.210928,-0.192425,-0.285258,-0.228333,0.0767859,-0.508029,1.38821,0.301888,0.546429,-0.157662,0.869552,-0.00253951,-0.550304,-0.0717173,0.227836,0.239301,0.352406,-0.325326,-0.320598,0.116113,-0.868055,-0.0161099,-0.15045,0.169608,0.131518,0.147599,0.00791794,-0.0760737,0.233642,-0.0332867,-0.168115,-0.0466814,0.139425,0.0590487,-0.0239646,-0.0135727,-0.02932,0.217347,0.0150418,0.0485389,0.342603,0.616609,-0.208381,0.0232885,0.357628,0.340204,0.699724,0.0784504,-0.763275,0.286628,0.0810826,0.377605,0.804356,-0.0839912,-1.55469,-1.03688,0.910781,-0.612426,0.0189704,-0.436134,0.902391,0.389756,-1.20067,-0.745356,-0.773101,0.571805,-0.430718,0.21303,0.768513,-0.0827983,-0.909775,-0.724741,-0.293111,0.645514,0.893363,-0.229753,-0.238543,-1.0942,-0.126134,-0.376739,-0.605633,-0.782254,-0.47304,0.491952,-0.68605,0.617647,0.0929863,-0.000398584,0.243533,0.944912,0.740704,-0.0257483,-0.0514541,-0.223948,-0.0110915,-0.0781229,-0.018698,-0.0670257,-0.0345398,0.0521483,-0.123761,0.0878907,0.0428671,-0.181401,-0.114625,-0.0593278,-0.26408,-0.0436236,0.0668672,0.206462,-0.292834,-0.826726,0.0198205,0.0511775,16.8586,0.493603,0.547722,0.432696,0.502531,0.448524,0.554216,0.477752,0.486204,0.480047,0.490396,0.577302,0.543008,0.50797,0.486778,0.486309,0.495278,0.444703,0.598422,0.554775,0.490212,0.401392,0.518058,0.483525,0.475587,0.480453,0.506576,0.456597,0.61671,0.525834,0.546666,0.486499,0.573932,0.499782,0.453005,0.493858,0.519504,0.520485,0.530147,0.472164,0.472568,0.509944,0.426194,0.49862,0.487117,0.514523,0.511263,0.488488,0.58531,0.380486,0.504556,0.408081,0.596728,0.460017,0.475184,0.464132,0.48272,0.636685,0.57698,0.514341,0.476216,0.475372,0.491502,0.401379,0.672149,0.597707,0.48239,0.327544,0.532469,0.470372,0.45614,0.46486,0.511835,0.42232,0.701821,0.546403,0.583445,0.475715,0.630922,0.499609,0.415974,0.488946,0.535064,0.536822,0.554111,0.450018,0.450739,0.517891,0.369293,0.497517,0.476824,0.526122,0.520263,0.505468,0.459177,0.557621,0.497836,0.544041,0.45361,0.51902,0.511793,0.517057,0.508209,0.433784,0.463215,0.493188,0.511302,0.511703,0.504036,0.547316,0.415579,0.453131,0.508366,0.584582,0.484563,0.514083,0.520871,0.51671,0.494379,0.537124,0.399748,0.477914,0.460082,0.51154,0.436683,0.500186,0.5402,0.50525,0.483327,0.482488,0.474224,0.523799,0.523453,0.4915,0.563209,0.501179,0.511012,0.487586,0.490373,0.515433,0.386502,0.657822,0.493892,0.622138,0.371595,0.553517,0.533251,0.548025,0.523161,0.320347,0.397437,0.480776,0.531869,0.532998,0.511393,0.630866,0.276366,0.370322,0.523604,0.724008,0.456515,0.539687,0.558686,0.547053,0.484135,0.603483,0.240915,0.437927,0.388945,0.53254,0.327639,0.500525,0.611816,0.514818,0.453049,0.450702,0.427675,0.566836,0.565877,0.47602,0.672088,0.50333,0.531055,0.465003,0.472844,8.39544,9.0985,7.01964,7.91656,7.22953,8.62069,8.12195,7.72584,8.21739,7.7809,9.44373,9.04501,8.01162,8.30583,8.23439,8.36116,7.75141,9.21116,8.62809,8.28565,7.17274,8.71656,8.25433,8.19888,7.65029,8.27296,7.61583,9.73075,8.81878,9.03701,8.23689,9.28769,8.42029,7.85246,7.80269,8.72681,8.73344,8.86677,7.82094,8.1103,8.60998,7.49673,8.39604,8.245,8.13228,8.62729,3,2,6,0,1,10,5,11,3,3,1,1,8,14,7,7,5,7,6,7,3,8,4,5,8,0,0,0,0,2,5,22,12,8,10,4,6,6,11,16,10,5,3,6,18,23,10,7,6,1,0,2,5,4,2,3,1,2,5,16,20,17,11,3,5,4,1,10,6,4,6,2,2,3,2,5,3,8,1,2,1,2,1,7,2,3,7,4,5,6,3,10,10,13,14,16,6,13,11,10,4,3,2,2,1,3,1,4,7,8,9,3,9,9,8,7,2,2,3,7,1,1,5,7,3,2,2,3,9,9,14,10,15,9,10,12,10,10,23,18,17,11,14,10,19,9,28,1,1,1,1,0,1,7,6,3,3,7,3,0,5,8,8,10,12,13,10,11,14,9,9,3,14,10,12,23,13,10,13,10,10,7,9,3,3,4,10,3,2,3
190.196,0.898158,0.0128217,8,255,0,-121.774,8.7946,0.455217,0.173078,-0.724524,0.740583,-1.00532,0.0826156,-0.628711,0.0949721,-0.0141139,0.447721,-0.484773,-0.164567,0.830696,0.376415,0.601202,-0.316426,0.644024,-0.0134233,-1.11386,-0.270907,0.59033,0.0640265,-1.20694,0.10776,0.0681671,-0.476548,-0.41161,-0.573364,-0.523203,1.05614,0.489808,0.334691,0.0218072,0.460823,-0.17879,-0.63222,0.921197,-0.201211,-0.0017283,0.877189,-0.119192,0.28693,0.266756,-0.750856,0.2156,0.613853,-0.0624768,0.952254,-0.131224,-0.00223887,0.0583238,-0.155228,0.105532,0.126045,-0.258467,-0.129008,0.0365577,-0.0159152,0.0673421,-0.0826531,0.0801421,-0.159581,0.14305,0.328965,0.0100269,-0.187572,-0.0424248,0.348508,-0.800977,0.823399,0.146601,-0.940405,0.703949,0.223314,0.698438,0.484674,0.301517,-1.3789,-0.630004,0.647035,-0.611327,0.173596,-0.716395,0.80945,-0.0765544,-0.228753,-0.907286,-1.12171,0.646501,-0.241897,-0.353802,0.377861,-0.0183663,-1.41192,-0.943337,-0.660123,1.0823,0.890891,-0.411543,0.20206,-0.699409,-0.000556857,0.681781,-0.251006,-0.754336,-0.896613,0.26442,-0.265494,0.733645,-0.302365,-0.262047,0.399571,0.951158,0.189718,-0.104712,-0.435076,-0.835259,0.00729945,0.0133215,0.0646874,0.267004,0.0756222,-0.0464015,0.133549,-0.11578,-0.111773,0.231596,0.0986539,0.0771117,0.0556544,-0.0119892,0.0375647,0.199789,-0.00954356,-0.454189,0.0494778,0.135522,17.6516,0.440695,0.560607,0.418066,0.506794,0.448478,0.50781,0.498839,0.536755,0.460216,0.486469,0.567895,0.530917,0.549283,0.474,0.552768,0.498896,0.409406,0.477735,0.548397,0.505265,0.402024,0.508861,0.505606,0.460888,0.4662,0.452985,0.457077,0.585995,0.540195,0.527498,0.501793,0.537826,0.4853,0.448192,0.575186,0.483458,0.499858,0.571645,0.490199,0.52358,0.521924,0.438561,0.517724,0.550313,0.494862,0.57768,0.498184,0.501856,0.49748,0.500207,0.498424,0.500238,0.499965,0.501122,0.498785,0.499587,0.502082,0.500944,0.501507,0.499207,0.501614,0.499966,0.497208,0.499321,0.50148,0.50016,0.496975,0.50027,0.500171,0.498805,0.498968,0.498563,0.498688,0.502647,0.501228,0.500839,0.500055,0.501155,0.499552,0.498415,0.502309,0.499496,0.499996,0.502199,0.499701,0.500719,0.500669,0.498118,0.50054,0.501539,0.499843,0.502387,0.501729,0.498233,0.502399,0.499803,0.5015,0.499773,0.500034,0.498932,0.501157,0.500393,0.498018,0.499102,0.498566,0.500755,0.498463,0.500032,0.502658,0.500646,0.498592,0.499847,0.50288,0.499743,0.499837,0.501137,0.500982,0.501368,0.501248,0.49748,0.498831,0.499201,0.499948,0.498901,0.500427,0.501508,0.497802,0.50048,0.500004,0.497907,0.500284,0.499315,0.499364,0.501791,0.499486,0.498535,0.500149,0.497728,0.581533,0.416693,0.612209,0.49062,0.570907,0.489218,0.501603,0.449337,0.554823,0.518677,0.40678,0.457363,0.432156,0.535868,0.42739,0.501524,0.623846,0.530722,0.433368,0.49273,0.633713,0.487767,0.49226,0.5539,0.546602,0.564739,0.55913,0.382326,0.444612,0.46207,0.497524,0.447865,0.52029,0.571298,0.3969,0.522831,0.500196,0.401694,0.513531,0.467466,0.469748,0.584441,0.475539,0.430747,0.507094,0.393529,7.68881,8.98529,6.98045,8.26059,7.36708,8.1103,8.21814,8.47258,7.93498,7.84373,9.48413,8.81945,8.63018,8.10787,8.89404,8.61729,7.28916,7.73451,8.61902,8.2984,7.19366,8.54353,8.29476,8.24842,7.59001,7.95519,8.0067,9.77454,8.9359,8.97482,8.25504,9.38383,8.44745,7.57547,9.12169,8.01809,8.69364,9.12553,8.42161,8.51945,8.70683,7.45367,8.45407,8.86306,8.05957,9.41069,1,3,1,3,6,11,12,18,3,4,3,4,16,7,14,12,25,7,3,2,6,6,5,6,6,1,3,2,5,3,6,13,9,10,8,1,3,2,8,7,8,2,0,1,10,6,15,7,3,7,3,9,0,0,3,1,2,2,1,16,5,7,11,3,4,5,7,6,9,2,5,6,7,8,3,9,8,6,1,1,0,3,0,1,4,0,2,4,2,3,2,20,13,20,7,18,15,18,12,4,4,12,5,7,2,4,1,3,0,4,9,3,4,10,12,11,2,11,5,5,1,4,3,1,1,2,2,3,3,7,12,7,15,9,13,6,6,6,9,18,4,7,16,14,15,12,5,3,5,5,5,10,5,4,5,2,1,2,4,8,6,9,8,13,6,13,7,7,16,10,5,15,15,9,9,12,9,8,6,6,12,9,5,8,7,7,3,4,2,6
190.399,0.812438,0.0128217,8,255,0,-121.817,8.92543,0.753324,0.14091,0.404903,0.683626,-1.07012,-0.332057,0.833357,-0.0385233,0.0198297,-0.161712,0.0777534,-0.142438,1.22457,1.02277,-0.401589,-0.118982,-0.889138,-0.0250385,1.76055,0.86771,0.633379,0.122296,-1.1336,0.310099,-0.0700805,-0.288585,-0.293595,-0.281119,-0.305439,1.02138,0.706293,0.729842,0.0822764,0.358798,0.0095667,0.41843,-2.22052,-0.208878,-0.0280299,-0.764307,-0.0279404,-0.324309,0.401675,-0.889169,0.20669,0.124475,-0.311885,0.789584,0.224524,0.0247148,-0.0332834,-0.0925272,-0.0714345,-0.125106,0.0630878,0.0616591,0.119019,-0.241378,0.0225683,0.144684,0.0824608,0.152693,-0.0789678,0.300134,0.121199,-0.225299,-0.081924,0.3706,1.15921,0.607953,0.237118,-0.520812,0.150857,0.176344,0.371259,0.3,0.249199,-1.11752,-0.974316,0.727855,-0.795728,0.473974,-0.611735,1.08531,0.11855,-0.852493,-0.15729,-1.59375,0.485058,-0.728549,0.556475,0.396478,-0.0419488,-0.531647,-0.443906,0.128797,0.564919,1.07239,-0.128273,-0.175306,-1.02179,-0.0193274,0.249357,-0.479296,-0.982093,-0.259936,0.604203,-0.813,1.18418,-0.137462,0.53896,0.278458,1.11542,0.479955,0.117346,-0.186213,1.12872,-0.11461,-0.0450811,-0.29071,-0.116912,0.133184,-0.0869634,0.163335,-0.176464,-0.09053,0.0345025,-0.136551,-0.0108177,-0.0370998,-0.304664,-0.202504,0.0562114,-0.950886,-0.284858,0.183563,0.0494978,21.3353,0.530344,0.551116,0.420388,0.475105,0.562206,0.497109,0.501488,0.487869,0.505834,0.489314,0.590863,0.576145,0.469904,0.491073,0.433678,0.498121,0.62911,0.564742,0.547382,0.509175,0.415753,0.523251,0.494742,0.47836,0.477985,0.478919,0.477098,0.576043,0.552798,0.554545,0.506173,0.526896,0.500718,0.531355,0.339291,0.484332,0.497897,0.442902,0.497904,0.475685,0.530103,0.433676,0.515504,0.509339,0.476615,0.55897,0.512266,0.520702,0.467621,0.48994,0.525229,0.498833,0.500601,0.4951,0.502356,0.495684,0.537036,0.53095,0.487834,0.496395,0.473085,0.499241,0.553143,0.526267,0.519182,0.503705,0.465706,0.509395,0.497877,0.491257,0.491105,0.491483,0.490746,0.530908,0.521387,0.5221,0.502493,0.51087,0.50029,0.512676,0.433122,0.493671,0.499151,0.476858,0.499153,0.490175,0.512168,0.473084,0.506262,0.503771,0.490551,0.523906,0.404917,0.342978,0.734498,0.578288,0.311648,0.509157,0.495286,0.538367,0.481525,0.533809,0.237864,0.274375,0.594323,0.528254,0.699616,0.505952,0.157881,0.304684,0.353824,0.47096,0.746101,0.426812,0.516653,0.568176,0.569344,0.566433,0.572103,0.274638,0.338138,0.333145,0.480451,0.415524,0.497726,0.401822,0.892012,0.549492,0.506663,0.674096,0.506642,0.57649,0.405657,0.699622,0.451023,0.470444,0.573603,0.320646,0.471197,0.451469,0.575624,0.52363,0.44093,0.502743,0.498588,0.511514,0.494463,0.510142,0.413666,0.427675,0.528568,0.508472,0.562983,0.501783,0.377187,0.438519,0.455016,0.491292,0.580035,0.477931,0.504991,0.52054,0.520896,0.520009,0.521738,0.427772,0.449871,0.448211,0.494141,0.474471,0.499319,0.470237,0.653064,0.514871,0.501996,0.554216,0.50199,0.523079,0.471426,0.562985,0.485285,0.491136,0.522196,0.444006,8.6862,9.06106,6.94348,7.74699,8.8965,8.00189,8.21133,7.87547,8.35049,7.89525,9.54476,9.32008,7.62932,8.14861,7.27867,8.26273,10.0764,8.93174,8.69134,8.31648,7.10766,8.58892,8.28767,8.26434,7.74014,8.03118,8.00623,9.74598,8.99544,9.03732,8.27541,9.21262,8.29825,8.78896,5.81088,8.14524,8.73277,7.57534,8.29099,8.02679,8.68289,7.44725,8.40308,8.31871,8.05118,9.08088,5,7,4,8,2,10,7,13,6,1,7,7,5,6,7,9,6,9,13,5,6,9,8,7,3,3,1,2,1,3,18,16,17,15,10,5,1,4,12,3,7,6,9,5,13,23,11,4,4,7,3,2,3,4,5,3,2,1,1,11,8,7,10,3,3,3,8,13,17,13,10,7,9,13,11,3,5,11,2,7,0,1,2,5,4,2,1,8,6,7,6,7,9,11,13,13,23,15,11,5,11,8,4,9,1,3,1,9,6,6,5,4,6,5,7,4,5,1,3,1,2,1,7,4,3,3,3,2,12,8,5,15,17,18,16,10,12,16,13,21,13,11,9,16,12,13,15,2,2,2,2,3,4,5,5,6,8,11,10,12,7,15,5,19,13,19,20,14,11,20,9,11,18,13,10,10,13,19,19,27,11,7,2,8,6,2,2,4,5,5
189.743,0.843258,0.0128217,8,255,0,-118.479,9.30688,0.692552,0.0966021,-0.489501,0.61144,-0.916868,0.0174056,-0.249787,0.662148,-0.19652,-1.03835,0.597634,-0.122962,0.805256,0.787029,0.151174,-0.132618,-1.26561,-1.46101,-0.257381,0.316,0.763851,-0.0206208,-1.11207,0.433522,-0.0663717,-0.702921,-0.172452,-0.702499,-1.03017,0.885755,0.684474,0.458119,-0.0796717,0.0714794,-0.260986,-0.53236,-0.383367,0.329337,0.0258462,1.54455,-0.0791643,-0.257686,0.385754,-0.809307,0.1185,-0.611881,-0.174566,-0.141676,0.18202,0.0430127,0.0987217,-0.0896536,0.0282662,-0.115244,-0.118617,0.0464135,-0.0671715,-0.0790404,-0.0738719,-0.02699,-0.0574694,-0.0156134,0.109492,0.0987804,0.273831,-0.306465,-0.0919213,0.349574,-0.625211,0.751607,0.275552,-1.16422,0.825398,0.15176,0.617777,0.190721,-0.0972607,-1.22467,-0.586034,0.496534,-1.00852,0.469751,-0.67853,0.96619,-0.310087,-0.0409693,-0.174842,-1.53795,0.39999,-0.412093,-0.502881,0.145464,0.101014,-0.777916,-0.513163,-1.00653,0.945021,1.2909,-1.06713,0.0333718,-0.732285,-0.049759,0.799664,-0.530338,-0.478275,-0.90671,0.91737,-0.534985,0.721269,-0.258609,-0.0542165,0.208446,1.55427,0.0149839,0.488466,-0.745584,-0.621034,0.154356,-0.229894,-0.0367034,0.370223,0.131382,0.173847,0.0261398,0.124615,-0.112866,0.0880625,0.378015,0.08991,0.141475,0.223537,0.0628715,0.226653,-0.444118,-0.535513,0.287149,0.0470891,19.5551,0.487914,0.515095,0.477373,0.50043,0.493832,0.516346,0.495147,0.47438,0.514754,0.496963,0.519875,0.519426,0.503733,0.496725,0.468786,0.463983,0.493644,0.507803,0.518854,0.499491,0.472565,0.510704,0.498361,0.482648,0.495741,0.482659,0.474582,0.52186,0.516897,0.511311,0.498033,0.501765,0.493555,0.486856,0.490534,0.508132,0.500638,0.538069,0.498045,0.493637,0.509525,0.480025,0.502926,0.484894,0.495689,0.496501,0.46654,0.54176,0.437561,0.501192,0.482907,0.545205,0.48655,0.429392,0.540822,0.491583,0.554904,0.553671,0.510348,0.490922,0.414216,0.401296,0.482388,0.521619,0.552102,0.498588,0.424453,0.529643,0.495456,0.452028,0.488197,0.452056,0.429941,0.560341,0.546721,0.531321,0.494546,0.504893,0.482141,0.46362,0.47378,0.52253,0.501769,0.604188,0.494581,0.482367,0.526383,0.444822,0.508112,0.45821,0.488052,0.490302,0.554136,0.432526,0.600416,0.498067,0.527705,0.427007,0.521806,0.613287,0.434032,0.513649,0.411534,0.413495,0.483222,0.51472,0.636934,0.656754,0.528546,0.464972,0.415994,0.50229,0.621023,0.452014,0.507369,0.577417,0.519138,0.577372,0.612425,0.402904,0.424583,0.44931,0.508845,0.492064,0.528945,0.558834,0.542463,0.463499,0.49713,0.334932,0.508789,0.52858,0.457274,0.588902,0.486846,0.567522,0.519372,0.515725,0.565161,0.418865,0.620341,0.49767,0.533391,0.41227,0.526286,0.635539,0.420666,0.516456,0.393834,0.396166,0.479772,0.517747,0.663236,0.686195,0.534403,0.457795,0.399139,0.502761,0.644633,0.44222,0.508885,0.59301,0.523071,0.592956,0.634523,0.383591,0.409376,0.438974,0.510665,0.490432,0.534884,0.570793,0.551145,0.456023,0.49654,0.304253,0.510597,0.534444,0.448539,0.606684,0.484141,0.581192,0.523354,0.518958,7.7811,9.022,6.96764,8.17552,7.64877,8.57999,8.14424,6.84363,8.89123,7.77828,9.50339,9.0846,8.05822,8.14553,7.05274,7.18954,8.01812,8.22654,8.68383,8.32386,7.14549,8.72365,8.32985,8.26281,7.72774,7.97107,7.63655,9.72908,8.97989,9.14895,8.26356,9.31326,8.41462,7.85401,7.76626,8.73394,8.86103,9.97447,8.60757,8.13449,8.67487,7.57124,8.46593,7.72011,8.11413,8.13628,1,1,1,0,2,10,22,14,10,4,3,2,4,7,12,9,4,6,5,8,7,4,2,5,2,5,4,6,1,2,11,14,19,14,20,0,0,2,8,9,8,8,5,4,4,12,15,8,5,7,8,5,5,5,3,2,5,0,0,15,4,9,6,4,1,4,7,6,7,6,5,3,8,4,9,7,11,16,4,0,1,1,6,3,1,5,3,3,1,1,4,16,13,11,10,23,19,32,17,2,5,21,8,13,2,3,5,10,5,8,4,8,7,6,11,4,3,1,4,3,3,4,3,2,0,0,1,3,19,4,12,23,22,13,24,18,21,13,34,8,23,1,30,15,7,22,27,3,8,13,7,8,4,1,3,3,13,7,13,7,5,6,11,36,21,23,14,39,22,34,36,35,11,32,41,17,33,19,33,10,16,14,7,14,9,8,1,2,2,4
186.775,0.986504,0.0128217,8,511,0,-111.425,9.15363,0.651891,0.078551,-0.731272,0.56552,-0.866516,0.508977,-0.610284,0.76936,-0.138931,-1.0584,0.543039,-0.0236859,0.803776,0.870179,0.259546,-0.222162,-0.827196,-1.57068,-0.500381,0.173938,0.784497,-0.0357036,-1.21413,0.343596,-0.0612487,-0.500676,-0.287019,-0.607944,-0.785186,0.954908,0.685639,0.461412,-0.319657,0.234587,-0.311614,-0.112839,-0.328027,0.481422,0.0633851,1.56793,-0.19957,-0.0635901,0.333124,-0.941723,0.0488615,-0.727372,0.0253553,-0.125568,-0.098865,-0.0212776,-0.108747,0.0033869,-0.0102965,0.0597921,0.017185,-0.00911065,-0.252758,0.0728119,-0.010067,0.0115655,-0.0022779,-0.148532,0.118987,0.323736,0.172357,-0.30683,-0.0865309,0.35752,0.0536809,0.738882,0.215803,-1.03887,0.681379,0.0554812,0.41975,0.172588,-0.083165,-1.39666,-0.409194,0.541411,-1.07772,0.477642,-0.472926,0.880519,-0.616735,-0.235888,-0.0629614,-1.67034,0.283753,-0.483618,-0.365307,0.234884,0.180632,-0.876626,-0.689482,-0.883434,0.824788,1.38909,-1.1182,-0.407767,-1.15945,-0.102006,0.588348,-0.853746,-0.540305,-0.615655,0.770942,-0.197696,0.713393,-0.354093,-0.103024,0.473237,1.44572,0.0382723,0.290545,-0.51004,-0.898436,0.134999,-0.194932,-0.120446,0.462265,0.158925,-0.0010338,0.153663,0.268053,-0.172654,0.146885,0.319911,0.229393,0.171189,0.200183,0.120986,0.124089,-0.0357231,-0.883311,0.221226,0.0743183,19.4537,0.44109,0.545642,0.430326,0.541101,0.450767,0.561947,0.488758,0.415167,0.543837,0.498083,0.564688,0.569965,0.520994,0.482027,0.433449,0.375548,0.45959,0.514074,0.563153,0.49711,0.402982,0.52778,0.495043,0.459567,0.476787,0.450955,0.436792,0.576675,0.555265,0.537275,0.474152,0.518977,0.474801,0.490868,0.473476,0.538885,0.50513,0.624243,0.483854,0.494854,0.526935,0.424367,0.503954,0.441401,0.502052,0.489839,0.468532,0.524349,0.462732,0.521917,0.473728,0.533103,0.494014,0.45452,0.523382,0.498979,0.534579,0.537425,0.511182,0.490428,0.464417,0.432731,0.478452,0.507494,0.533752,0.498462,0.447874,0.514801,0.497361,0.47844,0.487635,0.473828,0.466219,0.541054,0.529509,0.519871,0.48623,0.510107,0.486576,0.495138,0.485869,0.520732,0.502731,0.567153,0.491402,0.49726,0.51435,0.459511,0.502105,0.468699,0.501093,0.49459,0.50653,0.49495,0.507738,0.495455,0.50545,0.493129,0.501241,0.509451,0.49515,0.500212,0.492822,0.492229,0.497682,0.501984,0.507387,0.514024,0.504469,0.498447,0.492994,0.500319,0.510841,0.496931,0.500547,0.504471,0.502563,0.505429,0.507012,0.491473,0.493877,0.495879,0.502855,0.497905,0.502783,0.501008,0.502929,0.495701,0.499434,0.486001,0.501782,0.500568,0.497025,0.50841,0.499564,0.506496,0.499774,0.501121,0.656095,0.377651,0.682526,0.38946,0.631596,0.336354,0.530641,0.718068,0.38233,0.50523,0.329602,0.316774,0.442935,0.548903,0.674952,0.800177,0.608734,0.461665,0.333376,0.507884,0.745063,0.424702,0.513522,0.608796,0.563044,0.631115,0.666759,0.300802,0.353056,0.399495,0.570124,0.448381,0.568382,0.524897,0.571935,0.395262,0.486006,0.200212,0.543957,0.514039,0.426963,0.696743,0.489212,0.655317,0.494401,0.5277,7.52541,9.07178,6.98833,8.54924,7.25308,8.67895,8.23008,6.79012,8.84244,7.85934,9.46366,9.18046,8.1521,8.05155,7.51881,7.01042,7.764,8.06361,8.69459,8.33678,7.02666,8.63632,8.42398,8.199,7.58716,8.13547,7.95233,9.79202,8.98979,9.10989,8.04329,9.35751,8.3109,8.37065,7.68413,8.98487,8.64489,10.107,8.55752,8.42156,8.62549,7.5141,8.42419,7.62195,8.1105,8.15139,0,2,2,4,2,11,9,7,19,5,2,2,7,7,6,5,7,16,6,7,7,7,8,5,8,6,1,3,2,2,6,10,23,17,8,2,0,2,15,5,13,3,2,5,14,14,17,4,4,1,4,6,1,3,5,0,1,0,0,9,4,7,12,6,5,4,2,5,3,6,8,7,7,13,4,7,6,12,2,6,3,0,1,1,5,1,2,1,3,2,2,21,17,13,10,25,29,16,30,1,2,7,7,5,3,1,3,6,4,9,5,4,8,7,9,8,3,3,3,1,1,0,2,2,2,5,5,3,9,12,7,17,23,20,19,10,9,13,23,14,13,8,11,22,9,25,10,3,5,6,11,4,7,3,1,3,3,14,9,11,7,11,8,24,35,22,26,48,20,21,25,20,27,36,24,28,16,28,11,9,7,12,4,6,15,3,5,5,6,5
177.55,0.999049,0.0128217,8,255,0,-106.83,8.73602,0.540969,0.119881,-1.56131,0.620732,-0.605251,-0.272447,0.195102,-0.190393,-0.298231,-0.11355,-0.74327,-0.0349046,0.734575,0.421929,-0.455831,-0.0106511,0.0289172,-0.58504,1.00336,0.28854,0.649922,-0.0447087,-1.0383,0.316378,0.135005,-0.417808,-0.165901,-0.371689,-0.552901,0.633588,0.421014,0.276236,-0.0448602,0.161114,-0.151749,-0.148178,-1.2748,0.109799,-0.326063,0.953377,0.353139,0.376765,0.20627,-0.498179,0.00598832,-0.691158,-0.467141,-0.508149,0.148636,0.00868239,0.0850135,0.0415902,0.0380544,-0.0943386,-0.10197,0.0134743,0.260033,-0.130637,0.104067,-0.135817,0.136932,0.242452,0.135314,1.08033,0.0662764,-0.206415,-0.10404,0.366167,0.0660328,0.652589,0.211502,-0.466302,0.77808,-0.177119,0.321479,0.184737,0.0736841,-0.594762,-1.64105,0.439919,-1.01986,0.796333,-0.712598,0.692109,-0.923361,-0.667746,-0.12853,-0.926349,0.691937,-1.0243,-0.185221,0.259622,-0.0695879,-0.345072,0.082297,0.0917852,0.775633,1.02445,-0.334795,-0.273714,-1.20186,-0.285415,0.0171114,-1.15028,-0.848602,-0.363144,0.509393,-0.753258,0.939042,-0.158776,0.207377,0.542232,1.16738,0.404285,0.126583,-0.900787,-0.577804,-0.0705901,-0.0982497,0.421534,0.0932644,0.177789,0.166186,0.123345,0.0149461,0.172827,-0.0615651,0.447936,0.046898,0.218197,0.126192,0.0432902,0.11319,0.00272997,-0.549772,0.306371,0.0540032,19.6184,0.156206,0.661636,0.342118,0.426944,0.552499,0.448759,0.420143,0.469371,0.309389,0.490574,0.6886,0.612022,0.379317,0.497123,0.507809,0.347049,0.747241,0.577305,0.668659,0.487927,0.245696,0.584626,0.536398,0.389035,0.455313,0.400941,0.354958,0.664738,0.611788,0.574058,0.487886,0.543404,0.459107,0.460065,0.201459,0.52962,0.412836,0.736908,0.594236,0.600375,0.55548,0.368607,0.501617,0.321546,0.376445,0.366104,0.474153,0.510284,0.489973,0.495486,0.503233,0.496845,0.495059,0.498119,0.487687,0.499422,0.512169,0.506991,0.492448,0.499824,0.500479,0.490308,0.516619,0.504781,0.510767,0.499259,0.482803,0.505242,0.502237,0.493078,0.497251,0.493842,0.49084,0.510496,0.506975,0.504577,0.499257,0.502669,0.497486,0.497545,0.47889,0.501819,0.494598,0.515791,0.505851,0.506242,0.503418,0.491746,0.500099,0.48855,0.492261,0.491581,0.498934,0.500424,0.499587,0.499814,0.500133,0.49987,0.499796,0.499923,0.499493,0.499976,0.500501,0.500288,0.499689,0.499993,0.50002,0.499601,0.500685,0.500197,0.500444,0.499969,0.499291,0.500216,0.500092,0.499715,0.499887,0.499746,0.499623,0.500432,0.500287,0.500189,0.499969,0.50011,0.499896,0.499899,0.49913,0.500075,0.499777,0.500651,0.500241,0.500257,0.500141,0.49966,0.500004,0.499528,0.499681,0.499653,0.702319,0.415503,0.582428,0.537376,0.47321,0.526144,0.540898,0.515602,0.600759,0.504797,0.400388,0.442267,0.562325,0.501464,0.496026,0.579724,0.365489,0.460425,0.411611,0.506145,0.638954,0.456625,0.481453,0.557174,0.522786,0.550909,0.575413,0.413788,0.442392,0.462106,0.506165,0.477871,0.520845,0.520355,0.668376,0.484913,0.544695,0.371885,0.451615,0.448401,0.47168,0.568046,0.499177,0.593868,0.563855,0.569391,6.44358,8.98894,7.07814,7.86262,8.10665,7.60866,8.03476,7.70786,7.42801,7.8095,9.49522,8.92143,7.26791,8.36425,8.45698,7.80517,9.64958,8.22699,8.68746,8.36179,7.06385,8.78617,8.36738,8.17163,7.64026,8.08883,7.85774,9.75623,8.92026,8.91264,8.3616,9.32649,8.36,8.00142,6.61557,8.33482,8.57773,9.40326,9.02328,8.67852,8.64445,7.55223,8.42734,7.53489,8.01652,7.72466,5,4,1,5,6,7,16,10,8,4,2,6,3,7,12,4,3,2,4,3,4,6,4,6,3,6,3,1,0,3,9,3,14,7,12,2,2,4,16,14,18,1,7,2,5,9,9,3,3,6,7,8,3,4,2,2,6,2,9,7,17,9,8,3,2,0,8,2,10,10,7,10,7,19,17,9,10,11,3,3,4,15,14,2,20,14,15,8,3,8,5,12,10,29,15,9,18,20,14,1,7,5,7,8,1,1,2,6,5,6,3,6,5,8,8,6,0,2,2,1,3,0,3,1,1,4,3,4,12,11,6,12,11,12,29,5,21,19,13,14,18,12,18,18,13,16,11,6,5,1,3,6,6,9,9,1,7,18,16,11,9,9,12,18,28,25,30,31,24,17,22,9,19,38,21,21,36,26,24,9,12,5,9,9,2,4,4,5,3,3
187.012,0.9574,0.0128217,8,255,0,-105.107,8.93795,0.534654,0.22977,-1.09461,0.774819,-0.846631,-0.0878871,-0.470885,-0.253075,-0.0571169,-0.498376,-0.0604865,-0.145008,0.631844,0.291708,-0.37342,-0.106412,0.0359215,-0.514566,0.490505,-0.154054,0.652457,-0.116233,-0.993934,0.161315,0.0633584,-0.403567,-0.22427,-0.322412,-0.562881,0.569347,0.532011,0.391621,-0.339897,0.178355,-0.270403,-0.103905,-0.8549,0.570789,-0.359095,0.41051,-0.283274,0.314051,0.19689,-0.479914,0.00800951,-0.100524,-0.256641,-0.373031,-0.289179,0.154654,-0.0130133,-0.0139143,-0.134801,-0.141745,-0.194879,0.0494955,0.218746,-0.268457,0.109125,-0.0838985,0.0636564,-0.0546937,0.1609,0.882117,0.165209,-0.210485,-0.120784,0.370877,0.499011,0.684617,0.0735999,-0.603446,0.54609,-0.267141,0.525017,0.213937,0.286433,-0.734813,-1.24649,0.341632,-0.692839,1.14412,-0.444866,0.727709,-1.09012,-0.853643,-0.180598,-0.769064,0.368698,-1.26021,-0.173794,0.702564,0.0841086,-0.562488,-0.601119,-0.247929,0.353615,0.674426,-0.660775,-0.00835229,-0.973744,-0.179875,0.127286,-1.02773,-0.729411,-0.931492,0.105592,-0.549561,0.763564,-0.189114,0.180065,0.58373,1.04327,0.38957,-0.0860908,-0.625176,-0.724784,-0.0776994,-0.129914,0.113894,0.135156,0.0252938,-0.0283395,0.224614,0.0341468,0.113458,0.111572,0.0589032,0.0472574,0.00380445,-0.0218703,-0.244839,0.12323,-0.320116,-0.633544,0.22027,0.0426152,21.0258,0.275763,0.664515,0.321513,0.480628,0.397624,0.44442,0.487407,0.39183,0.486664,0.468065,0.635841,0.563978,0.418387,0.47655,0.507921,0.388432,0.606514,0.466079,0.640041,0.47439,0.293848,0.535515,0.513969,0.41193,0.450703,0.429374,0.378357,0.622983,0.615217,0.585515,0.425599,0.539251,0.440649,0.477102,0.319924,0.623282,0.421465,0.589553,0.437853,0.568818,0.543311,0.395718,0.501766,0.477846,0.443644,0.41847,0.454913,0.531958,0.465089,0.49637,0.480561,0.489549,0.497641,0.479428,0.497502,0.494011,0.526073,0.512046,0.484582,0.495605,0.501484,0.47876,0.520248,0.493638,0.526922,0.495199,0.45904,0.506662,0.502617,0.483338,0.490738,0.486687,0.476768,0.523498,0.521959,0.516169,0.485965,0.507366,0.488834,0.495709,0.464749,0.523557,0.485173,0.516949,0.488302,0.512968,0.508131,0.480189,0.500331,0.495848,0.489402,0.484598,0.586715,0.438308,0.567343,0.507033,0.537613,0.520242,0.504571,0.5398,0.504841,0.511603,0.449606,0.476672,0.529849,0.508515,0.497125,0.541087,0.460826,0.512326,0.447974,0.509301,0.578879,0.487093,0.49493,0.532252,0.51794,0.525779,0.544925,0.454561,0.457526,0.4687,0.527175,0.48573,0.521627,0.508315,0.567993,0.454447,0.528706,0.467195,0.522655,0.474888,0.484248,0.538332,0.499359,0.508044,0.520527,0.529818,0.666742,0.379686,0.63097,0.513917,0.574033,0.539998,0.509046,0.578287,0.509579,0.522951,0.40124,0.453929,0.55887,0.516848,0.494311,0.580786,0.42293,0.524381,0.398107,0.518401,0.652422,0.474472,0.489966,0.563573,0.535462,0.550889,0.58822,0.410788,0.416526,0.438289,0.553628,0.471781,0.542724,0.516451,0.632189,0.410567,0.556632,0.435345,0.544747,0.450422,0.468856,0.575431,0.498731,0.515916,0.540559,0.558809,7.0348,9.03319,6.93001,8.32408,7.37545,7.63602,8.35326,7.34266,8.262,7.76568,9.37901,8.6848,7.49189,8.20684,8.46503,8.00654,8.92247,7.75483,8.72029,8.28226,7.15212,8.52841,8.18408,8.17139,7.67057,8.14094,7.85383,9.74975,8.97194,9.09276,8.01403,9.29357,8.29843,7.98316,7.41008,8.7914,8.607,8.60028,8.18782,8.48487,8.57111,7.53279,8.4315,8.30113,8.09889,7.88717,3,6,2,1,4,14,16,17,11,3,2,3,10,10,10,5,2,7,7,2,4,8,9,10,8,2,5,4,1,2,10,8,17,12,9,1,1,5,19,19,13,7,8,4,11,22,8,3,5,3,2,5,4,0,4,8,5,4,2,7,7,13,13,0,5,1,2,10,5,3,5,7,7,19,23,12,6,9,1,3,2,4,5,7,3,3,5,3,5,5,6,17,9,11,7,5,14,21,15,4,3,10,5,8,1,3,0,8,5,11,3,13,4,4,4,3,4,2,1,1,5,0,7,3,1,2,2,2,9,7,12,11,15,19,16,13,11,12,20,12,13,24,25,12,28,27,16,4,3,9,6,2,6,5,6,9,12,8,6,7,9,7,9,15,19,36,22,23,20,16,18,24,15,15,16,18,17,12,22,10,13,14,13,3,4,9,2,6,5,3
182.732,0.997146,0.0128217,8,255,0,-115.083,8.87514,0.412613,0.29519,-0.998808,0.712451,-0.612248,-0.144378,-0.0539528,-0.0191551,-0.361057,-1.06015,0.294384,-0.0406558,0.622129,0.512567,-0.295912,-0.182632,0.0186308,0.0676738,0.0722274,0.12239,0.55647,-0.125461,-1.10076,-0.0510064,0.127632,-0.128402,-0.117306,-0.393065,-0.500136,0.341103,0.292303,0.276398,-0.0685803,-0.151549,-0.000465509,-0.147653,-0.51062,0.358375,-0.198663,0.41374,-0.743495,0.248429,0.0192414,-0.24634,-0.0686259,-0.0596201,-0.404119,0.26994,0.207492,-0.0598978,-0.0765615,0.0344074,0.0615057,-0.403914,-0.0526116,0.171706,0.151256,-0.322172,-0.00960418,-0.251851,0.459717,-0.0763986,0.224223,1.36033,0.25317,-0.118806,-0.188067,0.367226,0.302872,0.768533,0.0591276,-0.395398,0.36017,-0.373637,0.319375,0.340823,-0.162968,-0.489913,-0.591637,0.784886,-0.46527,0.756117,0.135406,0.663427,-0.395639,-0.513432,-0.320932,-0.783959,0.721847,-0.625786,-0.262716,0.475067,-0.0486747,-0.239227,-0.652426,-0.99248,0.74152,0.776285,-0.73117,-0.0435658,-0.880456,-0.178772,0.82098,-0.664916,-1.0676,-0.862129,0.38334,-0.333883,1.02164,0.443433,0.409992,0.451732,0.937667,0.256105,0.350843,-0.66686,-0.13154,-0.015606,-0.119054,0.0384976,-0.0338451,-0.0717472,0.142986,0.0003391,-0.170373,0.00764585,0.0121701,0.0612122,0.0936641,-0.273997,0.068856,0.0678581,0.0818392,-0.0392195,-0.505854,0.197107,0.104991,15.3759,0.20445,0.724954,0.30304,0.451057,0.48166,0.493486,0.379621,0.191211,0.598798,0.486177,0.699791,0.66758,0.400702,0.438207,0.506336,0.522999,0.524544,0.541527,0.680699,0.457436,0.182813,0.482661,0.543297,0.456443,0.46019,0.369422,0.336183,0.613966,0.598118,0.592906,0.476694,0.448643,0.499842,0.449954,0.333007,0.61952,0.432846,0.637106,0.266706,0.583692,0.506543,0.416999,0.476678,0.479735,0.365925,0.590784,0.437118,0.544971,0.461327,0.490863,0.496585,0.498788,0.477164,0.4333,0.518624,0.497427,0.539295,0.532396,0.48128,0.488443,0.501179,0.504283,0.504571,0.507746,0.535162,0.49206,0.430777,0.496772,0.508077,0.491874,0.492576,0.475142,0.468387,0.521576,0.518492,0.517487,0.495659,0.490409,0.499971,0.490656,0.467726,0.522667,0.487429,0.526163,0.453081,0.515719,0.501218,0.484414,0.495657,0.496227,0.474445,0.517079,0.509792,0.493015,0.506003,0.501416,0.500529,0.500188,0.50354,0.510393,0.497114,0.500399,0.4939,0.494975,0.502901,0.501791,0.499817,0.499336,0.499292,0.4988,0.494544,0.50123,0.510791,0.5005,0.498749,0.501259,0.50115,0.503854,0.504904,0.496656,0.497134,0.49729,0.500672,0.501486,0.500005,0.501448,0.505006,0.496486,0.501948,0.495943,0.507289,0.497564,0.499811,0.502415,0.500673,0.500585,0.503962,0.497353,0.623693,0.410864,0.576814,0.51825,0.506823,0.502422,0.545534,0.630947,0.46284,0.505141,0.421966,0.43554,0.537352,0.52308,0.497644,0.491443,0.490867,0.484527,0.430088,0.515861,0.635717,0.50645,0.483865,0.516232,0.514831,0.549545,0.562914,0.45697,0.463102,0.465103,0.508672,0.519156,0.500059,0.518664,0.564218,0.454802,0.525103,0.447867,0.592932,0.468624,0.497567,0.531113,0.508678,0.507539,0.550929,0.465915,7.22618,8.99068,6.96982,8.24013,7.78002,7.83147,7.98542,6.3627,9.07646,7.79968,9.48355,9.39169,7.42406,8.37334,8.54356,8.67974,8.74973,8.04063,8.67097,8.33064,7.0932,8.56755,8.1494,8.19153,7.68645,8.06021,7.90621,9.6941,9.07342,8.9869,8.41463,9.26696,8.579,7.74273,7.70744,8.48753,8.68574,8.5677,7.56446,8.32709,8.67141,7.59763,8.41456,8.42787,8.06149,9.04072,3,4,4,3,4,7,7,10,9,6,3,7,8,3,9,4,4,5,9,5,8,4,7,3,9,2,5,1,2,6,7,12,12,26,17,6,4,4,10,7,5,12,9,8,12,17,10,0,6,2,4,3,3,2,4,2,1,5,0,16,16,25,12,5,5,9,5,6,7,10,4,6,8,2,14,15,5,7,1,4,7,4,3,5,1,8,3,3,2,2,1,15,10,12,10,13,42,25,23,0,4,7,2,2,2,2,6,7,5,3,5,4,10,5,20,13,6,1,5,3,0,1,4,2,4,1,3,2,12,17,7,19,10,5,18,11,17,18,16,11,21,8,15,13,13,16,27,6,6,1,5,13,6,5,12,7,14,9,7,8,10,7,5,21,11,14,20,5,20,12,19,15,9,8,14,9,16,9,13,16,10,4,2,7,6,6,4,3,6,3
172.786,0.995422,0.0128217,8,255,0,-103.464,9.04865,0.358531,0.279961,-0.686317,0.759777,-0.60489,-0.136028,-0.0191522,0.228083,-0.0576202,-0.944829,0.148451,-0.0776163,0.746673,0.359579,-0.451129,-0.237959,0.317585,-0.136486,0.191563,-0.573158,0.609859,-0.143067,-0.894394,0.0121433,0.340488,-0.236934,-0.0955142,-0.23945,-0.466351,0.308165,0.284133,0.426454,-0.286039,-0.239819,-0.188931,0.265315,0.109522,0.503706,-0.411056,-0.269361,-0.853123,0.101865,0.136474,-0.305858,-0.0655337,-0.531773,-0.348642,0.379502,0.215882,-0.0632793,-0.0016564,0.041744,0.0873198,-0.514454,-0.0785655,0.202494,0.434812,-0.417462,0.0677709,-0.136458,0.354902,-0.0898906,0.251922,1.22136,0.250198,-0.178723,-0.193922,0.371947,1.05235,0.709381,0.342336,-0.00248753,0.481339,0.00467809,0.166081,0.550278,0.194791,-0.269601,-0.878043,0.754514,-0.742386,0.676739,0.130367,0.647528,0.0422356,-0.585225,-0.689874,-0.57147,0.682306,-0.485664,-0.284823,0.171575,0.055997,-0.645168,-0.705185,-0.699367,0.551549,1.19565,-0.457846,0.16318,-0.549706,0.0783199,0.725898,-0.926655,-0.819477,-0.952335,0.764055,-0.186674,0.918222,0.235991,0.145819,0.481683,0.934306,0.305215,0.875529,-0.856586,-0.428054,0.344794,-0.235765,0.127418,-0.165159,-0.239784,0.144925,0.188094,-0.0740909,0.0769031,-0.255558,0.129941,-0.0519658,-0.00341235,0.0151199,0.00225924,0.0506029,-0.285631,-0.523021,0.229458,0.0336867,16.5759,0.301906,0.716661,0.323269,0.45856,0.494152,0.569196,0.482414,0.239764,0.545204,0.476318,0.7134,0.608063,0.365635,0.427849,0.595774,0.458422,0.558227,0.331805,0.678057,0.456427,0.251171,0.503708,0.602492,0.428155,0.470869,0.427403,0.361333,0.593,0.585897,0.627347,0.413539,0.427293,0.442567,0.58031,0.533392,0.649127,0.37706,0.418487,0.26077,0.531064,0.541575,0.40768,0.480001,0.343105,0.395125,0.613846,0.457176,0.547381,0.462237,0.491492,0.498802,0.514263,0.496396,0.441175,0.509284,0.495145,0.546569,0.522476,0.471812,0.48512,0.519854,0.491464,0.51198,0.464211,0.538072,0.491052,0.444288,0.50076,0.521284,0.485184,0.494026,0.485027,0.470863,0.519266,0.517765,0.526649,0.482116,0.485004,0.488185,0.516589,0.50685,0.531465,0.474311,0.483158,0.446839,0.506371,0.508536,0.480878,0.495901,0.466787,0.478206,0.52372,0.548852,0.445958,0.543087,0.509712,0.501368,0.483719,0.504114,0.567062,0.489401,0.505542,0.446883,0.474346,0.53217,0.516986,0.477337,0.509745,0.486324,0.540837,0.456561,0.510215,0.563522,0.499133,0.475706,0.516912,0.50682,0.517092,0.533252,0.478009,0.479722,0.469585,0.520414,0.517118,0.513488,0.481064,0.49218,0.464093,0.529319,0.519225,0.56062,0.492727,0.490256,0.521827,0.504679,0.5379,0.524875,0.472927,0.588788,0.401942,0.578439,0.517779,0.502504,0.470212,0.507534,0.621087,0.480599,0.510147,0.403591,0.453121,0.558715,0.531074,0.458569,0.517839,0.474973,0.574387,0.420927,0.518698,0.61486,0.498412,0.455597,0.530941,0.512486,0.531268,0.560677,0.459793,0.462916,0.444469,0.537331,0.531317,0.524684,0.465364,0.485683,0.434516,0.553542,0.535162,0.609736,0.486684,0.482163,0.539908,0.508568,0.569087,0.545461,0.45054,7.55947,8.98518,7.01874,8.14469,7.82234,8.1651,8.4017,6.57154,8.70443,7.74118,9.62575,8.99564,7.22664,8.16865,8.92123,8.41739,8.76413,7.06139,8.68579,8.28318,7.28621,8.51531,8.41992,8.18923,7.71634,8.20576,7.89462,9.70254,8.89194,9.19545,8.08559,9.24322,8.34476,8.31647,8.48548,8.64264,8.73145,7.57579,7.37901,8.09032,8.68784,7.52552,8.39071,7.74999,8.06868,9.02293,8,6,7,2,7,5,10,12,12,3,2,6,4,3,3,3,7,7,11,12,5,10,4,8,12,2,0,1,1,1,31,8,17,11,10,3,2,0,12,10,14,7,11,9,10,7,5,6,7,5,8,5,4,1,2,3,7,5,5,7,9,11,8,3,2,5,6,5,4,3,0,3,7,10,8,14,5,5,1,2,2,1,2,7,4,5,1,2,2,1,8,9,9,11,3,13,7,15,21,3,5,7,5,7,4,2,3,3,7,6,8,8,8,9,13,7,5,1,3,1,1,2,0,2,2,1,3,3,16,10,14,15,18,9,16,17,21,15,15,11,12,20,8,9,14,13,16,7,7,5,5,8,10,8,9,17,5,10,10,12,16,12,10,16,4,11,14,15,17,8,13,18,9,26,10,18,13,10,17,8,2,5,8,12,22,12,2,5,2,3
170.713,0.756211,0.0128217,8,255,0,-91.1427,9.66071,0.629184,0.23339,-0.751284,0.900302,-0.74817,0.0498715,0.125664,0.584504,-0.198436,-0.255225,0.614229,-0.0342095,0.830011,0.380785,0.121411,-0.168206,-0.199853,0.2212,-0.782008,0.129107,0.602772,-0.228989,-0.996627,0.181896,0.382557,-0.305517,-0.211548,-0.853866,-0.961313,0.118702,0.42392,0.510337,-0.240329,-0.531671,-0.131187,0.220423,-0.400823,-0.566361,-0.240093,0.475737,-0.807502,0.655969,0.133153,-0.324236,-0.157859,0.285455,-0.350715,0.100876,-0.0814371,0.108929,-0.243204,-0.0214939,0.156906,0.455427,-0.320784,0.265288,-0.222154,-0.341088,0.0195768,-0.0271614,0.197824,-0.233374,-0.0567387,0.965914,0.460887,-0.301392,-0.229677,0.341372,1.11757,0.513881,0.178515,-1.0502,0.20098,0.0479247,0.56887,-0.0757536,-0.18494,-0.772868,-0.49996,0.606992,-1.40096,0.0254711,-0.306657,1.04246,0.221316,-0.104977,-0.977345,-0.879219,0.82912,-0.0234276,0.601136,0.454401,0.0867217,-0.826354,-0.444738,-0.2998,1.33302,1.23376,-0.327822,0.337181,-0.304992,-0.157436,0.0586553,-0.30872,-1.41948,-0.499811,0.271267,-0.759952,0.751988,0.116263,-0.24683,0.331578,0.782357,0.772194,-0.0317412,-0.703363,0.343442,-0.44843,0.0829888,0.0912007,0.157839,0.192103,-0.0942132,0.46874,-0.239245,-0.0113337,-0.113179,-0.100591,0.188908,0.0198779,0.223472,0.445721,0.0544304,-0.557626,-0.752001,0.0730817,0.0671492,17.7577,0.326144,0.704665,0.326806,0.512041,0.530308,0.637512,0.452228,0.438679,0.64412,0.49174,0.690342,0.590929,0.529285,0.459471,0.451889,0.553213,0.319656,0.531136,0.641579,0.444928,0.276347,0.543811,0.591342,0.426755,0.449093,0.304754,0.28322,0.528633,0.600961,0.620799,0.442225,0.374362,0.468363,0.553027,0.404401,0.366548,0.442281,0.612901,0.314325,0.653308,0.532109,0.422338,0.461954,0.568498,0.416111,0.52434,0.41429,0.602271,0.414639,0.505746,0.514475,0.566943,0.477152,0.470626,0.570304,0.496058,0.594486,0.543763,0.513986,0.480629,0.476989,0.525465,0.410858,0.514872,0.569009,0.47364,0.387144,0.520946,0.543965,0.464856,0.475644,0.402866,0.391013,0.513674,0.54869,0.558532,0.472337,0.439045,0.484889,0.525376,0.453947,0.435111,0.472364,0.554597,0.408017,0.575011,0.515337,0.46271,0.481819,0.532843,0.459678,0.511621,0.603228,0.377063,0.602813,0.493048,0.482489,0.41923,0.527635,0.53552,0.4152,0.504769,0.386313,0.447115,0.483081,0.523432,0.527832,0.469202,0.607322,0.482009,0.416752,0.531879,0.635467,0.474664,0.44687,0.542488,0.529457,0.616835,0.630894,0.483458,0.441177,0.429332,0.533453,0.57358,0.51828,0.46931,0.555646,0.578305,0.533421,0.434065,0.610707,0.40956,0.481446,0.545078,0.521992,0.460289,0.548737,0.485941,0.637601,0.336925,0.63706,0.490625,0.476393,0.391849,0.537237,0.547836,0.386535,0.506431,0.348834,0.428897,0.477191,0.531581,0.537502,0.45851,0.642922,0.475747,0.38858,0.542944,0.679062,0.465857,0.428571,0.557186,0.539687,0.65523,0.673247,0.477699,0.420971,0.405217,0.545059,0.598644,0.524643,0.458655,0.574789,0.604895,0.545015,0.411503,0.647311,0.379119,0.474988,0.560656,0.529643,0.446539,0.565555,0.481044,7.51729,9.05926,6.97432,8.61207,8.09073,8.6773,8.33469,7.60113,9.26184,7.88512,9.58296,8.96479,8.08527,8.25972,8.33287,8.80989,7.47871,8.09516,8.70045,8.29547,7.21133,8.70987,8.40518,8.23533,7.65718,7.82897,7.69526,9.73378,9.01988,9.17955,8.28091,9.44217,8.35684,8.19747,8.03353,7.18896,8.69076,8.52409,7.88695,8.75276,8.64724,7.4977,8.38681,8.95655,8.0757,8.60574,1,2,1,0,2,9,7,8,14,2,4,3,11,9,9,11,9,2,2,9,5,11,11,4,7,1,4,1,4,5,12,4,14,13,8,1,3,0,9,7,5,3,5,5,10,6,17,11,3,7,2,2,4,1,6,1,2,5,3,16,12,2,17,8,2,6,3,7,10,10,11,5,5,13,2,9,5,7,2,9,2,6,2,3,2,7,3,2,5,3,0,8,9,7,10,13,16,8,10,2,6,8,11,9,3,2,6,3,5,4,4,9,4,5,11,3,2,5,3,3,2,2,3,7,3,2,3,4,2,8,3,20,27,12,20,9,13,18,14,24,15,11,22,11,17,14,15,4,2,4,5,2,1,4,7,3,4,5,3,10,14,11,8,20,7,11,1,10,10,12,7,11,14,8,10,16,5,18,10,10,8,8,9,8,9,11,8,4,0,2
193.69,0.794517,0.0128217,8,255,0,-104.355,9.58212,0.497868,0.205017,-0.787213,1.11024,-0.675182,-0.129375,0.903387,0.0529929,-0.36029,0.25303,0.19242,0.00666834,0.842243,0.507235,0.362934,-0.227608,-0.052013,0.3851,-0.436207,-0.119244,0.677461,-0.155056,-1.17147,0.174128,0.436846,-0.243205,-0.0938888,-0.701743,-0.876869,0.337953,0.335641,0.436416,-0.318214,-0.349038,-0.0440106,0.399756,-0.355604,-0.379718,-0.137699,0.0943804,-0.00269347,0.336195,0.141646,-0.0539124,-0.0769095,0.0632612,-0.291006,0.214136,-0.307745,-0.0842049,-0.216792,0.116312,-0.0514647,0.264902,-0.371797,0.331866,-0.138474,-0.170986,-0.159518,0.0224429,0.386249,-0.182524,0.071511,1.09939,0.242367,-0.272148,-0.251661,0.34765,1.36857,0.571362,0.228906,-1.13747,0.33129,0.0222201,0.60117,0.262815,-0.145061,-0.54627,-0.655486,0.796507,-1.10123,0.241871,-0.391878,0.778206,0.15862,-0.684967,-0.55193,-1.14795,0.606846,-0.0542842,0.46008,0.00335225,0.177665,-0.736526,-0.507961,-0.127022,0.889378,1.25002,0.0150329,0.418243,-0.607265,0.188379,0.0681625,-0.354124,-1.82799,-0.996475,0.162062,-0.623206,0.636284,0.269566,0.109059,0.319712,0.647904,0.53438,-0.173188,-0.577827,0.77,-0.295265,-0.183668,0.0434156,-0.0497299,0.224718,-0.0392206,0.297298,-0.314573,-0.0666599,-0.286392,0.193846,0.233646,0.0644566,-0.0791701,0.209241,0.0105526,-0.444158,-0.355138,0.0710556,0.0666833,15.4734,0.296202,0.772166,0.322504,0.464502,0.729714,0.514561,0.40225,0.569099,0.55269,0.501833,0.716253,0.635908,0.598449,0.437767,0.485708,0.60429,0.382356,0.467273,0.678043,0.457486,0.216208,0.547713,0.61781,0.433551,0.474218,0.316157,0.276074,0.591831,0.591217,0.617698,0.413421,0.405228,0.487906,0.608137,0.40349,0.397125,0.462226,0.525917,0.49926,0.591364,0.538852,0.485187,0.478874,0.51738,0.420693,0.558584,0.452446,0.566868,0.459181,0.492162,0.55452,0.503211,0.478183,0.515327,0.511657,0.500404,0.550857,0.530696,0.521977,0.486212,0.496848,0.523317,0.473594,0.492775,0.540957,0.490606,0.429491,0.510549,0.526445,0.485268,0.494311,0.457582,0.447068,0.520466,0.520326,0.526419,0.480728,0.478864,0.497333,0.524203,0.478467,0.477008,0.491657,0.505718,0.499837,0.520359,0.508582,0.496733,0.49534,0.503833,0.482375,0.512972,0.586532,0.379158,0.574415,0.514362,0.401013,0.494116,0.539921,0.471933,0.478647,0.49926,0.407553,0.443914,0.459787,0.525252,0.505775,0.457343,0.548285,0.513238,0.425338,0.517211,0.627222,0.480675,0.451645,0.526979,0.510424,0.577296,0.596155,0.462544,0.462799,0.451692,0.535276,0.53868,0.504887,0.455728,0.539404,0.542064,0.515285,0.489522,0.500299,0.462738,0.484277,0.505986,0.508539,0.492976,0.532268,0.47624,0.569441,0.402685,0.55966,0.511484,0.420474,0.495295,0.531945,0.47755,0.482923,0.499408,0.425774,0.455087,0.467822,0.520197,0.504618,0.465862,0.538651,0.510585,0.44014,0.513763,0.602534,0.484545,0.461292,0.521579,0.508335,0.561983,0.577229,0.470031,0.470236,0.46133,0.528222,0.53095,0.503907,0.464567,0.53153,0.533662,0.512223,0.491621,0.500239,0.470187,0.487427,0.504786,0.506828,0.494384,0.525814,0.480997,7.41866,9.00068,6.93187,8.06695,8.98123,7.88186,8.07509,8.14479,8.69462,7.82086,9.5174,9.10554,8.28858,8.14209,8.47965,8.93049,7.86951,7.65511,8.69521,8.34406,6.94089,8.67059,8.14779,8.07243,7.68847,8.03128,7.80954,9.73125,8.8823,8.9973,8.13007,9.33332,8.36713,8.09952,7.77033,7.07662,8.71101,7.69927,8.94187,8.01659,8.62789,7.50402,8.44687,8.63143,8.08721,8.72314,0,0,3,5,2,14,11,4,15,6,5,6,2,5,6,10,8,6,10,9,8,5,3,4,6,4,2,1,3,7,21,19,11,9,24,0,3,4,9,9,11,4,8,6,4,13,11,5,4,5,4,4,2,2,4,1,0,1,1,6,11,8,13,8,8,13,8,4,9,6,8,8,4,9,10,9,6,1,2,2,5,5,4,4,2,3,2,8,10,3,2,12,8,14,9,7,8,14,24,9,9,4,6,3,3,2,1,1,2,5,9,9,12,3,5,13,5,5,6,2,0,0,3,2,1,2,2,4,2,3,5,10,9,8,14,15,13,11,15,9,10,3,15,14,16,10,13,2,3,1,1,4,2,8,2,5,11,6,6,7,5,9,5,11,14,7,4,6,16,5,4,6,10,8,11,15,11,9,9,8,12,7,6,3,7,6,1,2,2,3
185.416,0.999677,0.0128217,9,511,0,-121.073,9.74602,0.467368,0.162365,0.08731,1.18701,-0.830925,0.357886,1.29283,0.351493,-0.162629,-0.627141,-0.150834,-0.0666911,1.05162,0.650315,0.05535,-0.199022,-0.241437,0.175268,0.0590433,-0.193762,0.801127,-0.124749,-1.06578,0.0899951,0.559277,-0.118565,-0.26186,-0.504302,-0.827001,0.518275,0.540768,0.682654,-0.113095,-0.0352637,-0.0632444,0.483927,0.0889328,-0.38472,-0.172187,0.240553,0.101878,0.548622,0.305409,-0.244415,-0.0477323,-0.353404,-0.519934,-0.466455,0.0763406,-0.232068,-0.183436,0.0917682,-0.245386,0.251318,-0.16776,-0.112746,-0.0435119,-0.313633,-0.163806,0.145848,0.295155,0.149926,0.0961854,0.550856,-0.172999,-0.26546,-0.208751,0.353585,1.42698,0.571386,0.284209,-0.884783,-0.17286,0.191155,0.931531,0.028929,-0.0084277,-0.476646,-0.764802,0.73267,-0.706936,0.237587,-0.343267,0.728267,0.366818,0.0231278,-0.687073,-0.497345,0.692576,-0.728365,0.365025,0.430939,0.0846434,-0.872032,-0.206452,-0.198633,0.579649,1.32557,0.146314,0.479751,-1.10133,0.134047,0.0784907,-0.307704,-1.82709,-0.582087,0.0434537,-1.23777,0.510194,-0.436153,-0.0592879,0.606361,0.464313,0.853105,0.454099,-0.123913,-0.19896,0.0419923,-0.0898169,-0.724518,-0.19974,0.226568,-0.14436,0.403709,-0.0605021,-0.0896953,0.0931285,0.0834623,0.292924,-0.272894,-0.115494,0.31522,0.0069769,-0.48351,-0.281958,-0.00483872,0.0811912,14.766,0.512021,0.657883,0.387527,0.549127,0.670878,0.548255,0.477619,0.414483,0.47924,0.490817,0.640905,0.588612,0.507622,0.472619,0.4668,0.524118,0.50813,0.473342,0.60857,0.482827,0.357303,0.512391,0.576417,0.483678,0.464001,0.430994,0.38804,0.570893,0.573926,0.592919,0.48443,0.495144,0.491291,0.566252,0.512245,0.447216,0.476305,0.533079,0.514026,0.574983,0.54196,0.466391,0.493427,0.451484,0.428883,0.436114,0.496224,0.448842,0.535876,0.484526,0.444318,0.484803,0.507033,0.527097,0.506523,0.502884,0.454643,0.471904,0.497606,0.508607,0.510441,0.49242,0.497446,0.508379,0.465407,0.505395,0.545964,0.496108,0.47583,0.505128,0.511323,0.521797,0.535707,0.4776,0.476629,0.47051,0.504891,0.501525,0.502735,0.479082,0.496154,0.516633,0.507446,0.489598,0.495594,0.47629,0.486794,0.510569,0.502064,0.51528,0.522472,0.520163,0.489448,0.36033,0.599111,0.456847,0.348624,0.457614,0.519648,0.575232,0.518224,0.508061,0.375552,0.422033,0.49331,0.524039,0.529151,0.478827,0.492863,0.523404,0.404355,0.515075,0.626051,0.489123,0.432805,0.514328,0.531611,0.560658,0.598655,0.437678,0.435003,0.418224,0.513667,0.504262,0.507644,0.44177,0.489252,0.54637,0.520801,0.470955,0.487688,0.43407,0.46315,0.52951,0.50577,0.542615,0.562519,0.556146,0.493846,0.4171,0.558305,0.474794,0.409865,0.475244,0.511462,0.544092,0.510631,0.504701,0.42641,0.454288,0.496098,0.514025,0.517012,0.487648,0.495838,0.513655,0.443768,0.508793,0.574566,0.493657,0.460658,0.508357,0.51845,0.535488,0.558032,0.463532,0.461955,0.452028,0.507971,0.502486,0.504458,0.465941,0.493731,0.527092,0.512135,0.48305,0.492819,0.461405,0.478485,0.517222,0.503365,0.524891,0.536584,0.532833,8.43412,9.11124,7.01128,8.35923,9.30695,8.29107,8.26443,7.23143,8.17613,7.83812,9.54897,9.04352,7.97033,8.12394,8.17907,8.60175,8.40349,7.70047,8.77728,8.30546,7.1872,8.43702,8.43396,8.25734,7.62672,8.07286,7.72409,9.60609,8.92506,9.15082,8.31808,9.28615,8.34337,8.35245,8.06795,7.41173,8.66324,8.08898,8.72931,8.42243,8.67034,7.56365,8.38889,8.05783,8.07885,7.83439,1,0,3,1,3,5,4,6,2,9,3,6,14,19,9,8,11,10,11,5,6,5,11,11,11,1,1,1,5,2,13,6,8,11,7,2,6,1,12,5,5,2,3,1,17,12,13,4,8,4,4,7,2,1,1,3,2,2,3,13,11,16,10,3,3,4,8,1,5,4,6,7,2,7,7,5,5,7,4,2,7,2,1,2,0,1,2,11,1,7,3,10,4,5,11,7,15,7,15,9,3,11,13,4,1,2,5,2,1,4,4,4,7,9,8,10,3,2,3,1,0,1,1,5,3,1,5,3,4,4,4,14,7,11,2,6,14,11,6,10,6,15,14,9,20,18,11,0,1,3,0,2,0,3,1,6,3,6,2,7,10,16,17,3,3,3,4,5,2,10,6,3,5,4,2,7,7,3,3,6,6,4,4,8,3,8,2,3,3,6
189.317,0.931582,0.0128217,9,1023,0,-114.521,8.16606,0.444173,0.179778,-0.301098,0.799094,-0.715241,-0.144416,-1.12354,-0.322797,0.286099,0.275787,0.0373803,-0.0669163,0.953571,0.991658,0.0180426,0.0465586,0.233574,-0.158521,0.00966746,0.333331,0.783362,0.30604,-0.945771,0.107284,0.0347287,-0.389441,-0.109589,0.0098245,-0.284369,1.1765,0.730395,0.470046,0.281208,0.693578,-0.142479,-0.245565,-0.318094,0.263168,0.22401,-0.0632575,-0.230532,0.0772095,0.378858,-0.640651,0.467876,-0.0183898,0.279813,0.452213,-0.0247195,0.114274,0.0944303,-0.230847,0.239551,-0.040746,-0.127941,0.0765425,0.0837457,-0.186207,0.405603,-0.191735,-0.00988285,-0.247886,0.267923,0.362209,0.0543861,-0.110639,0.00791705,0.361868,-0.669011,0.750005,0.164737,-0.406575,0.549813,-0.114382,0.656364,0.540651,0.191706,-1.78762,-1.06967,0.824859,-1.04747,0.912781,-0.41533,0.761499,0.125835,-0.938545,-0.143616,-1.29878,0.585993,-1.21645,0.0994598,0.777959,0.435575,-0.8881,-1.39918,-0.150147,0.543694,1.27092,-0.128838,-0.0596743,-0.808823,-0.110272,1.21833,-0.67109,-0.0038007,-0.769207,0.304842,-0.332129,0.900078,-0.209344,0.317667,0.741186,0.938852,0.475092,-0.40949,-0.483002,0.0515432,-0.0278708,-0.00869256,0.317759,0.139703,0.00539022,0.167847,-0.010163,-0.256479,-0.223465,0.160372,-0.0114743,-0.0725374,-0.216571,-0.0601029,0.0346206,0.144589,-0.303358,-0.534502,0.233817,0.183878,25.602,0.472762,0.571859,0.435593,0.486926,0.399642,0.470803,0.525884,0.524952,0.503385,0.493941,0.5855,0.588844,0.501634,0.504216,0.521138,0.48565,0.500875,0.530147,0.570463,0.527684,0.415186,0.509714,0.503145,0.464794,0.490078,0.50089,0.474273,0.604951,0.565756,0.542461,0.525442,0.562477,0.487101,0.477778,0.471228,0.523812,0.520273,0.494272,0.479137,0.506991,0.534253,0.442247,0.542266,0.498335,0.525316,0.540858,0.495906,0.510863,0.490276,0.498036,0.484729,0.495611,0.50389,0.50375,0.500508,0.49909,0.512962,0.51348,0.500245,0.500633,0.503176,0.497845,0.500131,0.504532,0.510649,0.504161,0.487144,0.501459,0.500472,0.494705,0.49851,0.500134,0.496134,0.515991,0.50993,0.506391,0.503823,0.509429,0.498063,0.496661,0.495675,0.503578,0.503046,0.49914,0.496866,0.50105,0.505151,0.49129,0.506361,0.49975,0.503804,0.506148,0.522819,0.439692,0.554032,0.510951,0.584393,0.524461,0.478316,0.479097,0.497165,0.505075,0.428182,0.425355,0.498632,0.496469,0.482293,0.51202,0.499267,0.474742,0.440868,0.476807,0.571239,0.491864,0.497366,0.529501,0.50831,0.499255,0.521553,0.41171,0.444833,0.464412,0.478686,0.447593,0.510804,0.518615,0.524105,0.480052,0.483018,0.504797,0.517476,0.494145,0.471299,0.548434,0.464576,0.501395,0.478792,0.465758,0.540148,0.394815,0.594427,0.519288,0.645779,0.543027,0.461844,0.463214,0.495005,0.508941,0.375267,0.370507,0.497589,0.493779,0.468829,0.52117,0.498708,0.455576,0.396826,0.459196,0.623755,0.485668,0.495359,0.551852,0.51464,0.498687,0.537926,0.347773,0.403622,0.437518,0.462494,0.408367,0.51903,0.532767,0.542403,0.464892,0.470102,0.508452,0.530766,0.489684,0.449547,0.584781,0.437804,0.502457,0.462679,0.439865,7.91978,9.06719,7.13957,8.01273,6.71795,7.54506,8.27,8.1637,8.2696,7.80951,9.55615,9.25554,7.89732,8.27909,8.21572,8.40707,8.24096,8.22317,8.68813,8.29061,7.25378,8.34185,8.27738,8.11176,7.76541,8.05525,7.7512,9.84786,8.98572,9.05668,8.26495,9.26783,8.42365,7.98769,7.83324,8.51347,8.64463,8.1761,7.80684,8.32128,8.62251,7.57944,8.45785,7.95531,8.12033,8.69832,3,2,1,2,3,10,8,8,11,4,4,5,10,14,18,14,9,9,2,8,5,3,7,5,7,0,0,1,0,3,19,19,13,17,18,2,3,1,14,9,20,5,3,5,13,10,11,9,6,8,2,1,7,5,4,2,2,1,0,10,10,12,8,2,3,1,11,6,5,6,4,10,18,13,6,6,8,7,2,2,3,1,1,5,2,2,3,4,2,6,2,10,15,7,18,19,20,21,23,7,5,6,3,4,1,3,2,3,6,9,6,1,5,9,19,26,1,3,2,10,5,5,1,1,0,1,3,4,1,9,6,9,12,9,15,8,8,11,13,13,9,7,13,15,8,8,13,4,5,7,2,6,5,0,1,4,9,6,14,8,10,8,12,21,17,17,11,15,16,19,12,15,13,13,16,8,13,13,7,7,14,7,6,6,3,4,2,8,4,3
188.912,0.968827,0.0128217,8,255,0,-120.865,8.46149,0.543167,0.128344,-0.25759,0.521546,-0.565917,0.40004,1.61017,-0.317568,-0.0538554,-0.496349,-0.61449,0.0663068,1.14915,0.47225,-0.0764769,0.134417,-0.0500766,-0.397092,-0.398238,0.111155,0.78669,0.0765316,-0.821954,0.444004,-0.0270751,-0.365522,-0.122076,-0.425064,-0.526004,0.845819,0.732548,0.840625,-0.106002,0.346168,0.284405,0.276435,0.763012,-0.364258,0.172157,0.367997,-0.198475,0.20711,0.489241,-0.6848,0.173161,-0.911665,-0.135901,-0.55963,-0.011635,0.114906,0.0340249,-0.0166819,0.0969218,-0.0824666,0.161468,0.0456593,-0.0403001,0.0639378,0.19961,-0.1838,-0.0644986,0.0676515,-0.194187,0.894471,0.0425812,-0.203032,-0.0636565,0.359383,1.65526,0.689418,0.154578,-0.934495,0.772256,-0.0456,0.121756,-0.0742848,0.233655,-0.818358,-0.852806,0.483806,-1.0113,0.185277,-0.760159,0.879302,-0.142419,-0.611391,-0.545132,-1.02954,0.603353,-0.188747,0.294967,0.0859538,-0.182111,-0.729017,0.235493,-0.859673,0.344833,0.87311,-1.03391,0.0913127,-1.01832,-0.110692,-0.854181,-0.384036,-1.70475,-1.62709,0.802676,-1.29122,1.16632,-0.397474,0.270836,-0.00483665,1.19728,0.143461,0.617165,-0.630713,0.52993,-0.023388,0.124598,-0.0530506,0.0555819,0.196949,0.134764,0.0888522,-0.190374,-0.0856419,0.0909101,-0.0865497,0.0834361,-0.0637591,-0.102255,0.0306132,0.0471197,-0.261015,-0.897372,0.135193,-0.0105566,16.566,0.442652,0.614557,0.376086,0.588514,0.808493,0.42946,0.487959,0.390795,0.365947,0.514823,0.736505,0.604061,0.482905,0.530022,0.488804,0.412125,0.411877,0.524836,0.669001,0.517107,0.324052,0.598002,0.493946,0.418983,0.472729,0.406077,0.384499,0.680607,0.658191,0.679596,0.476314,0.576797,0.563257,0.561503,0.664295,0.419259,0.538422,0.581556,0.455734,0.546182,0.60769,0.351481,0.538645,0.306729,0.469648,0.377406,0.497258,0.505552,0.493976,0.504258,0.517134,0.496619,0.499427,0.494716,0.493459,0.500706,0.512231,0.505027,0.499186,0.501431,0.499467,0.495773,0.495761,0.501183,0.508374,0.500815,0.491251,0.504726,0.499712,0.496109,0.4987,0.495475,0.494401,0.509003,0.507798,0.508948,0.498872,0.503685,0.503028,0.502943,0.508122,0.496122,0.501833,0.503917,0.497887,0.502205,0.505208,0.492711,0.501843,0.490296,0.498553,0.494043,0.516802,0.46602,0.536861,0.47392,0.39645,0.520711,0.503514,0.532343,0.540012,0.495673,0.425571,0.469223,0.50499,0.49123,0.503268,0.525889,0.525963,0.492747,0.448845,0.495006,0.553431,0.47106,0.501767,0.523834,0.507965,0.527709,0.53427,0.44503,0.452344,0.445365,0.506917,0.477427,0.48145,0.481969,0.450375,0.523751,0.488768,0.476005,0.512948,0.486489,0.468119,0.544567,0.488703,0.55921,0.508867,0.536453,0.557533,0.385085,0.624299,0.411205,0.190785,0.570766,0.51208,0.609547,0.634466,0.485129,0.262848,0.395612,0.51715,0.469881,0.511232,0.588154,0.588403,0.475084,0.330494,0.482837,0.67647,0.401688,0.506074,0.581275,0.52736,0.594221,0.615862,0.31886,0.341331,0.319873,0.523763,0.422958,0.43654,0.4383,0.335212,0.580999,0.461454,0.418185,0.544409,0.45367,0.391972,0.648971,0.461231,0.693833,0.530451,0.622975,7.77246,9.04517,7.01669,8.59961,9.58054,7.31289,8.13306,7.09945,7.34679,7.7733,9.46898,8.64701,7.6019,8.2428,8.13759,7.63189,7.60422,7.82712,8.63191,8.28957,7.10176,8.61333,8.38841,8.10301,7.54718,7.9959,7.87561,9.73889,8.95584,9.10941,8.07047,9.25307,8.44888,8.75249,9.03053,7.98427,8.69321,8.86203,8.26701,8.66943,8.66725,7.60296,8.40551,7.11275,8.04048,7.41192,2,4,1,0,2,18,14,9,19,3,5,1,2,2,10,8,7,8,8,8,7,6,2,3,4,8,2,5,2,1,12,3,10,8,9,0,2,1,7,10,8,2,6,1,14,25,15,2,4,4,3,1,1,4,2,2,1,0,1,10,19,13,14,7,2,1,17,3,13,14,8,7,4,5,6,3,5,3,1,0,6,8,10,10,6,4,5,0,2,1,5,7,7,6,9,6,15,11,13,2,5,9,9,10,1,2,1,6,9,5,8,3,10,8,1,1,4,6,4,0,0,1,0,0,0,0,1,0,6,8,7,20,17,27,20,6,15,26,18,12,42,26,24,15,19,9,17,1,0,2,2,0,2,4,1,3,11,7,8,4,7,2,3,18,19,29,40,12,14,25,12,22,18,18,23,15,17,18,5,2,7,7,11,2,6,3,3,2,3,5
197.43,0.986984,0.0128217,8,511,0,-121.604,8.67874,0.499985,0.106329,0.019787,0.269549,-0.519967,-0.20343,-0.0522316,0.640195,-0.203259,0.27966,-0.291409,0.0984051,0.784411,0.827946,0.184415,-0.0311625,-0.945565,-0.25247,-1.23983,0.150402,0.798066,-0.0405275,-1.04712,0.290557,-0.274717,-0.4973,0.0172439,-0.180244,-0.213353,1.36286,0.580199,0.462933,-0.0440244,0.65052,-0.073363,0.829293,-0.0467302,0.692259,0.0917023,0.352825,-0.45274,-0.464393,0.308058,-0.94956,0.0975096,0.31251,0.361038,0.227887,-0.0444519,-0.0685313,-0.102016,0.187238,-0.114377,0.0790688,0.024413,-0.134387,-0.0429078,-0.164806,-0.0978138,0.111798,0.0920652,-0.0678435,0.0949705,0.732082,-0.268202,-0.418103,0.000182259,0.352575,0.857439,0.815575,0.256897,-0.993089,0.378478,0.0120918,0.589499,0.108477,0.0174181,-0.989279,-0.304513,1.04909,-0.905659,0.384876,-0.570705,0.891032,0.144695,-0.604418,-0.150328,-1.04079,0.871002,-0.767724,0.302826,0.626396,0.0597095,-0.0591081,-0.681383,-0.489371,0.972828,0.898182,-0.798637,-0.281609,-1.0265,0.194425,0.512207,-0.660708,-1.38527,-0.767723,0.447482,-0.330615,0.847418,-0.0114119,0.312155,0.0974674,1.51973,0.481057,-0.0297864,-0.355053,-0.159409,0.0420143,-0.163468,-0.190862,-0.212355,-0.221141,-0.22169,0.213639,0.321735,0.124476,-0.0696867,0.146762,0.0413581,0.0968352,0.120308,0.00470276,0.0879753,0.366242,-1.16923,0.197692,0.00718799,14.4142,0.503621,0.549174,0.405968,0.462837,0.490442,0.61507,0.462868,0.551005,0.446868,0.518002,0.639744,0.647056,0.533701,0.494297,0.333537,0.453924,0.28748,0.527499,0.642045,0.492583,0.31722,0.552978,0.44989,0.409976,0.503156,0.467059,0.461031,0.730611,0.60462,0.583924,0.491943,0.616858,0.486576,0.647281,0.491448,0.624054,0.516777,0.564218,0.41789,0.415816,0.556143,0.332887,0.517839,0.556948,0.565695,0.541612,0.498673,0.481934,0.534808,0.513637,0.503502,0.45718,0.513625,0.481257,0.519529,0.493402,0.447598,0.444713,0.487637,0.502089,0.563063,0.516922,0.582373,0.489917,0.446693,0.502717,0.569752,0.480528,0.518412,0.533295,0.498844,0.512083,0.514302,0.409624,0.461176,0.469,0.502952,0.456493,0.504919,0.444624,0.503133,0.453717,0.493852,0.476361,0.530319,0.531098,0.479356,0.563327,0.493462,0.479058,0.475811,0.484725,0.501812,0.52466,0.452535,0.481383,0.495218,0.55835,0.481398,0.525583,0.473344,0.509009,0.571331,0.575232,0.516879,0.497147,0.414279,0.4769,0.388392,0.513767,0.572556,0.496289,0.405284,0.526578,0.474868,0.454592,0.501579,0.483503,0.480475,0.622256,0.552924,0.542285,0.495969,0.559282,0.493283,0.575352,0.495721,0.563046,0.508396,0.53226,0.458642,0.457582,0.528176,0.413924,0.508927,0.528582,0.533009,0.520853,0.494216,0.421855,0.647475,0.559185,0.515263,0.321141,0.559136,0.418974,0.584366,0.471267,0.285538,0.275268,0.446302,0.509108,0.751304,0.573267,0.809943,0.456149,0.282292,0.511844,0.772822,0.415876,0.579618,0.641403,0.49496,0.552492,0.562043,0.168894,0.336622,0.367891,0.512866,0.318515,0.521431,0.274954,0.513656,0.308017,0.47322,0.398305,0.629333,0.632506,0.410913,0.752176,0.471528,0.409654,0.396006,0.433778,8.31602,8.97527,7.08756,7.24978,7.62554,8.42163,8.07037,8.00773,7.95769,7.79906,9.44767,9.24366,7.89811,8.25733,7.22013,8.25616,6.87573,7.85894,8.60206,8.25778,7.0936,8.62779,8.34853,8.21576,7.70557,7.91165,7.87353,9.76284,8.96043,9.07959,8.25376,9.27872,8.46239,9.61684,7.43024,9.46036,8.68148,9.07105,7.59827,8.13051,8.64793,7.57599,8.41679,8.66429,8.04655,8.55568,6,5,3,4,0,9,11,8,6,3,7,1,4,5,3,5,2,3,5,5,2,8,10,7,13,1,1,1,10,8,24,13,16,18,13,1,1,3,8,14,14,9,0,11,9,11,7,15,4,5,0,0,3,5,8,2,1,1,0,15,8,16,15,2,5,2,7,5,6,8,11,13,10,11,4,10,4,11,2,7,1,2,3,2,2,2,1,3,2,5,2,16,9,7,7,11,11,15,13,4,12,8,10,6,3,3,0,6,1,3,7,11,3,8,12,12,5,0,3,0,2,1,3,2,1,5,2,1,9,7,10,12,5,22,23,21,30,14,18,17,13,13,16,15,9,16,13,1,5,6,1,5,5,3,5,6,4,13,12,4,6,10,10,23,10,17,8,9,10,14,15,15,25,19,21,9,5,13,14,8,13,9,9,10,4,8,8,6,8,5
196.442,0.984728,0.0128217,8,255,0,-129.231,9.65319,0.603262,0.106893,-0.340975,0.725059,-1.00695,0.641237,0.480484,0.736947,-0.155013,-0.249978,0.464889,-0.192595,1.01427,0.540149,0.240221,-0.0049298,0.907678,0.258594,-0.573097,-0.0643402,0.721172,-0.00955208,-0.963443,0.157175,0.0446588,-0.553564,-0.218149,-0.809815,-0.824903,0.808788,0.669987,0.51741,-0.0548299,0.0307005,-0.0951489,0.284157,-0.60226,-0.477226,-0.245498,0.0362235,-0.357469,0.301329,0.366502,-0.76388,0.0308478,0.551218,-0.189248,0.020172,-0.186518,-0.0449712,0.0179559,0.00892409,0.00430035,-0.0683507,0.0472133,-0.0422015,-0.0163438,-0.0118911,-0.051122,0.157803,0.0383398,0.0200199,0.0311264,0.294854,-0.398565,-0.288679,-0.136645,0.362031,1.34579,0.560476,0.0982853,-0.632369,0.58476,0.523282,0.260545,0.789214,0.275952,-0.51529,-0.826782,0.497216,-0.7034,0.501627,-1.03321,1.12818,-0.294749,-0.286043,-0.864389,-0.721148,0.758053,-0.0641452,0.252702,-0.154726,0.0574993,-1.17086,-0.00732865,-0.104364,0.504107,0.986811,-0.190453,0.0153879,-0.595925,0.0725089,-0.246459,-0.506045,-0.982032,-0.558397,0.645639,-0.937034,0.980247,-0.163854,0.23763,0.385643,1.1651,0.622194,0.252899,-1.21196,0.186495,-0.0689061,0.0944716,0.012886,-0.209162,0.132486,0.17743,0.0272953,-0.208932,-0.0374696,0.27248,-0.106577,-0.13952,0.0188769,-0.0403131,0.0754839,0.000392151,-0.93049,0.471571,0.0873514,0.0493813,28.6832,0.474887,0.553244,0.426315,0.547128,0.535359,0.55411,0.488575,0.481582,0.534215,0.485807,0.574213,0.539732,0.5177,0.499637,0.566512,0.519053,0.457855,0.495257,0.552961,0.499296,0.429455,0.511584,0.503292,0.459285,0.483925,0.440588,0.439491,0.559338,0.549227,0.538066,0.495958,0.502263,0.492987,0.520934,0.455721,0.46488,0.481911,0.50267,0.473674,0.522197,0.52699,0.443928,0.502274,0.540543,0.486053,0.501487,0.533923,0.428253,0.599008,0.436452,0.45227,0.427093,0.515441,0.524888,0.45381,0.519181,0.400291,0.446386,0.476082,0.500491,0.410531,0.474256,0.556857,0.506411,0.428632,0.500952,0.594836,0.484344,0.49555,0.554935,0.521723,0.579998,0.581462,0.420102,0.433636,0.448627,0.505463,0.496941,0.50948,0.471717,0.559723,0.547408,0.524442,0.496391,0.535559,0.470011,0.463546,0.575531,0.496926,0.445296,0.518848,0.49799,0.57866,0.337454,0.718484,0.355107,0.390054,0.334986,0.535997,0.55789,0.393512,0.544682,0.28014,0.376929,0.444351,0.501147,0.30057,0.440134,0.630243,0.514963,0.338263,0.502222,0.710224,0.463503,0.489613,0.625998,0.550573,0.679946,0.682994,0.320262,0.349005,0.381911,0.512752,0.492859,0.522119,0.434281,0.636544,0.609224,0.556861,0.491574,0.582397,0.43036,0.41556,0.670574,0.492825,0.374513,0.54391,0.495308,0.459888,0.584656,0.38347,0.575026,0.556405,0.586017,0.481733,0.470563,0.554589,0.47731,0.617347,0.563338,0.52829,0.499419,0.605404,0.530449,0.432844,0.492415,0.584211,0.498874,0.388331,0.518521,0.505265,0.435107,0.474304,0.405672,0.403958,0.594211,0.578336,0.560698,0.493536,0.503619,0.488785,0.53345,0.429471,0.443975,0.47109,0.50427,0.457957,0.535465,0.543101,0.410905,0.503637,0.564621,0.477704,0.502378,7.84488,9.07411,6.90256,8.73009,8.48062,8.75265,8.18914,7.70536,8.70017,7.76626,9.52202,8.78002,8.22566,8.20155,9.31663,8.72059,7.5986,7.90239,8.73592,8.34354,7.18474,8.37362,8.35216,8.13181,7.73914,7.90172,7.88573,9.76632,8.91774,8.99523,8.29548,9.32619,8.34513,8.60636,7.41051,7.79828,8.56212,8.34321,8.38153,8.62459,8.59577,7.49424,8.38642,8.93865,8.14265,8.2282,4,5,3,4,2,11,9,10,3,8,14,3,5,11,11,10,9,16,12,11,25,4,10,6,5,0,5,7,0,1,11,12,11,8,13,3,1,1,7,15,14,4,0,3,13,12,20,4,13,9,7,6,0,0,2,3,2,3,1,9,8,9,9,1,2,1,7,3,2,2,4,3,2,6,0,4,6,3,0,1,3,7,5,9,2,10,0,3,6,5,4,10,9,9,8,12,11,22,14,6,5,5,6,4,0,1,2,4,2,2,7,8,8,3,3,1,0,3,3,5,2,1,4,1,1,0,1,3,9,5,5,13,9,13,10,11,19,7,15,12,14,20,14,18,13,8,11,1,0,3,1,0,4,4,4,3,11,7,10,10,10,10,13,11,10,7,20,7,10,13,6,9,9,7,5,12,7,10,15,8,4,7,10,8,15,0,1,2,1,1
182.043,0.982669,0.0128217,8,511,0,-108.673,9.22355,0.595828,0.095826,-0.135211,0.649868,-0.648755,0.912145,-0.612568,1.17687,0.0797831,-0.0402618,0.503914,0.254627,0.848777,0.87686,-0.461763,-0.227609,0.488882,-0.239927,0.0950867,-0.589425,1.02448,0.0758514,-1.26078,0.28896,-0.0038726,-0.879189,0.0375821,-0.49559,-0.783848,0.904445,0.537594,0.449802,-0.0774727,0.233922,-0.264654,-0.32034,-0.181775,-0.797289,-0.129239,-0.811778,0.0758833,-0.205432,0.261241,-0.925341,0.1503,-0.983298,0.139944,-0.811955,0.127122,0.0622268,0.142268,-0.113863,0.00936645,0.105071,-0.227168,0.166449,-0.0589958,-0.102733,0.187091,-0.113911,0.0253076,-0.0601114,-0.0205652,0.22744,-0.124135,-0.402417,-0.0373929,0.374236,0.307073,0.584637,0.110669,-0.472426,0.509565,-0.188548,0.07375,0.181325,0.0929136,-1.12524,-0.241513,0.776874,-0.589493,0.706189,0.080083,0.895048,0.29134,-0.911073,0.492439,-1.26372,1.18067,-0.341283,0.174609,0.670385,0.21769,-0.409379,-0.797178,-0.172629,0.878613,0.679668,-0.553117,0.072171,-0.259474,-0.0073041,0.460698,0.183639,-0.459659,-1.23772,0.596871,0.199459,0.930489,-0.132785,0.198191,0.454625,0.844653,0.0899012,0.297897,-0.145287,-0.171832,0.0157704,0.0437574,-0.0830515,0.0667356,-0.0701565,-0.124533,0.360956,0.199108,-0.263395,-0.160722,0.140214,-0.0316509,-0.168811,0.00520171,-0.131325,0.0610994,0.563606,0.288054,0.146255,0.0209831,14.782,0.492313,0.536884,0.463179,0.551679,0.465226,0.56652,0.504536,0.497711,0.528621,0.514474,0.548112,0.549694,0.473768,0.487061,0.527769,0.486361,0.505406,0.466535,0.55799,0.504313,0.428799,0.516424,0.49978,0.450175,0.502137,0.471851,0.455548,0.551246,0.53053,0.525553,0.495595,0.513298,0.484956,0.481794,0.489666,0.45479,0.492652,0.453973,0.504315,0.488321,0.51485,0.447579,0.508545,0.444322,0.507957,0.453963,0.504196,0.479843,0.520122,0.471723,0.519001,0.463542,0.497524,0.501249,0.484367,0.492099,0.473684,0.472815,0.514326,0.507063,0.484833,0.507445,0.497049,0.518284,0.468249,0.497646,0.539047,0.491033,0.50012,0.527257,0.498834,0.515375,0.524306,0.471961,0.483323,0.486045,0.502404,0.492741,0.508212,0.50994,0.505641,0.524723,0.504011,0.525171,0.497645,0.506375,0.491893,0.528685,0.495336,0.530478,0.495657,0.525177,0.480958,0.590557,0.409594,0.625765,0.414536,0.66,0.51124,0.494327,0.570529,0.535816,0.617364,0.621096,0.435302,0.467973,0.568452,0.466245,0.513395,0.417705,0.64047,0.510686,0.32947,0.540625,0.499454,0.378595,0.505295,0.430621,0.391317,0.624748,0.575174,0.563041,0.489086,0.532912,0.462779,0.454986,0.47441,0.389514,0.481798,0.387574,0.51069,0.471087,0.536743,0.372495,0.521165,0.364892,0.519708,0.38755,0.490264,0.546663,0.453416,0.565311,0.456001,0.583948,0.505745,0.497101,0.536225,0.518328,0.560821,0.562812,0.466796,0.483615,0.535148,0.482729,0.506847,0.457655,0.573246,0.505462,0.410192,0.520797,0.499721,0.437023,0.502706,0.464371,0.443791,0.564766,0.538637,0.532347,0.494421,0.516839,0.480951,0.476948,0.486913,0.442836,0.490694,0.441806,0.505464,0.48521,0.518804,0.433755,0.510822,0.429659,0.510076,0.441793,8.22111,9.13084,6.97731,8.80141,7.01411,8.83347,8.2841,7.596,8.87095,7.89584,9.43722,9.25013,7.16744,8.12716,8.70006,8.33028,8.45527,7.03764,8.67856,8.28011,7.07677,8.6524,8.46615,8.2603,7.67516,7.95672,7.66365,9.73723,8.9052,9.03158,8.12421,9.23166,8.30514,8.14437,7.68918,7.65945,8.6498,7.64471,8.53778,8.26121,8.62421,7.52926,8.3558,7.20324,8.06979,7.53304,5,1,0,6,4,19,17,15,9,3,4,4,7,5,7,6,7,7,3,5,8,4,6,5,8,2,3,1,6,2,13,14,10,6,17,2,1,1,9,6,5,4,7,6,9,14,5,3,5,4,0,3,4,6,4,1,1,3,3,14,25,7,9,4,1,5,7,13,5,6,7,5,7,17,4,5,2,5,6,4,6,3,1,2,1,4,3,5,10,2,5,9,12,13,10,9,10,5,11,1,7,4,4,16,4,4,5,9,5,7,4,10,4,7,5,8,6,3,11,5,2,3,1,0,0,3,2,2,9,10,7,15,17,28,22,16,11,14,11,16,6,16,15,16,16,15,18,5,13,11,5,4,11,4,4,10,10,9,5,17,10,12,9,9,12,6,16,19,19,19,21,12,11,21,11,15,17,12,9,5,6,4,5,5,9,10,9,2,1,5
193.035,0.976796,0.0128217,8,255,0,-118.71,9.73317,0.526224,0.0921635,-0.23834,0.0699021,-0.549066,-0.444898,0.881418,-0.43038,0.0857405,-0.188727,0.225854,0.258306,0.641198,0.413311,0.767401,0.0368755,0.421122,0.373393,0.380513,0.192729,1.14114,0.0234929,-1.15806,0.168555,-0.482233,-0.791177,0.236913,-0.547935,-0.588459,1.02505,0.531097,0.218634,-0.0831397,0.155234,-0.412672,-0.537932,0.265199,0.492998,-0.216168,0.873774,-0.0899188,-0.258435,0.235658,-1.21255,0.223477,0.288758,0.249429,0.812838,0.161928,0.0464567,-0.0515643,-0.0018257,-0.0171428,-0.0304676,0.122069,-0.135456,-0.0539066,-0.0733963,-0.0414906,0.0684051,0.0918085,0.00503531,0.25529,0.263155,-0.58217,-0.572305,-0.0508077,0.352871,1.41179,0.6865,0.215153,-0.709868,0.866907,0.249391,0.385036,0.729733,0.565007,-0.787221,-0.908396,1.01084,-1.01526,1.20491,-0.366702,1.06447,0.226056,-0.615804,-0.598051,-0.645111,0.577094,-0.188221,-0.0826679,0.149848,0.292531,-0.723734,-0.465498,-0.35734,0.552707,1.08905,0.485861,0.505252,-0.41775,-0.0379773,0.446233,-0.086832,-0.722527,-0.706721,0.617006,-0.741823,1.13578,-0.0593908,0.0992536,0.628778,1.08825,0.748122,-0.0571338,-0.421402,0.237524,-0.00100872,0.168979,0.305558,0.287008,0.322252,0.153437,-0.130922,-0.228133,0.253857,0.112055,-0.0621264,-0.219496,-0.248953,-0.154562,-0.207969,-0.064466,-0.220813,-0.585184,0.156674,0.129572,23.9948,0.484325,0.504599,0.46394,0.470764,0.557729,0.471716,0.505641,0.487586,0.514854,0.516987,0.542084,0.527164,0.550315,0.502426,0.527677,0.524545,0.525013,0.512677,0.574515,0.501546,0.424397,0.511087,0.468317,0.448137,0.515581,0.464014,0.461363,0.56703,0.534883,0.51438,0.494531,0.510211,0.472878,0.464669,0.51744,0.532388,0.485782,0.557232,0.494085,0.483004,0.515499,0.420898,0.514698,0.518988,0.516404,0.553273,0.534633,0.489828,0.579239,0.564392,0.374459,0.562313,0.487524,0.52744,0.467176,0.462476,0.407747,0.440134,0.390132,0.494633,0.439014,0.445868,0.444844,0.471979,0.339766,0.496581,0.662441,0.475488,0.569728,0.613156,0.465574,0.579078,0.584818,0.355087,0.423313,0.468222,0.512098,0.477422,0.559774,0.577658,0.461479,0.428736,0.53142,0.375502,0.513084,0.537543,0.465755,0.669497,0.46752,0.458072,0.463761,0.383857,0.513154,0.496141,0.530273,0.52454,0.451496,0.523741,0.495267,0.510417,0.487535,0.485745,0.464663,0.4772,0.457738,0.497964,0.476769,0.479399,0.479007,0.489362,0.437336,0.498703,0.563583,0.490696,0.526596,0.543565,0.486925,0.530211,0.532439,0.443654,0.470715,0.487933,0.504589,0.491431,0.522765,0.529661,0.485364,0.472812,0.511931,0.451914,0.504964,0.514263,0.486994,0.56654,0.487666,0.484065,0.486234,0.455249,0.534812,0.489775,0.579642,0.564722,0.373837,0.562632,0.487459,0.527582,0.467006,0.462283,0.40728,0.439827,0.389582,0.494605,0.438701,0.44559,0.444561,0.471834,0.338995,0.496563,0.663221,0.475361,0.570084,0.613722,0.465396,0.579481,0.585249,0.35438,0.422922,0.468058,0.512161,0.477305,0.560081,0.578054,0.46128,0.428372,0.531582,0.374884,0.513152,0.537736,0.465579,0.670305,0.467353,0.457856,0.463574,0.383277,8.07961,8.97088,6.8845,7.05865,8.45888,7.01508,8.31566,7.28121,8.59111,7.7738,9.58236,8.79755,8.33379,8.38288,8.68508,9.28774,8.76145,7.70156,8.74322,8.24706,7.06971,8.52798,8.36268,8.29234,7.75024,7.89131,7.84675,9.7463,8.92716,9.1173,8.12955,9.31631,8.42177,8.30141,7.84095,9.43686,8.67263,9.85516,8.39566,8.60908,8.60191,7.56181,8.46742,8.53933,8.03,9.23671,2,0,2,6,2,12,6,9,7,10,6,14,8,10,3,8,9,8,6,1,12,14,4,6,5,6,5,3,0,0,11,19,9,10,12,2,1,1,11,10,14,3,4,2,8,13,6,3,13,9,1,2,1,8,0,3,3,2,2,5,4,9,10,0,6,3,7,2,6,8,4,3,5,4,5,6,6,7,1,3,2,2,4,6,6,7,4,3,7,1,1,15,9,11,9,12,16,26,21,6,6,12,7,9,2,1,0,6,5,5,6,8,13,6,4,5,4,6,0,1,5,2,2,1,0,1,2,3,8,10,8,18,13,17,8,5,19,10,17,15,16,7,10,15,15,3,10,0,2,4,4,5,5,6,4,6,8,6,9,4,5,8,6,22,19,10,20,26,16,17,15,7,11,16,16,13,18,18,17,12,11,11,12,1,3,3,2,3,2,3
187.396,0.867573,0.0128217,8,255,0,-130.332,9.2662,0.639789,0.105053,0.688054,0.193172,-0.303464,0.255127,-0.879716,0.582697,0.0503138,0.335965,-0.730937,0.382737,0.917308,0.725376,-0.418981,-0.343976,-1.28456,0.355529,1.3568,0.456694,1.11167,0.0136496,-1.05368,0.243778,-0.418174,-1.18444,0.17814,-0.726731,-0.730036,0.801913,0.46811,0.496382,-0.15842,-0.0282595,-0.19125,0.592564,-0.233705,-0.423366,-0.39594,0.558549,0.139874,-0.576637,0.215,-1.23881,0.0736967,-0.3988,0.292316,-0.360688,0.0985737,-0.154035,0.192961,0.0327655,-0.0590977,-0.172275,-0.00398316,-0.146277,0.0861474,-0.0240801,0.136894,0.0160784,0.0931666,0.0132815,-0.181633,0.274461,0.543454,-0.615114,-0.0493259,0.371313,2.28401,0.713986,0.110894,-0.263734,0.59091,0.139752,0.441666,0.432024,0.437579,-0.879656,-0.989717,0.79709,-0.796206,0.548546,-0.128236,1.15651,0.308206,-0.99013,0.193818,-0.741979,1.4735,-0.210198,0.696236,0.438734,0.273802,-0.84293,-0.89233,0.108561,1.00743,0.69588,-0.0768254,0.355375,-0.189286,0.334767,0.520162,-0.439265,-0.659532,-1.12525,0.664762,-0.340876,1.06386,-0.00773209,0.541009,0.491779,0.940812,0.391372,0.352635,0.104037,0.10896,-0.0263721,0.0143641,0.0154935,-0.0138384,-0.00664283,-0.1358,0.11567,0.18481,-0.0551051,-0.325421,0.0117675,0.10769,-0.0158594,0.0738892,0.0388489,-0.0860665,-0.0586418,0.13138,-0.0614184,-0.00433567,22.0895,0.547071,0.513251,0.47919,0.517498,0.43993,0.539897,0.503452,0.523036,0.450014,0.526237,0.562611,0.549608,0.471283,0.476416,0.412762,0.524375,0.592036,0.531295,0.575691,0.500937,0.428201,0.516721,0.471338,0.419437,0.512221,0.4503,0.450075,0.554802,0.532075,0.534007,0.489132,0.498061,0.48688,0.54057,0.48397,0.470983,0.472859,0.53825,0.509596,0.460516,0.514748,0.415808,0.505057,0.472663,0.520047,0.475272,0.592407,0.526221,0.458863,0.534607,0.382704,0.578512,0.506835,0.545519,0.401978,0.551813,0.62211,0.597295,0.44332,0.453402,0.332234,0.548154,0.676418,0.561732,0.646604,0.501854,0.360632,0.533072,0.443429,0.344413,0.524184,0.402528,0.402096,0.607259,0.563258,0.567034,0.47849,0.496161,0.474039,0.579819,0.468291,0.442732,0.446413,0.575309,0.518995,0.422291,0.529178,0.337773,0.510011,0.446029,0.539632,0.451152,0.489914,0.497168,0.504449,0.49626,0.512894,0.491458,0.499262,0.495075,0.510714,0.494389,0.486555,0.489367,0.506142,0.505043,0.518823,0.494788,0.480119,0.493305,0.483708,0.4998,0.515442,0.496426,0.50613,0.517358,0.497388,0.510653,0.510701,0.488246,0.493138,0.492723,0.502322,0.500414,0.502804,0.491314,0.503426,0.506206,0.505804,0.491812,0.497949,0.508453,0.496848,0.518154,0.49892,0.505846,0.495715,0.505288,0.522584,0.506344,0.490034,0.508379,0.471138,0.519129,0.501653,0.511033,0.476011,0.512568,0.530093,0.523807,0.486242,0.488704,0.457909,0.511675,0.544446,0.514996,0.536448,0.500448,0.465447,0.508006,0.486269,0.461175,0.505851,0.476149,0.47604,0.526315,0.51537,0.516298,0.494797,0.499072,0.493719,0.519453,0.492325,0.486098,0.486998,0.518337,0.504594,0.481069,0.507061,0.459401,0.502421,0.486904,0.5096,0.488155,9.13373,9.06506,7.07921,7.59551,6.45079,8.04705,8.33857,7.77776,7.58461,7.82883,9.50413,9.1744,6.95307,8.00676,6.88393,8.89167,9.86047,7.90957,8.62286,8.29851,7.23341,8.64888,8.39722,8.2253,7.60537,7.7923,7.7887,9.71472,8.89383,9.04543,8.11051,9.14812,8.29432,9.50108,7.06144,8.39155,8.69598,9.46398,8.73847,8.2243,8.61744,7.50392,8.36412,7.84796,8.06489,7.98851,6,3,1,1,2,7,12,10,9,9,3,8,5,14,9,9,6,6,13,7,2,6,17,7,7,1,2,0,1,2,13,11,7,12,8,1,2,3,9,6,5,1,2,0,20,14,24,3,8,9,2,0,5,4,4,2,3,1,1,25,25,26,24,4,5,0,6,8,4,14,13,6,7,8,4,8,9,5,0,5,4,3,1,1,1,0,3,5,3,3,3,11,9,12,8,11,4,3,5,2,2,3,3,7,2,1,5,11,7,6,4,3,6,3,9,4,1,3,2,3,1,0,2,1,0,3,2,1,14,8,9,10,11,11,10,6,14,8,9,13,10,11,5,17,14,14,20,0,1,2,0,1,4,3,5,4,7,17,4,6,7,5,9,11,15,14,12,7,16,12,13,10,19,16,22,13,7,14,7,3,7,4,5,5,14,3,5,4,3,4
200.01,0.787457,0.0128217,8,511,0,-126.007,9.22929,0.585633,0.0784037,0.863241,0.45562,-0.492377,0.40475,-0.31585,0.620903,-0.259152,-0.0873225,-0.466254,0.48669,0.775004,0.903415,0.617146,-0.117058,-1.46346,0.0156519,0.992822,-0.17745,1.27577,0.029513,-1.21201,0.591989,-0.364396,-0.715782,0.344904,-0.498094,-0.947427,1.01539,0.573133,0.380391,0.0410421,0.226194,-0.184175,0.0434996,0.532226,-0.415387,-0.264116,-0.312955,0.288195,-0.32726,0.388209,-1.03703,0.115926,-0.0509218,0.151664,-0.230899,-0.0893273,0.191816,-0.0953128,0.068808,-0.096432,0.0138993,0.0174105,0.113067,-0.0495156,-0.00924777,0.0314551,-0.157817,0.0588815,0.0244006,0.134126,0.405304,0.190134,-0.493484,-0.0717481,0.370971,1.45853,0.64658,0.0857066,-0.491512,0.742735,0.376568,0.925593,0.340904,0.684909,-0.527637,-1.25244,0.863914,-0.505985,0.809213,-0.0401433,1.13054,0.106261,-1.17911,0.269946,-0.809746,0.839386,-0.149239,0.454046,0.27648,0.306842,-0.402153,-0.746979,0.014375,0.802286,0.725886,-0.176605,0.690029,0.022409,-0.212628,0.161984,-0.354887,-0.798595,-0.741122,0.704357,-0.946092,1.1906,0.0657006,0.344233,0.884736,1.0087,0.323652,0.298775,-0.0629376,0.262392,0.111392,0.031184,-0.023736,0.0781104,-0.0406587,-0.0220074,-0.0215446,-0.107928,0.0797847,0.239862,0.051669,0.0820375,-0.0389014,-0.0111224,-0.0918292,-0.0360214,-0.271619,-0.217491,0.044911,0.0762194,21.1971,0.586587,0.546035,0.450274,0.54092,0.46804,0.562584,0.473765,0.491153,0.452896,0.549155,0.577889,0.59053,0.562209,0.488141,0.355913,0.501586,0.599263,0.482027,0.626464,0.50299,0.379603,0.559698,0.463144,0.427977,0.534891,0.449701,0.405163,0.601457,0.557814,0.538467,0.504159,0.522903,0.481347,0.504408,0.55372,0.45801,0.473264,0.468332,0.529168,0.466889,0.539255,0.396442,0.511744,0.49484,0.515363,0.476621,0.540941,0.521644,0.476613,0.51923,0.484991,0.529479,0.487684,0.495849,0.477852,0.523118,0.536772,0.542837,0.529301,0.494436,0.430882,0.500744,0.547053,0.491566,0.560346,0.501403,0.442642,0.52811,0.482686,0.466029,0.516389,0.476342,0.455087,0.548115,0.527216,0.518073,0.501951,0.51075,0.491246,0.502068,0.525277,0.480265,0.487448,0.485129,0.513695,0.484449,0.518445,0.450866,0.50551,0.49758,0.507209,0.489026,0.441649,0.469101,0.533385,0.472543,0.521435,0.457937,0.51759,0.505929,0.531619,0.467,0.447567,0.43896,0.458191,0.507948,0.598088,0.498937,0.432988,0.512047,0.414226,0.497996,0.581566,0.459888,0.524724,0.548452,0.476597,0.533771,0.563982,0.431484,0.46116,0.474193,0.497213,0.484645,0.512504,0.497046,0.463922,0.528177,0.517927,0.521238,0.48044,0.522208,0.473663,0.569957,0.492129,0.503458,0.489703,0.515674,0.4532,0.475247,0.526746,0.478007,0.517167,0.466291,0.514087,0.504748,0.52533,0.473562,0.45796,0.451036,0.466494,0.506364,0.578908,0.499149,0.446226,0.509647,0.431074,0.498395,0.565522,0.467856,0.519803,0.538841,0.481255,0.527056,0.551333,0.445014,0.468877,0.479329,0.497768,0.487704,0.510013,0.497635,0.471094,0.52257,0.514357,0.51701,0.484335,0.517787,0.478905,0.556148,0.493697,0.502769,0.491754,0.512552,9.1584,9.09499,6.81905,8.24148,7.00437,7.9879,8.01427,7.24433,7.76272,7.84703,9.47569,9.20053,7.98396,8.12936,6.7514,8.67856,9.29428,7.14969,8.67453,8.31739,6.98056,8.87381,8.23397,8.18974,7.69819,8.0469,7.57547,9.79125,8.85402,9.06154,8.3295,9.28715,8.46873,8.66227,8.37529,8.18044,8.56056,8.28798,8.8725,8.27296,8.6599,7.52825,8.40813,8.23293,8.04819,8.00982,6,1,6,3,3,6,15,9,11,5,5,11,16,15,24,11,14,3,4,9,4,10,17,8,8,1,2,4,1,2,14,7,7,8,8,2,3,1,9,9,3,3,5,2,7,22,21,3,4,8,3,1,6,4,7,0,2,0,0,13,18,22,15,4,3,4,2,3,8,4,6,1,7,9,6,4,5,9,0,1,1,1,2,3,2,3,2,8,1,5,1,15,9,9,13,13,12,17,24,0,3,14,11,13,4,4,3,2,1,4,5,6,4,5,5,3,1,2,1,0,3,3,2,0,2,3,2,3,7,5,12,15,16,17,12,19,12,14,16,16,10,3,24,8,14,16,9,1,4,4,1,0,7,2,4,5,8,3,8,17,10,9,10,7,19,23,10,15,5,19,18,17,12,7,7,10,17,9,11,3,6,0,4,5,4,6,3,4,3,4
194.251,0.992254,0.0128217,8,255,0,-134.431,9.05065,0.69369,0.0519177,0.229881,0.0839703,-0.82807,0.293311,0.695804,0.750864,-0.116511,0.71875,-0.80688,0.104012,0.737238,0.5133,0.104356,-0.118031,-1.00296,0.227903,-0.0599204,0.641369,0.916816,0.103614,-1.2079,-0.0899858,-0.667031,-1.11257,0.0524986,-0.298651,-0.672884,1.12159,0.526673,0.32408,-0.142306,0.34005,-0.152029,-0.798806,0.937602,-0.154816,-0.173188,-0.721668,-0.802016,-0.586836,0.328905,-1.25359,0.152216,-0.191685,0.299111,-1.68816,-0.0099265,0.103247,0.0581332,-0.048544,0.0292479,0.0569069,-0.0593198,-0.000800903,-0.0185538,0.0363484,0.0322914,0.154471,-0.0204539,0.0452975,-0.0309578,0.41648,0.165208,-0.547948,-0.00635331,0.354812,2.17038,0.595671,0.0748394,-0.776172,1.07589,-0.147133,0.476509,0.874388,0.478415,-0.906583,0.417649,0.899126,-0.616586,0.493032,-0.104609,1.16227,0.314427,0.100678,-0.479641,-1.23973,1.2556,0.153294,-0.0891435,0.119091,0.0701396,-0.22048,-0.628677,0.0239109,0.356664,0.627988,-0.328484,0.196558,-0.366553,0.376151,-0.0566465,-0.0345991,-0.486244,-0.272189,1.01043,-0.325109,1.26235,-1.10519,0.31404,0.271049,1.17966,0.847093,-0.058603,-0.134273,-1.07478,0.0133197,-0.0454892,-0.0914949,-0.0589875,-0.0277329,-0.00349855,0.148863,-0.0605814,0.0573831,0.163846,-0.0371472,-0.0592122,0.072111,-0.0822617,-0.0308718,-0.0654998,0.216585,-0.0646974,0.0443818,-0.0641193,19.4869,0.523917,0.508742,0.414626,0.530502,0.571944,0.577549,0.487871,0.574282,0.416769,0.510828,0.576164,0.553242,0.510864,0.487713,0.397064,0.523711,0.493761,0.566385,0.594316,0.510787,0.37682,0.490632,0.430992,0.386188,0.505466,0.468944,0.430394,0.614702,0.554618,0.533692,0.485187,0.535347,0.484176,0.417587,0.596401,0.483886,0.481975,0.425421,0.417262,0.439201,0.534192,0.372362,0.515843,0.480052,0.531103,0.331129,0.509493,0.503468,0.465852,0.512112,0.528706,0.530972,0.495188,0.529651,0.466723,0.504296,0.530412,0.521188,0.50431,0.495125,0.45867,0.509412,0.497525,0.526465,0.537794,0.504279,0.450276,0.496283,0.472478,0.454178,0.502168,0.487668,0.472237,0.546192,0.521739,0.513382,0.494123,0.514041,0.493721,0.467056,0.538648,0.493606,0.492847,0.470229,0.466924,0.475781,0.513581,0.448408,0.506286,0.492084,0.512351,0.430724,0.512445,0.504547,0.455283,0.515876,0.537604,0.540567,0.493692,0.538839,0.456421,0.505632,0.539834,0.527765,0.50565,0.493609,0.445906,0.512338,0.496756,0.534672,0.54948,0.50561,0.434967,0.495128,0.463945,0.440048,0.502843,0.483835,0.46363,0.560433,0.528486,0.517541,0.492295,0.518404,0.491769,0.456855,0.550594,0.491618,0.490624,0.461004,0.456683,0.468268,0.517801,0.432537,0.508241,0.489622,0.51619,0.409598,0.496282,0.498642,0.51339,0.495256,0.488748,0.487858,0.501884,0.488377,0.513048,0.498318,0.488078,0.491698,0.498312,0.501909,0.516217,0.496314,0.500969,0.489628,0.485175,0.498324,0.519527,0.501455,0.510787,0.517987,0.499151,0.50483,0.510882,0.481867,0.491482,0.494758,0.502302,0.4945,0.502459,0.512917,0.48484,0.502504,0.502801,0.51167,0.512969,0.509491,0.49468,0.520265,0.497538,0.5031,0.495162,0.527278,8.58714,8.96044,6.83306,7.94549,8.43284,8.49061,8.09657,8.45692,7.49868,7.81156,9.44138,8.8847,7.81192,8.22177,7.16627,8.90673,8.2828,8.37572,8.66467,8.32774,7.07831,8.25122,8.17194,8.16218,7.75746,8.22391,7.83107,9.74587,8.89874,9.00772,8.06948,9.3739,8.50774,8.03368,8.62162,8.70967,8.73145,8.11461,7.6956,8.2561,8.69111,7.55698,8.37878,8.01763,8.09136,6.57579,2,0,2,1,1,12,6,14,14,0,1,5,6,3,4,4,7,10,8,7,16,6,6,6,5,1,4,0,1,5,11,16,13,14,5,3,3,3,7,4,4,2,6,1,13,23,10,4,4,4,6,4,3,4,2,3,1,2,1,10,8,12,10,3,6,4,3,4,2,2,3,3,6,7,9,7,7,3,4,4,1,1,2,2,1,6,1,5,3,4,2,12,6,11,6,7,11,7,8,2,4,7,5,3,0,4,2,11,5,8,5,3,6,14,6,0,2,4,3,3,2,4,5,2,3,4,6,3,14,13,9,20,19,12,31,15,20,15,13,19,10,18,12,13,21,8,10,6,4,3,4,4,1,3,1,2,7,7,4,4,15,4,4,14,20,20,11,11,12,8,15,16,10,15,9,18,6,34,22,16,13,18,13,2,5,4,5,0,1,3
199.276,0.996995,0.0128217,8,255,0,-128.008,9.49116,0.590319,0.069418,2.06717,0.348261,-0.369709,-0.0033445,-0.714602,0.275422,-0.150163,1.22765,-0.780383,0.256422,0.896624,0.873993,0.0231363,-0.329046,0.421649,-0.004821,0.469423,0.694321,0.998571,0.0324983,-1.00708,0.598797,-0.296781,-0.998187,0.137181,-0.592669,-0.950989,0.780373,0.588514,0.435797,-0.130875,-0.0330845,-0.341989,-0.357571,-0.530161,-0.208925,-0.317575,0.158745,-0.0694352,-0.337753,0.307285,-1.11916,0.132108,-0.229571,0.152879,0.43324,0.0101877,-0.071195,-0.0176112,-0.0144257,0.0612242,-0.0986676,-0.0771485,0.0426648,-0.0351933,-0.0142682,0.160864,0.0115054,0.00389754,-0.043638,-0.0377794,0.533104,0.0430222,-0.546093,-0.0804593,0.366292,1.95553,0.693043,0.121514,-0.6075,0.311333,0.612416,0.83673,0.508301,0.722137,-1.07777,-1.47126,0.634065,-0.100426,0.924341,-0.523714,1.21028,-0.172851,-1.14497,-0.441171,-1.12983,1.02239,-0.0988684,0.698012,0.223467,0.132833,-1.26477,-0.907606,-0.149153,0.765436,0.684673,-0.0607492,0.20783,-0.682514,-0.129485,0.354791,-0.481376,-0.765947,-0.96324,0.106335,-1.21353,0.668782,0.202502,0.172453,0.72428,0.586277,0.260921,0.585498,-0.383817,1.25779,-0.0816488,0.0272584,-0.0580651,0.0834823,-0.0462221,-0.0923905,0.215826,-0.077978,0.0104825,-0.0856698,-0.0156516,-0.213075,-0.0431374,0.022482,-0.0410109,-0.072361,-0.511225,0.0373391,-0.00300715,0.0842058,17.0073,0.750638,0.546282,0.450886,0.499554,0.405896,0.536641,0.479998,0.658016,0.397468,0.534122,0.617274,0.61442,0.503083,0.456258,0.55596,0.499357,0.562238,0.591494,0.630029,0.504331,0.368914,0.579134,0.460528,0.370018,0.518275,0.421662,0.375903,0.602531,0.577798,0.557821,0.482565,0.495591,0.454547,0.452488,0.429809,0.472184,0.457776,0.521144,0.490747,0.455107,0.540862,0.355115,0.5176,0.469442,0.520364,0.557485,0.522219,0.503746,0.496024,0.499964,0.492315,0.502962,0.498385,0.513201,0.491607,0.502758,0.509642,0.509399,0.500249,0.496461,0.504535,0.499948,0.505049,0.507467,0.510739,0.50035,0.48917,0.50644,0.496808,0.489266,0.501475,0.493626,0.489773,0.508393,0.506329,0.504687,0.498592,0.499644,0.496322,0.496154,0.494298,0.497753,0.496584,0.501707,0.499253,0.496367,0.503305,0.487965,0.501421,0.497531,0.501644,0.50466,0.257923,0.455607,0.547111,0.500427,0.590328,0.464857,0.519182,0.348053,0.598436,0.467274,0.387371,0.39012,0.497043,0.541955,0.446318,0.500616,0.440291,0.412182,0.375078,0.495847,0.625941,0.424062,0.537858,0.624876,0.482475,0.575173,0.619204,0.401566,0.425346,0.444532,0.51672,0.504228,0.543597,0.545573,0.567346,0.526677,0.540499,0.479722,0.508873,0.54306,0.460808,0.639258,0.483122,0.529307,0.480471,0.444854,0.519287,0.503251,0.496549,0.499969,0.49333,0.502571,0.498598,0.511458,0.492716,0.502394,0.508369,0.508158,0.500216,0.496928,0.503936,0.499955,0.504382,0.506481,0.50932,0.500303,0.4906,0.505589,0.49723,0.490683,0.501281,0.494468,0.491124,0.507284,0.505493,0.504068,0.498778,0.499691,0.496808,0.496662,0.495051,0.49805,0.497036,0.501482,0.499352,0.496847,0.502868,0.489554,0.501233,0.497857,0.501427,0.504044,10.5018,9.03945,7.13803,7.59488,6.76899,7.82918,8.14939,8.84655,7.46461,7.80882,9.58874,9.23541,7.55888,7.9475,8.76196,8.62401,8.80283,8.27751,8.60245,8.34511,7.22259,8.94128,8.34839,8.14398,7.68108,8.07824,7.69536,9.85209,8.93028,9.096,8.17005,9.38244,8.2628,8.28329,7.03064,8.4425,8.69166,8.83644,8.63855,8.30451,8.62923,7.46943,8.45184,8.06432,8.05625,8.7641,3,0,3,6,2,10,2,3,6,5,11,10,10,9,13,15,21,9,11,12,11,14,7,11,8,1,0,1,0,0,8,11,11,10,5,5,2,5,18,14,8,2,1,3,19,18,16,4,2,6,3,3,1,0,2,3,2,0,2,9,17,11,12,2,5,5,4,6,17,6,10,11,12,8,9,2,5,7,2,1,1,1,2,4,0,3,1,3,3,2,5,7,12,8,16,12,12,6,12,4,7,5,4,7,3,2,0,8,0,6,4,3,6,3,10,3,4,4,4,5,3,1,1,2,4,0,5,1,2,12,4,5,3,8,14,9,13,4,9,12,12,8,19,9,19,14,10,1,0,2,2,5,2,2,6,4,5,5,11,12,12,9,6,1,8,10,6,5,7,4,6,7,11,4,10,4,10,13,5,4,1,5,6,8,11,5,2,6,4,0
193.081,0.99389,0.0128217,9,511,0,-128.524,9.54298,0.717025,0.0814978,-0.145968,0.0063632,-0.229818,0.830286,0.503065,-1.66107,-0.0932606,-0.109848,-0.507387,0.383503,0.821722,0.523913,-2.03171,0.188887,0.24219,-0.41383,0.0814562,-0.401403,1.18198,0.0970204,-1.07918,-0.108939,-0.625227,-1.29411,0.21742,-0.670709,-1.02433,0.811021,0.529787,0.433425,-0.111713,-0.0665114,-0.357381,-1.14485,-0.40305,-0.254406,-0.435065,-0.00872567,0.29146,-0.439488,0.251956,-1.2902,0.171929,0.190533,0.367008,-0.704763,-0.015071,-0.053231,0.089153,-0.0259052,-0.0413551,-0.0821101,0.0738641,0.0486712,-0.0827909,0.111402,-0.0397563,0.134839,0.0904761,0.0390114,-0.0990135,0.557402,0.168699,-0.717126,-0.0576523,0.353886,0.23824,0.748236,0.073189,-0.948109,0.488548,-0.308105,0.531532,0.726816,0.363466,-0.563658,-1.08499,0.936416,-1.09309,0.331737,-0.421139,1.26665,0.0945536,0.34222,-0.304668,-1.1599,1.07091,-0.202591,-0.193441,0.352586,0.30594,-0.997749,-0.572266,-0.12407,0.65855,1.14906,0.0547625,0.500136,-0.759286,0.300852,0.207598,-0.164189,-1.0698,-0.715177,0.420228,-0.197856,0.74506,-0.446466,-0.0351437,0.220001,1.02614,0.70877,0.334761,-0.398776,0.458041,-0.113319,0.0440221,-0.000636133,0.0754142,-0.0830388,-0.11181,0.0945308,-0.0923018,-0.0771299,-0.0515476,-0.0474576,-0.0623548,0.00415361,-0.0131764,0.011361,0.034174,0.449833,-0.226203,0.125108,0.119911,21.1331,0.479671,0.500887,0.468018,0.613679,0.569647,0.283761,0.487007,0.484697,0.429763,0.553239,0.612547,0.572493,0.243703,0.526297,0.533698,0.442587,0.511349,0.444296,0.658999,0.513517,0.353992,0.484824,0.413746,0.327098,0.530261,0.40761,0.361015,0.61113,0.573294,0.560106,0.484438,0.490733,0.450363,0.345667,0.44407,0.464608,0.439669,0.498784,0.540526,0.439062,0.535053,0.327578,0.52394,0.526526,0.550965,0.403035,0.493844,0.500268,0.490309,0.53496,0.521204,0.4304,0.496067,0.495367,0.478614,0.516169,0.534601,0.522082,0.415142,0.507966,0.510213,0.482554,0.503435,0.483077,0.549685,0.504092,0.454611,0.495406,0.473656,0.445637,0.509169,0.471743,0.456906,0.534151,0.522329,0.518271,0.495289,0.497195,0.484932,0.451866,0.483008,0.489272,0.481659,0.499632,0.51229,0.481473,0.510625,0.4458,0.507251,0.508035,0.515474,0.470312,0.483591,0.500716,0.474178,0.592302,0.556334,0.321431,0.489514,0.487649,0.443186,0.543021,0.591372,0.558647,0.286196,0.521229,0.527209,0.453595,0.509159,0.454981,0.629878,0.510909,0.380966,0.487751,0.430148,0.358441,0.524431,0.42514,0.386801,0.590208,0.559299,0.548589,0.48744,0.492521,0.459896,0.374024,0.454797,0.471421,0.451229,0.499019,0.53273,0.450736,0.528304,0.358846,0.519325,0.521414,0.54118,0.421401,0.508254,0.49964,0.512993,0.453184,0.471582,0.592845,0.505274,0.506212,0.528662,0.478326,0.453664,0.470407,0.612915,0.48932,0.486307,0.523385,0.495394,0.522684,0.433554,0.494514,0.560727,0.50616,0.535298,0.572665,0.487707,0.537857,0.557669,0.454264,0.470076,0.475509,0.506317,0.503761,0.520199,0.564383,0.522777,0.514383,0.524583,0.500493,0.483524,0.524833,0.485756,0.572449,0.490278,0.489227,0.479257,0.539771,8.22156,9.03287,7.13197,8.18182,7.92671,5.58791,8.11767,7.26209,7.82975,7.79715,9.54192,8.94794,5.19236,8.58478,8.48153,8.20285,8.46825,6.94594,8.66023,8.32408,7.21167,8.26172,8.34822,8.18454,7.61708,8.04791,7.66581,9.6109,8.9543,9.12163,8.09765,9.28284,8.26403,7.78697,6.84518,8.75003,8.6131,9.0165,9.09101,8.54939,8.65318,7.63051,8.40533,8.42551,8.07748,7.61607,4,3,1,3,0,8,7,12,3,5,6,5,12,5,14,13,8,11,4,8,7,2,7,4,5,7,4,7,3,1,17,23,16,11,30,3,0,0,8,2,4,5,4,7,24,23,15,6,4,3,7,7,3,6,3,2,5,0,2,8,13,12,8,4,2,3,4,2,5,4,4,6,11,8,7,5,8,9,1,1,0,6,2,4,1,0,2,3,1,7,5,19,17,14,10,9,16,10,22,2,6,11,8,9,2,3,0,5,5,7,3,5,2,3,2,6,4,3,4,2,2,1,2,1,6,2,3,0,7,9,6,5,16,8,8,11,9,12,11,4,9,7,15,5,12,11,10,4,8,7,4,4,6,3,4,5,7,6,2,8,4,3,4,16,23,13,16,11,16,14,10,11,12,6,5,21,14,12,9,13,10,18,13,8,10,7,6,2,5,3
205.921,0.979995,0.0128217,8,255,0,-133.493,9.53971,0.71968,0.0415643,-0.183027,0.18893,-0.406179,0.779041,0.164259,-0.932897,-0.00461955,0.0700417,0.166001,0.42669,0.640974,0.417246,-1.57197,-0.0346862,0.21266,-0.384218,0.103489,-0.548227,1.18131,-0.0572955,-1.24545,-0.171381,-0.652794,-1.32671,0.346199,-0.635569,-0.784611,0.751934,0.500899,0.246633,0.103588,-0.252935,-0.302457,-1.47618,-0.24507,-0.146451,-0.365678,-0.239116,0.387001,-0.41447,0.236224,-1.27139,0.0967234,0.217632,0.253353,-0.590492,0.0346608,0.0559089,0.0764636,-0.043095,0.0323873,0.032794,-0.0690086,0.00632728,-0.0354655,-0.0622343,-0.0238004,-0.0434494,0.0382156,0.0446405,-0.0515701,0.523034,0.110196,-0.667621,-0.0497083,0.355056,-0.25852,0.791551,0.0552639,-1.09297,0.300692,-0.216036,0.37457,0.716915,0.413156,-0.464093,-1.07938,0.887699,-1.51999,0.0632391,-0.291958,1.1581,-0.0242075,-0.335855,-0.259142,-1.18734,1.15525,-0.163153,-0.0283816,0.259965,0.483004,-1.10253,-0.63722,-0.171793,0.940491,1.46119,0.368181,0.676226,-0.673127,0.247983,0.59488,-0.15548,-1.05382,-0.488658,0.50869,-0.365251,0.888824,-0.651629,0.074345,0.477868,0.929714,0.739271,0.479381,-0.41912,0.217928,0.124336,0.00539823,-0.0255941,-0.067461,0.0808818,0.0575635,0.0279007,0.0888067,0.0177071,0.0816679,0.018736,0.0234878,-0.00391432,0.00806658,0.0136981,0.09368,0.285552,-0.150206,0.0697741,0.139458,20.196,0.476086,0.524684,0.447087,0.60048,0.521465,0.38038,0.499396,0.509158,0.521692,0.555563,0.583037,0.554343,0.305298,0.495465,0.527778,0.449929,0.513529,0.428802,0.649733,0.492509,0.342671,0.477605,0.415461,0.333162,0.545145,0.417651,0.398821,0.597074,0.565125,0.532205,0.513542,0.466975,0.460533,0.316027,0.467999,0.48086,0.45233,0.468774,0.550432,0.446016,0.530849,0.339622,0.512645,0.528427,0.53308,0.423396,0.494958,0.505205,0.488812,0.521449,0.504525,0.474322,0.499873,0.50193,0.504573,0.511753,0.517651,0.511493,0.456802,0.499044,0.505858,0.489417,0.502851,0.484901,0.532498,0.498422,0.465743,0.495279,0.482024,0.463515,0.509536,0.482498,0.478398,0.520703,0.513796,0.506794,0.502854,0.493032,0.491668,0.459422,0.493249,0.495966,0.489927,0.493413,0.51066,0.488584,0.506507,0.465032,0.502665,0.505995,0.506979,0.483738,0.486937,0.513484,0.471036,0.555386,0.511724,0.433793,0.49967,0.505,0.511848,0.530423,0.54563,0.529751,0.389627,0.497524,0.515177,0.472599,0.507387,0.460943,0.583541,0.49591,0.412015,0.487768,0.453533,0.406405,0.524694,0.454752,0.444221,0.553474,0.535697,0.517599,0.507394,0.481951,0.478422,0.396152,0.482512,0.489547,0.473919,0.482937,0.527599,0.470446,0.516857,0.410222,0.506904,0.515531,0.518078,0.457946,0.506872,0.492906,0.515248,0.470779,0.493832,0.534974,0.500173,0.49737,0.493767,0.483983,0.475949,0.484337,0.558757,0.501303,0.492015,0.514424,0.496114,0.520575,0.455756,0.502152,0.546633,0.506435,0.524494,0.549656,0.487003,0.523848,0.529429,0.471794,0.481199,0.49074,0.49611,0.509497,0.511356,0.555207,0.509202,0.505499,0.513728,0.508978,0.485472,0.515559,0.49113,0.547598,0.496368,0.491828,0.490487,0.522159,8.22077,9.1352,6.92686,8.36961,7.53793,6.36365,8.28222,7.43699,8.59471,7.81899,9.44068,8.8638,5.68337,8.3797,8.515,8.34276,8.52774,6.77481,8.62515,8.22578,7.08535,8.23325,8.23379,8.15786,7.73281,7.96822,7.80888,9.58819,8.95334,9.01855,8.39815,9.14698,8.43031,7.35591,7.2731,8.77588,8.75801,8.67661,9.06335,8.48882,8.66994,7.57366,8.3908,8.52033,8.07599,7.78451,2,0,1,1,1,2,10,4,8,4,1,2,8,10,6,6,5,7,8,9,8,6,6,7,6,4,2,4,4,1,9,18,30,23,24,2,2,2,6,2,6,5,2,2,24,9,12,8,8,5,5,2,6,3,1,0,1,1,0,9,21,10,14,8,4,7,4,3,7,3,7,4,9,7,11,7,15,7,2,2,4,3,3,5,2,1,0,2,4,4,4,11,13,14,12,19,22,18,30,10,7,10,19,3,2,1,2,3,6,4,5,3,16,5,10,12,0,3,5,5,0,1,1,1,1,2,4,3,5,7,11,12,10,10,13,8,7,5,8,11,9,9,12,10,13,7,7,4,4,5,2,3,2,1,2,2,4,8,9,10,10,10,7,2,4,8,12,7,14,11,9,6,9,14,12,9,8,4,6,8,11,6,10,7,5,9,4,5,2,3
205.555,0.913604,0.0128217,8,255,0,-138.346,9.90037,0.587356,0.103898,0.0239911,0.127232,-0.407824,0.469621,-0.780835,0.445174,-0.0245554,-0.0884806,-0.345371,0.35757,0.661504,0.893287,-0.732218,-0.361526,0.0624781,-0.413305,-1.04972,0.867798,1.13408,0.0981492,-1.05959,0.266258,-0.581434,-0.966317,0.298328,-0.602825,-0.835873,0.747187,0.442205,0.222438,-0.070078,0.0514533,-0.347218,-0.753805,-0.61071,-0.431311,-0.455453,-0.560011,1.0407,-0.763466,0.206555,-1.30395,0.203519,-0.0664808,0.31718,-0.773884,0.0526953,-0.0104631,-0.133357,-0.0501558,-0.131676,0.0456583,-0.00847502,0.068247,0.0892126,0.0585664,0.0400563,-0.00685691,0.155179,-0.0690542,0.0732461,0.281978,-0.510605,-0.637124,-0.0557095,0.351134,0.597738,0.609842,0.0609045,-1.23033,0.807827,0.684762,0.717604,0.591487,0.283912,-0.205965,-0.510596,0.8831,-1.32157,0.856403,-1.0179,1.11214,-0.0151783,-0.772867,-0.178745,-1.05884,0.758577,-0.451582,0.664828,0.437441,0.192822,-0.693206,-0.120775,-0.161413,1.22206,1.48634,-0.759686,0.194605,-0.519536,0.112767,0.272646,-0.176861,-1.10995,-0.395079,0.26027,-0.0347934,0.965805,0.270817,0.226039,0.18193,0.981058,0.50463,0.295957,0.259175,0.186632,0.0399211,0.0559347,0.059091,0.0141478,-0.0382619,0.0411404,0.117313,0.108967,-0.0511743,-0.0517714,0.00424657,-0.0566951,-0.075962,-0.0668273,-0.118249,0.0467534,-0.805207,-0.304625,0.128716,0.138214,22.4549,0.501691,0.508968,0.471282,0.533057,0.445177,0.531341,0.498269,0.493763,0.475672,0.525185,0.546498,0.562641,0.448565,0.474536,0.504404,0.470897,0.426536,0.560872,0.579272,0.506919,0.425855,0.518761,0.459104,0.432298,0.521018,0.457606,0.441347,0.552479,0.531133,0.515676,0.49506,0.503627,0.475543,0.44706,0.457054,0.469632,0.467937,0.460604,0.572841,0.446387,0.514557,0.4091,0.514343,0.495314,0.522345,0.445661,0.496938,0.483764,0.551872,0.440338,0.598375,0.443416,0.503134,0.511293,0.543973,0.454482,0.416352,0.387907,0.592395,0.546019,0.492025,0.552564,0.630879,0.391002,0.359147,0.487474,0.632053,0.466064,0.573681,0.620909,0.461992,0.57635,0.60511,0.405761,0.443791,0.471636,0.508945,0.493432,0.544207,0.595054,0.577332,0.554836,0.557879,0.571003,0.370194,0.596242,0.473657,0.660563,0.474044,0.508486,0.4596,0.597522,0.495171,0.47441,0.581366,0.406575,0.652202,0.411333,0.504943,0.517804,0.569079,0.428514,0.3699,0.327551,0.64327,0.572266,0.487426,0.58244,0.699568,0.332088,0.286352,0.480253,0.701236,0.446606,0.614952,0.685267,0.440233,0.619022,0.662186,0.353969,0.411912,0.455342,0.514103,0.489644,0.569444,0.647249,0.620518,0.585961,0.59067,0.610859,0.301961,0.649023,0.458516,0.740765,0.459123,0.51338,0.436496,0.650932,0.498173,0.490312,0.531018,0.464296,0.559187,0.466149,0.50187,0.506738,0.526278,0.472796,0.449792,0.432387,0.555533,0.527505,0.495242,0.531434,0.579268,0.434294,0.414482,0.492526,0.580001,0.479734,0.544164,0.573064,0.477296,0.54578,0.563315,0.443342,0.466374,0.483066,0.505337,0.496082,0.526418,0.557156,0.546376,0.5328,0.53463,0.542545,0.421402,0.557882,0.484275,0.598018,0.484506,0.505063,0.475864,0.558665,8.50005,9.03015,6.94547,7.98256,6.54135,7.87078,8.21004,7.29187,8.09934,7.77579,9.52159,9.44221,6.59398,8.08182,8.30447,8.35591,7.33676,8.3285,8.61623,8.34318,7.3261,8.7629,8.26151,8.21135,7.71154,8.07393,7.82162,9.6213,8.9537,9.0456,8.16064,9.25316,8.42758,8.07483,6.81085,8.42422,8.70683,8.28472,9.85521,8.06437,8.69813,7.48053,8.4575,8.16455,8.0338,7.63502,2,0,3,4,3,2,11,12,8,5,16,12,17,10,16,11,16,2,5,9,4,7,6,9,8,0,6,4,2,5,20,9,16,13,7,2,0,2,8,5,10,3,6,6,9,8,14,0,5,11,1,4,7,4,5,2,1,0,2,11,9,16,22,3,4,3,5,10,6,10,8,4,9,4,4,6,5,2,0,5,1,4,5,5,5,3,9,4,4,5,2,14,6,12,13,16,14,20,25,4,1,5,9,8,3,1,1,0,5,9,5,8,3,5,6,4,4,2,0,2,2,1,2,3,4,3,3,2,8,9,11,5,12,12,13,6,11,3,8,4,10,13,8,11,16,6,6,5,2,7,7,6,5,3,7,8,3,4,8,6,6,6,5,16,9,9,8,7,17,7,8,5,14,8,7,8,12,7,7,3,10,3,17,5,6,3,5,7,6,3
196.35,0.924087,0.0128217,8,255,0,-141.638,9.09552,0.610544,0.0387942,0.451584,0.450341,-0.359436,0.996591,0.51988,-0.892553,-0.0286873,-0.944716,0.205539,0.255636,0.884654,0.538145,0.0020338,0.275251,-1.2703,-0.96994,-0.227296,-0.546802,0.908884,0.116029,-0.908814,0.383857,-0.2256,-0.786997,0.205984,-0.269069,-0.743953,1.17702,0.738247,0.539285,-0.129251,0.289888,-0.0614604,0.541254,0.24011,-0.117045,0.0291954,-1.14553,-1.871,-0.00802073,0.449634,-0.963081,0.217366,0.174972,0.200273,-0.468157,-0.0128191,-0.0121131,0.0195526,0.0302646,0.0197616,0.0216579,0.0134213,-0.039224,-0.0227666,-0.0244461,-0.056394,0.0158031,-0.0291492,0.0279295,-0.0283001,0.105103,0.329345,-0.447314,-0.0532729,0.370149,0.483983,0.743635,0.153625,-0.517221,0.280901,-0.695665,0.144065,0.0991521,0.294447,-1.6842,-0.876426,0.522864,-0.468786,0.352523,0.033384,0.670522,-0.0330081,-0.100725,-0.198215,-0.839321,0.910743,-0.63098,-0.0433614,0.165478,0.0737979,-0.644641,-0.68932,-0.763521,1.05517,0.866546,0.680303,-0.0735771,-0.853292,0.225941,0.853751,-0.36697,-1.23075,-0.995463,0.986084,-0.776045,1.15927,-0.1596,0.233873,0.554357,1.12204,0.56822,0.253437,-0.726918,-0.409303,-0.175893,-0.111886,0.127494,-0.0522888,-0.06503,-0.115959,-0.0474524,-0.0707925,0.211596,-0.0059093,-0.0887907,-0.100118,-0.139152,-0.0124328,-0.129564,0.0168395,-0.196237,-0.449786,0.304015,0.134935,19.1305,0.511863,0.511831,0.490557,0.526162,0.513657,0.476565,0.499246,0.475197,0.5054,0.506717,0.523228,0.514136,0.500053,0.507232,0.466671,0.474536,0.494028,0.485636,0.523863,0.503049,0.476138,0.510085,0.494072,0.479333,0.505412,0.492931,0.480462,0.530888,0.519388,0.514166,0.496604,0.507616,0.498385,0.514218,0.506309,0.496925,0.500767,0.469937,0.450996,0.499789,0.511812,0.474716,0.505711,0.504597,0.505262,0.487701,0.537113,0.537012,0.47044,0.581327,0.542701,0.427035,0.497638,0.422837,0.516917,0.521036,0.572328,0.544193,0.500167,0.522648,0.396908,0.420811,0.481294,0.4551,0.57428,0.509552,0.425725,0.531563,0.481433,0.435562,0.516953,0.47786,0.43905,0.595716,0.560487,0.544286,0.48936,0.52385,0.49494,0.544447,0.519759,0.490364,0.502404,0.406785,0.350645,0.49934,0.536954,0.421362,0.517889,0.514403,0.516484,0.46153,0.47786,0.477921,0.517626,0.451263,0.474517,0.543676,0.501407,0.546215,0.489918,0.487461,0.456708,0.473624,0.4999,0.4865,0.561999,0.547441,0.511149,0.5268,0.455529,0.494308,0.544468,0.481177,0.511066,0.538533,0.489896,0.513197,0.536433,0.442512,0.463845,0.473568,0.506341,0.485782,0.503015,0.473471,0.488223,0.505742,0.498568,0.555963,0.590772,0.500393,0.477956,0.547108,0.489338,0.491417,0.490176,0.522951,0.449395,0.449533,0.540329,0.389776,0.441806,0.599038,0.503226,0.60466,0.476904,0.471286,0.401816,0.439781,0.499771,0.469089,0.639077,0.607369,0.525536,0.561178,0.399199,0.486956,0.600793,0.456944,0.525346,0.587582,0.476854,0.530219,0.582883,0.370655,0.417741,0.439655,0.51453,0.467449,0.506911,0.439437,0.473027,0.513158,0.496717,0.626034,0.698792,0.500902,0.449612,0.606633,0.475577,0.480335,0.477495,0.552449,8.62091,9.04844,7.18987,8.65133,8.09541,6.64098,8.18751,6.5873,8.36753,7.8233,9.3646,8.71004,7.56213,8.43932,6.90929,7.45499,7.92177,6.99693,8.49589,8.33654,7.22007,8.55116,8.35233,8.15344,7.77217,8.18603,7.69706,9.73242,8.91606,9.00904,8.08394,9.29682,8.39039,9.14205,7.87249,8.46413,8.78851,7.40528,6.53779,8.57641,8.6189,7.59303,8.44091,8.39725,8.07792,7.67373,2,5,5,4,4,11,11,11,9,1,7,6,6,1,3,3,2,3,6,6,2,9,7,6,3,3,1,1,1,1,10,9,17,10,13,4,2,2,5,9,4,6,7,5,8,15,10,12,10,6,7,7,5,4,2,3,5,3,5,7,13,9,16,4,3,3,10,12,4,2,11,8,7,7,9,11,3,8,5,1,1,13,1,6,5,7,3,2,4,5,3,26,24,38,35,14,23,23,16,12,6,10,5,15,2,1,3,7,7,6,10,6,13,10,10,12,3,1,4,1,1,1,1,3,0,4,0,3,7,25,16,11,16,13,15,20,18,12,21,13,16,13,16,20,17,3,16,4,3,4,9,10,2,6,2,1,7,6,5,11,4,12,7,22,7,16,7,25,20,18,28,17,28,12,26,13,22,10,27,18,10,8,10,1,7,3,3,3,4,2
205.524,0.98428,0.0128217,8,255,0,-130.071,9.26485,0.692585,0.0484512,0.404058,0.662287,-0.554473,-0.157119,0.216395,-0.102385,0.137731,-1.11704,0.152963,0.0173258,1.05402,1.17711,0.174485,-0.111541,-0.644281,0.837545,-0.155396,-0.41264,0.855497,0.189573,-1.14982,0.461692,0.1029,-0.51024,-0.122574,-0.503055,-0.774908,0.995046,0.809358,0.553839,0.052262,0.29299,0.018541,0.612069,0.383568,-0.0228406,0.143672,1.15411,-1.1,-0.145531,0.467021,-0.732354,0.262398,0.418599,0.120051,0.664118,-0.019874,-0.031914,0.0408186,-0.0525364,0.0190617,0.0498656,-0.0165834,-0.028209,-0.0606628,0.00951101,0.000918348,0.0513782,0.0325888,-0.0538407,-0.0112205,0.182268,-0.362684,-0.304171,-0.0769561,0.347473,1.73195,0.57659,0.153359,-1.05582,0.756084,0.46592,0.655826,0.337122,0.151313,-1.48549,-0.18591,0.877139,-1.40898,0.671435,-0.576175,0.920614,-0.570681,-0.905358,-0.605126,-1.47398,0.626132,-0.434914,0.399586,0.320814,-0.189604,-0.81386,-0.318692,-0.115256,0.489814,1.10092,-0.759894,0.0300428,-0.960803,0.0687074,-0.155004,-0.338162,-0.344031,-0.505315,0.0681258,-0.345048,0.791526,-0.0386329,-0.0662801,0.420567,0.796732,0.533461,0.195427,0.0404143,0.441269,0.124902,-0.0951846,-0.170377,0.163428,0.151112,0.110379,0.161881,0.0606231,-0.130913,0.114518,0.00527803,0.105157,0.0448881,-0.0174212,0.110186,-0.0564373,-0.411406,-0.358442,0.0493588,0.094793,25.5673,0.518403,0.530142,0.474756,0.492841,0.509859,0.495335,0.506276,0.449275,0.50697,0.500789,0.547881,0.553432,0.50795,0.494918,0.470676,0.53809,0.49292,0.481206,0.538904,0.508637,0.447797,0.521025,0.504689,0.476767,0.494415,0.477093,0.464748,0.545217,0.536813,0.525215,0.502381,0.513347,0.500845,0.527861,0.517471,0.498959,0.506546,0.552396,0.450044,0.493369,0.521268,0.466678,0.511954,0.519065,0.50547,0.530225,0.463429,0.440237,0.550106,0.514242,0.480389,0.509282,0.487514,0.59992,0.486134,0.498429,0.405578,0.394862,0.484185,0.510112,0.558153,0.424638,0.514086,0.537345,0.423048,0.482818,0.60277,0.458236,0.490671,0.546132,0.511112,0.545486,0.569803,0.410745,0.427137,0.449951,0.495262,0.473459,0.498319,0.44473,0.465278,0.502071,0.486976,0.396857,0.598436,0.513192,0.457756,0.566016,0.476226,0.462118,0.489117,0.440073,0.458537,0.432301,0.556782,0.516154,0.477758,0.510529,0.485838,0.612909,0.484273,0.498218,0.39326,0.381244,0.482062,0.51147,0.56588,0.4147,0.515977,0.542339,0.412908,0.480512,0.616103,0.452657,0.489418,0.552287,0.512604,0.551556,0.579032,0.399064,0.417517,0.443282,0.494625,0.469902,0.498093,0.437378,0.460631,0.502349,0.485227,0.383479,0.611244,0.514964,0.452113,0.574759,0.473038,0.457053,0.487655,0.432116,0.463855,0.440929,0.549524,0.514076,0.480618,0.509174,0.48766,0.598782,0.486296,0.498447,0.406656,0.396056,0.484369,0.509994,0.557479,0.425506,0.513922,0.53691,0.423934,0.483019,0.601602,0.458722,0.49078,0.545596,0.510982,0.544957,0.568997,0.411767,0.427977,0.450533,0.495317,0.473769,0.498339,0.445371,0.465682,0.502047,0.487128,0.398029,0.597314,0.513038,0.458247,0.565252,0.476504,0.462559,0.489244,0.440767,8.58022,8.99868,7.18845,7.6704,7.991,7.6591,8.2888,6.60318,8.31881,7.78374,9.43654,9.38452,7.94737,8.04341,7.47468,9.21136,7.99775,7.33609,8.6562,8.34277,6.96294,8.64022,8.41636,8.16995,7.63808,7.98144,7.69851,9.64434,9.00204,8.91613,8.19981,9.23311,8.35885,8.94642,8.23333,8.28544,8.73514,9.5103,7.36036,8.1577,8.64576,7.54685,8.41859,8.58121,8.11553,8.85091,4,2,5,0,1,12,16,12,8,5,12,9,10,8,8,12,10,3,14,4,10,6,8,7,7,1,1,1,10,8,15,20,13,13,13,1,3,3,10,4,9,1,6,4,8,14,15,6,5,8,2,2,3,1,2,0,3,2,2,12,12,5,6,4,4,2,12,13,7,10,11,12,11,8,8,5,7,8,0,3,0,2,7,3,4,5,2,5,4,9,4,13,15,11,9,9,14,21,9,5,2,6,4,5,3,1,0,10,7,4,5,16,11,3,3,9,5,3,4,4,2,2,1,2,2,2,7,1,5,11,5,14,9,8,12,6,19,9,12,5,6,9,9,10,19,16,13,2,2,9,5,3,3,10,1,3,6,7,6,5,8,13,9,9,8,8,4,8,20,20,10,16,9,12,19,4,3,16,10,3,8,5,11,2,2,6,6,5,7,5
209.821,0.974808,0.0128217,8,255,0,-144.412,9.35993,0.479268,0.0642684,0.0410524,0.671164,-0.735675,-0.434284,-0.282818,0.254563,-0.0724684,0.625236,0.622824,0.244817,0.998204,0.576252,0.263876,0.273687,-0.103115,-0.888983,0.173441,-0.0911847,1.12013,-0.0514665,-0.706428,0.468748,-0.00716559,-0.630427,0.107774,-0.589364,-0.862814,0.601191,0.8168,0.646834,-0.201885,-0.0950006,-0.0733849,-0.305408,-0.694212,-0.138459,-0.0350768,-0.656926,0.873506,-0.00599996,0.531313,-0.662316,0.118323,-0.143587,0.0269831,0.0482454,0.0647566,0.0348048,-0.0704032,0.0720166,-0.0424106,-0.0612931,-0.0602861,0.0138974,-0.116402,-0.0179771,0.0619454,0.107144,-0.0399226,-0.0570349,-0.0670578,0.554634,0.37122,-0.440391,-0.142333,0.372769,0.849889,0.780049,0.100601,-0.836205,0.147993,-0.254553,0.627925,0.575011,0.505786,-0.492922,-1.08194,0.456935,-0.401589,0.365091,-0.510014,1.0243,0.309532,-0.186133,-0.225156,-0.902532,1.17079,-0.274661,0.156634,0.00041523,0.0792739,-0.98264,-1.31982,-0.497952,0.886248,0.816017,0.383664,-0.0321949,-0.849923,0.177679,0.528431,-0.546622,-1.5461,-0.693267,0.754907,-0.841427,0.993426,-0.470597,0.217895,0.117845,0.839902,0.453078,0.207,-0.397955,-0.0889123,-0.116442,-0.0439798,-0.0631178,-0.044184,-0.0341255,-0.106594,0.0630857,-0.0794955,0.080903,0.128977,0.178349,0.000270265,0.0762416,-0.135936,0.0456745,0.0501151,-0.305868,-0.604527,0.0424445,0.116233,21.3514,0.505692,0.592003,0.399384,0.440072,0.460865,0.535239,0.489953,0.585836,0.585511,0.533894,0.634979,0.579229,0.536524,0.537876,0.485706,0.379173,0.524031,0.487359,0.650506,0.492864,0.403282,0.564632,0.499006,0.413466,0.514939,0.419,0.382595,0.582596,0.611358,0.588739,0.472036,0.48683,0.489826,0.457753,0.404913,0.480811,0.495136,0.409906,0.618804,0.499168,0.573143,0.409183,0.516401,0.480101,0.503741,0.506689,0.50381,0.561967,0.432147,0.459783,0.473777,0.523607,0.493275,0.557766,0.557545,0.522705,0.591593,0.553276,0.52447,0.525378,0.490432,0.418239,0.516091,0.491538,0.602481,0.495224,0.434813,0.543393,0.499335,0.441759,0.510001,0.445521,0.420604,0.555563,0.575228,0.559743,0.481273,0.491184,0.49319,0.471687,0.435928,0.487153,0.496745,0.439334,0.580363,0.499443,0.549149,0.438842,0.510979,0.486678,0.502504,0.504477,0.496861,0.448858,0.556019,0.53316,0.521613,0.480544,0.505541,0.452335,0.452518,0.481288,0.424258,0.456049,0.479833,0.479084,0.507884,0.567562,0.486741,0.506972,0.415175,0.503935,0.553809,0.464217,0.500548,0.548058,0.49176,0.544945,0.565597,0.454158,0.437865,0.450699,0.515433,0.507264,0.505611,0.523337,0.552886,0.510586,0.502682,0.550065,0.4336,0.500459,0.459461,0.550473,0.490953,0.510978,0.497937,0.496311,0.493796,0.399935,0.609387,0.56526,0.542639,0.461603,0.510951,0.406616,0.406968,0.463068,0.353557,0.41378,0.460204,0.458731,0.515579,0.631211,0.473812,0.513777,0.336898,0.507778,0.60517,0.429628,0.501083,0.594141,0.483718,0.588141,0.62752,0.410128,0.379004,0.40347,0.530473,0.514354,0.511089,0.546026,0.603404,0.520913,0.505301,0.597998,0.37097,0.500907,0.420385,0.598781,0.482125,0.521687,0.495922,0.492709,8.09854,9.01724,6.80341,7.35175,7.30582,7.90295,8.24003,8.31437,8.74453,7.89212,9.47348,8.69289,7.9133,8.35703,8.20597,7.38006,8.24566,7.51874,8.86173,8.26337,7.26865,8.57362,8.26408,8.1076,7.73985,8.07783,7.77494,9.68113,8.95941,9.08464,8.09622,9.26115,8.28486,7.93269,7.06346,8.11817,8.77565,7.54263,9.70157,8.26537,8.64304,7.53665,8.45206,8.161,8.05967,8.10653,2,2,1,4,3,7,8,3,6,4,5,5,12,12,11,6,10,7,10,9,5,13,8,7,4,1,6,1,4,1,4,10,12,9,9,5,4,6,7,8,11,3,3,4,15,31,12,7,6,5,2,4,5,1,7,4,0,0,1,20,19,23,12,5,7,4,1,5,6,9,9,4,5,6,7,2,7,6,2,2,4,1,0,1,0,1,0,1,4,2,3,12,14,10,11,20,14,9,8,13,10,7,6,3,3,2,2,6,1,3,3,0,9,10,8,8,1,9,2,0,1,1,3,2,1,1,3,5,14,13,19,9,8,9,7,10,11,17,13,9,11,13,15,7,7,12,11,3,4,2,2,2,6,4,3,4,5,5,7,8,1,9,4,7,9,15,3,4,7,5,15,12,7,4,10,11,12,15,5,9,4,5,6,2,5,3,2,6,8,2
201.11,0.916902,0.0128217,8,255,0,-145.107,10.123,0.474355,0.103298,-0.0329723,0.327267,-0.519024,0.293942,0.365376,-0.496313,0.0267963,-0.51137,-0.739928,-0.0154602,0.813519,0.860928,0.161381,-0.0850114,-0.441213,0.332016,-0.615829,-0.0458076,0.668287,0.129011,-1.19472,0.267231,-0.188099,-0.676258,-0.162787,-0.499701,-0.758139,0.66179,0.449836,0.287161,-0.0592643,-0.0561343,-0.0473932,0.446166,0.840768,0.431547,-0.138691,0.679669,-0.798288,-0.0435479,0.19163,-0.762523,0.103344,0.175145,0.00941372,0.0756971,-0.119537,-0.0498853,0.0122856,-0.0810099,0.0269072,0.116555,-0.0521198,-0.0512945,-0.0765035,0.00295052,0.0402163,0.178741,0.115479,0.012873,-0.136143,0.0318879,-1.09043,-0.435229,-0.0820714,0.34966,-0.144356,0.580129,0.138955,-0.892911,0.624994,0.704055,0.485003,0.213083,0.486841,-1.14037,-0.252135,0.892154,-1.40759,0.573407,-0.544626,0.953243,-0.507318,-0.432924,-0.425038,-1.32912,0.931618,-0.719748,0.519803,0.638634,0.271253,-0.83069,-0.333161,0.0413981,0.697788,1.38404,-0.597978,0.0322798,-0.83789,0.0120875,0.250322,-0.151102,-0.761772,-0.497488,0.0214051,-0.291754,0.573783,-0.0329984,-0.016026,0.478666,0.954757,0.640054,0.347754,0.0481916,-0.415937,-0.246085,-0.0057504,-0.259536,-0.0423593,-0.0633548,0.0616845,-0.0094272,-0.111659,-0.0365184,0.117007,0.0376858,0.178083,-0.00331567,-0.078221,-0.102203,0.163808,-0.469293,-0.0519673,0.0148324,0.0928681,23.8799,0.499737,0.502609,0.495862,0.502343,0.502913,0.496043,0.500214,0.495923,0.494102,0.499877,0.506485,0.506863,0.501287,0.499322,0.496483,0.502647,0.495091,0.499635,0.505327,0.501028,0.490477,0.50213,0.4985,0.494609,0.498702,0.496016,0.493956,0.505276,0.503586,0.502289,0.499528,0.499552,0.499622,0.503557,0.506702,0.50344,0.498894,0.505418,0.493636,0.499653,0.501528,0.493921,0.500824,0.501396,0.500075,0.500603,0.508988,0.411719,0.637831,0.420548,0.401692,0.632091,0.492696,0.635901,0.691436,0.504214,0.291711,0.281146,0.456119,0.523158,0.618011,0.410465,0.661843,0.512485,0.325475,0.464888,0.7863,0.427662,0.551098,0.67643,0.544261,0.632949,0.695657,0.327032,0.379772,0.422351,0.51615,0.515298,0.512917,0.380715,0.28561,0.384481,0.537737,0.322756,0.704846,0.511869,0.447949,0.696668,0.471857,0.452398,0.497434,0.479376,0.503868,0.461679,0.560594,0.465568,0.457238,0.557967,0.496856,0.559709,0.585949,0.501814,0.405698,0.400345,0.481075,0.509972,0.55158,0.461125,0.571752,0.505374,0.422231,0.484869,0.636609,0.468689,0.522054,0.578682,0.519089,0.558359,0.588021,0.422975,0.447419,0.46636,0.506953,0.506585,0.50556,0.447845,0.402618,0.449542,0.516266,0.420928,0.592578,0.505109,0.477532,0.588519,0.487878,0.479463,0.498896,0.49112,0.500428,0.495748,0.506743,0.496181,0.495253,0.506448,0.499652,0.506643,0.509612,0.500201,0.489432,0.488817,0.497903,0.501104,0.505732,0.495687,0.508,0.500595,0.491319,0.498324,0.515517,0.496528,0.502444,0.508785,0.502115,0.506492,0.509848,0.491403,0.494156,0.496269,0.50077,0.500729,0.500616,0.494204,0.489079,0.494394,0.501802,0.491171,0.51037,0.500566,0.49751,0.509905,0.498657,0.497725,0.499878,0.499017,8.36067,8.98791,7.19094,8.16853,8.33306,7.21991,8.29525,7.2007,7.45458,7.84033,9.49786,9.50324,8.06966,8.29316,7.69048,8.88675,7.61098,7.80095,8.71915,8.42782,6.89623,8.74963,8.32043,8.18288,7.6493,8.06149,7.73461,9.71923,8.9845,8.82892,8.18359,9.19412,8.39552,9.14065,8.86263,9.12192,8.6962,9.43741,7.68443,8.5078,8.65188,7.58713,8.39454,8.48758,8.09197,8.50165,0,0,2,1,3,7,4,14,9,13,14,20,6,11,14,9,14,5,5,4,11,5,6,8,5,2,2,0,4,2,11,5,14,10,10,1,0,2,10,15,5,4,2,3,9,16,14,5,2,6,2,1,4,3,3,0,0,0,1,12,13,17,7,2,1,6,8,7,3,5,4,6,11,8,5,7,11,9,1,4,0,2,2,1,5,1,5,5,4,4,6,11,8,5,10,11,30,9,23,1,8,5,1,5,0,0,1,3,5,8,0,3,4,5,5,8,6,2,2,1,2,1,7,2,5,3,2,3,5,3,7,16,5,9,7,8,4,6,14,12,10,6,4,13,13,14,12,4,4,2,3,2,4,6,6,5,8,2,3,6,17,9,15,4,11,9,5,14,8,13,4,6,5,5,9,9,10,12,13,9,6,7,6,10,5,11,6,8,3,6
204.775,0.991857,0.0128217,8,255,0,-134.512,9.26983,0.578266,0.0573646,-0.506533,0.710122,-0.710954,0.114994,-0.294154,0.778626,-0.211368,-0.00704665,0.216742,-0.00675963,0.972947,0.81326,0.5021,0.273095,0.340133,-0.43789,0.315538,0.608161,0.723519,-0.0263031,-0.862842,0.866807,0.0643821,-0.613148,-0.076417,-0.644842,-0.923112,0.616743,0.774058,0.770048,-0.131604,0.161741,-0.0392676,-0.887295,-1.0518,-0.336881,-0.0861576,-0.468302,0.585837,0.125369,0.476155,-0.675512,-0.0349082,-0.436166,-0.178189,-0.10451,0.0365651,-0.0115451,0.0817078,0.11413,-0.0865285,-0.0559833,0.0478853,-0.0666001,-0.0449308,0.0267894,-0.028255,0.0582168,0.0202203,-0.016933,-0.00293952,0.350459,0.449287,-0.312516,-0.148873,0.373205,0.645837,0.714273,0.13782,-0.395418,0.20506,0.175846,0.339406,1.04415,0.625966,-0.782723,-0.463538,0.457342,0.121723,0.230663,-0.750159,1.75891,0.403484,-0.725238,-0.540296,-1.52041,1.12418,-0.0549501,0.0253328,0.266343,-0.498576,-0.910717,-1.1514,-0.127152,0.448423,1.13886,-0.131537,-0.272583,-0.820906,0.29754,-0.0432742,-0.567798,-0.659507,-0.804262,0.603977,-0.921787,0.979016,-0.554976,0.222979,0.068569,0.974006,0.341486,0.414445,-0.44529,0.23934,-0.260237,0.170808,-0.134758,0.0237344,0.0456747,0.0747353,-0.173978,-0.108422,0.103996,0.0502545,-0.00638607,-0.273819,-0.00134129,0.0478582,-0.0216058,0.0968407,-0.345599,-0.481928,-0.0109113,0.105073,17.2199,0.455736,0.561898,0.43803,0.510074,0.474251,0.567799,0.48149,0.499383,0.518981,0.499408,0.584428,0.570775,0.543878,0.523909,0.529765,0.46171,0.527618,0.553083,0.563053,0.497695,0.424973,0.575366,0.505641,0.446485,0.493305,0.443742,0.41982,0.553826,0.567406,0.567061,0.488472,0.514167,0.49656,0.42288,0.408877,0.470519,0.492452,0.459062,0.551148,0.510982,0.541622,0.44109,0.496942,0.46186,0.484393,0.490844,0.44335,0.579092,0.420816,0.512913,0.467008,0.586576,0.476277,0.499209,0.524326,0.499241,0.607576,0.590344,0.556159,0.530636,0.53813,0.450973,0.535383,0.567888,0.580559,0.497046,0.40428,0.596149,0.507231,0.431562,0.491418,0.428073,0.397776,0.568834,0.586078,0.585641,0.485222,0.518159,0.49559,0.401637,0.384011,0.462233,0.490324,0.447593,0.565425,0.514078,0.55328,0.424702,0.496079,0.451165,0.479996,0.488263,0.543653,0.438952,0.561119,0.490066,0.525393,0.43313,0.518254,0.500609,0.481282,0.500584,0.416721,0.430193,0.456727,0.476422,0.470646,0.537762,0.472765,0.447648,0.437812,0.502273,0.574002,0.425663,0.494438,0.552779,0.506602,0.555485,0.579087,0.446914,0.433518,0.433858,0.511369,0.486029,0.503393,0.576067,0.589887,0.529074,0.507443,0.540373,0.449556,0.48917,0.458953,0.558101,0.503016,0.537614,0.515391,0.509029,0.560727,0.415268,0.584829,0.486149,0.535381,0.407275,0.525444,0.500849,0.47391,0.500814,0.384879,0.403252,0.439799,0.467144,0.459112,0.552563,0.462056,0.427248,0.413702,0.503169,0.602484,0.397058,0.492244,0.57334,0.509206,0.577073,0.60942,0.426236,0.407807,0.408273,0.515851,0.480523,0.504731,0.605303,0.624077,0.540499,0.510379,0.556184,0.429882,0.4849,0.442882,0.580676,0.504206,0.552358,0.521455,0.512589,7.58471,9.0222,7.01757,8.14741,7.46781,8.6271,8.19009,7.7782,8.36653,7.77851,9.42733,9.01086,8.32852,8.42744,8.7863,7.90312,8.47332,8.44308,8.56763,8.39016,7.20006,9.06862,8.32445,8.10831,7.7032,8.09997,7.79971,9.61141,8.96856,9.20849,8.27632,9.41936,8.33401,7.29633,6.88724,7.89067,8.70251,7.74865,9.43,8.39039,8.64688,7.52486,8.38086,7.94713,8.07373,8.01921,5,0,5,2,6,3,5,6,6,5,4,1,15,5,9,12,13,13,11,3,10,5,7,8,9,2,3,0,1,5,14,15,10,8,8,7,5,2,11,7,6,2,0,1,23,27,30,3,7,6,1,3,5,2,4,0,1,1,1,20,12,12,12,6,4,3,4,6,3,6,3,5,8,4,4,5,2,2,0,2,1,0,1,2,0,2,3,6,7,3,4,6,6,10,4,1,22,12,19,7,3,4,5,6,4,0,1,2,7,5,8,4,7,10,6,4,2,1,5,1,4,3,4,1,1,2,3,0,7,10,12,23,8,13,6,12,12,8,9,4,5,9,12,15,7,12,4,4,1,1,1,4,2,1,2,1,5,2,3,6,4,9,2,3,11,15,9,9,11,10,12,4,5,11,8,16,7,16,9,7,6,4,9,15,6,5,1,3,4,0
199.318,0.855606,0.0128217,8,255,0,-137.933,9.86136,0.464005,0.0790115,-0.0715377,0.690868,-0.797856,-0.661002,-0.279756,0.334804,-0.154003,-0.0956463,-0.253716,-0.096386,0.901866,0.715509,-0.12416,-0.184644,-0.743567,0.707153,-0.233737,-0.321152,0.613271,-0.113081,-1.04624,-0.122389,0.166357,-0.490646,-0.309309,-0.767031,-0.930323,0.614986,0.497053,0.57027,-0.060656,-0.110777,-0.145869,0.100737,0.141347,0.449998,-0.0934074,0.391112,-0.643498,0.0477664,0.248214,-0.595439,0.11863,-0.0233582,-0.249837,-0.047894,-0.0654245,0.0218985,0.0223093,-0.0553064,0.0254788,0.0679496,-0.145362,-0.0119736,-0.0261426,0.0221607,0.0773182,-0.0502996,0.0679062,-0.0855044,-0.0544716,0.0668937,-0.751778,-0.235647,-0.118587,0.34584,0.130722,0.681441,0.275437,-1.33419,0.522522,1.1943,0.797199,1.06415,0.557932,-1.33653,-0.379137,0.669495,-0.571813,0.590173,-1.13251,1.19679,-0.71031,-0.137188,-0.29978,-1.10531,1.15901,0.122368,0.521263,0.157261,0.359128,-0.617652,-1.09901,0.370628,0.716946,0.391737,-0.48317,-0.274205,-0.327707,-0.0155455,0.394706,-0.735529,-0.738024,-0.259391,0.224252,-0.649439,0.796939,-0.388804,-0.0894845,0.0726115,1.04675,0.531302,0.283694,-0.432196,-0.0470501,0.428114,0.0268043,0.341602,-0.0562079,-0.129741,-0.348557,-0.189413,0.0871336,-0.201084,0.326028,-0.180286,0.036731,0.19507,0.370809,-0.19559,0.153618,-0.137329,-0.193006,-0.14937,0.0995267,23.6698,0.498804,0.511552,0.48666,0.488948,0.495322,0.505599,0.497425,0.4984,0.495757,0.498388,0.515078,0.511963,0.497924,0.496912,0.487568,0.511824,0.496091,0.494629,0.510255,0.498109,0.48251,0.497953,0.502782,0.491795,0.494827,0.487175,0.484447,0.510283,0.508312,0.509536,0.498986,0.498147,0.497561,0.501685,0.502364,0.507525,0.498438,0.50654,0.48924,0.500799,0.504151,0.490044,0.501984,0.499609,0.495822,0.499199,0.513442,0.372997,0.645613,0.621737,0.552386,0.437406,0.528912,0.517968,0.547541,0.518107,0.336707,0.368675,0.523318,0.534647,0.636221,0.370139,0.543817,0.560067,0.386738,0.52124,0.687087,0.522986,0.468775,0.591183,0.557872,0.640293,0.668054,0.386432,0.407654,0.394433,0.511398,0.520808,0.527388,0.481076,0.47346,0.416223,0.517548,0.427018,0.618637,0.491024,0.453484,0.610078,0.477719,0.50439,0.546818,0.509,0.502456,0.476299,0.527365,0.522678,0.509604,0.488507,0.505287,0.503284,0.50871,0.503309,0.469076,0.475455,0.504263,0.506339,0.525506,0.475741,0.508024,0.511024,0.478957,0.503882,0.535858,0.504202,0.494289,0.516839,0.510618,0.52631,0.531897,0.478899,0.482942,0.480431,0.502082,0.503803,0.505008,0.496542,0.495147,0.484555,0.503207,0.486575,0.522078,0.49836,0.491479,0.520431,0.495927,0.500802,0.508577,0.501644,0.503452,0.466714,0.538422,0.531851,0.513495,0.483851,0.50743,0.504615,0.51224,0.504651,0.456593,0.46553,0.505991,0.508908,0.535817,0.465932,0.511276,0.515491,0.470443,0.505456,0.550312,0.505905,0.491974,0.523657,0.51492,0.536943,0.544769,0.470361,0.476035,0.472511,0.502927,0.505345,0.507038,0.495139,0.49318,0.478301,0.504507,0.481137,0.53101,0.497695,0.488026,0.528699,0.494276,0.501127,0.512053,0.502311,8.28687,9.00415,7.05593,7.52831,7.64469,8.34638,8.22546,7.85488,8.07886,7.85404,9.47689,9.18363,7.82231,8.1577,7.55457,9.25683,8.10166,7.59748,8.66325,8.2722,7.18054,8.22879,8.40705,8.20119,7.61098,7.97103,7.78669,9.7617,8.93563,9.10153,8.33208,9.15652,8.28464,8.33211,8.44303,8.73051,8.73493,8.66344,8.11098,8.2716,8.65206,7.53817,8.53689,8.37469,8.0823,8.31388,1,1,1,0,6,7,6,6,6,12,12,22,10,20,13,9,12,9,6,15,17,9,10,11,5,3,1,1,3,3,10,11,11,8,10,1,3,3,7,4,7,2,2,3,14,17,12,2,1,2,3,4,1,2,2,0,3,2,1,13,21,10,12,6,8,11,2,6,3,4,3,8,2,5,3,7,4,9,2,2,3,0,1,1,2,3,0,7,6,7,6,8,12,10,14,13,6,3,6,8,0,2,0,5,3,5,7,2,2,1,4,2,5,1,7,6,1,0,3,4,2,4,3,8,5,1,5,4,6,5,3,12,12,8,10,3,8,12,6,4,6,11,10,0,5,9,6,3,4,2,4,3,1,1,2,3,3,7,6,3,6,4,4,5,9,7,10,9,5,4,6,6,7,3,12,7,6,6,17,5,6,8,8,15,6,9,8,5,5,5
189.844,0.977598,0.0128217,8,511,0,-130.566,8.58962,0.645642,0.112297,-0.573114,0.679268,-1.26174,-0.215309,1.45149,-0.122986,-0.340766,-0.461187,0.475963,-0.410992,0.823531,0.618975,-0.410105,-0.00425041,0.291059,-1.76927,-0.614978,-0.0608658,0.215228,-0.211615,-0.859151,0.663715,0.0690307,-0.1917,-0.555365,-0.697262,-1.01921,0.736161,0.574659,0.44059,-0.271061,0.185091,-0.0564024,-0.281121,-0.799515,-0.393719,0.0496561,-0.0132959,0.0288545,0.202614,0.408132,-0.464967,-0.196777,0.665999,-0.470357,-0.426503,0.0274792,0.00835715,-0.0160533,0.121279,-0.0140548,-0.0405497,-0.0366017,-0.010413,-0.0482439,0.0139916,-0.138865,0.0958194,-0.157723,-0.0436584,0.0392469,0.932745,0.392329,-0.0509695,-0.120885,0.37356,-0.199336,0.812483,0.168806,-0.649204,0.0529371,0.163942,0.341162,0.283729,0.978027,-0.777906,-0.252278,0.214499,-0.10051,-0.175398,-1.07156,1.27222,-0.116784,-1.3949,-0.247129,-1.60088,0.95124,-0.255435,-0.381051,0.13927,-1.07514,-1.0751,-1.51764,-0.0180638,0.346225,1.04007,-0.532803,-0.443358,-1.7114,-0.186498,-0.474196,-0.598358,-1.18682,-0.845042,0.480141,-1.33203,0.676552,-0.421481,0.132865,-0.161687,0.740172,0.0812114,-0.537849,0.0769692,-0.124217,-0.21116,0.192352,-0.350377,0.0478693,0.00508002,0.0466316,-0.256222,0.0405179,0.0985949,0.0870439,0.0238066,-0.0590323,0.0412376,-0.200849,-0.1282,0.306031,-0.465445,-0.519473,-0.21899,0.0708207,24.0411,0.369452,0.653302,0.235613,0.449961,0.794762,0.471353,0.4212,0.394086,0.6092,0.405319,0.683119,0.640456,0.405519,0.499009,0.567457,0.161072,0.360402,0.485811,0.55002,0.450814,0.309733,0.650009,0.516091,0.455417,0.373317,0.342907,0.278751,0.665221,0.630884,0.601318,0.437127,0.543054,0.486851,0.43482,0.32175,0.409208,0.511577,0.4969,0.506728,0.547107,0.594038,0.393244,0.454243,0.650493,0.392045,0.401837,0.444023,0.566233,0.378712,0.478895,0.638639,0.48794,0.466627,0.454889,0.546548,0.459776,0.580078,0.560414,0.459863,0.499583,0.528517,0.333114,0.439972,0.49403,0.521097,0.479256,0.416521,0.564733,0.50677,0.481207,0.445743,0.432034,0.401344,0.571707,0.556126,0.543107,0.473439,0.518146,0.494468,0.472455,0.422218,0.46146,0.50487,0.498696,0.50283,0.519862,0.539945,0.454521,0.480709,0.564954,0.453997,0.458265,0.566296,0.421611,0.642739,0.525033,0.337247,0.514307,0.539569,0.553459,0.444842,0.547678,0.405329,0.428469,0.547576,0.500495,0.466184,0.694978,0.571075,0.507082,0.474977,0.524604,0.598661,0.423378,0.491968,0.522292,0.564266,0.58043,0.616422,0.415168,0.433528,0.448911,0.531499,0.478476,0.506563,0.532665,0.591973,0.545686,0.494222,0.501547,0.496643,0.476441,0.452652,0.553894,0.522881,0.423118,0.554514,0.549466,0.573884,0.412689,0.658236,0.527933,0.319948,0.515967,0.54414,0.559609,0.4385,0.553173,0.394651,0.4203,0.553059,0.500552,0.462273,0.714856,0.579194,0.507904,0.472078,0.527455,0.609761,0.414648,0.491036,0.524875,0.571628,0.589575,0.629356,0.405544,0.425919,0.44303,0.535144,0.475981,0.507324,0.536444,0.602364,0.550954,0.493552,0.501727,0.496253,0.473711,0.447194,0.560093,0.525533,0.41436,0.560782,0.555164,7.45748,9.00787,6.864,8.32165,10.2008,8.26549,8.22282,7.84225,8.7704,7.90484,9.49251,8.94801,7.90595,8.16898,9.01535,6.31588,7.40558,8.34349,8.69009,8.38455,7.10495,9.00335,8.24632,8.20997,7.72512,7.96937,7.57554,9.76013,8.89308,9.01876,8.31005,9.32424,8.39592,7.8069,7.59562,7.6661,8.735,8.14293,8.87607,8.41397,8.68584,7.57724,8.40315,9.48203,8.08176,7.63988,0,4,1,3,0,4,4,3,11,4,4,2,18,14,12,11,20,18,15,14,18,31,24,24,11,2,4,1,8,3,13,7,4,4,6,5,6,6,13,7,7,1,5,5,28,27,22,5,6,1,3,3,1,3,2,0,0,0,1,20,16,21,21,4,3,4,2,2,4,3,1,1,4,4,4,1,2,3,1,3,1,2,1,1,1,1,0,6,13,5,4,6,7,6,7,2,10,10,0,11,5,6,4,3,2,5,1,4,2,5,5,3,4,3,2,3,4,3,2,4,3,5,1,0,0,0,1,2,3,11,7,9,2,8,4,8,16,7,6,5,6,4,19,10,12,8,5,0,0,1,2,0,1,0,4,3,12,7,5,8,4,5,4,7,17,7,5,7,5,4,15,7,11,11,10,6,12,7,5,3,6,10,3,4,7,4,5,2,4,2
180.344,0.923537,0.0128217,9,511,0,-112.151,8.98593,0.557384,0.0684065,0.68573,0.91184,-1.24236,0.463556,-1.03343,0.346592,-0.0961532,0.701442,0.118876,-0.473501,1.22278,0.480104,0.796495,-0.0202319,-0.37381,1.39824,-0.227424,0.394404,0.434465,-0.115635,-1.03036,0.456775,0.193776,-0.0806252,-0.669994,-0.365002,-0.67856,0.956698,0.589299,0.702561,-0.147782,0.409454,-0.00785805,-0.587264,0.256235,0.481,0.186845,0.119809,-0.0314827,0.284985,0.411177,-0.673864,0.119925,-0.229504,-0.572871,0.311723,-0.0516959,0.015154,-0.029593,-0.0103597,-0.0102076,-0.116149,0.0409961,0.031968,0.0476977,0.0912252,0.087735,0.0700367,0.0745938,0.104534,0.0712906,-0.126095,0.00592912,-0.0302468,-0.0991043,0.365103,0.555469,0.753468,0.449494,-0.873088,0.167449,0.504428,0.166333,0.777528,0.0462367,-1.67804,-0.835076,0.693523,-0.967671,0.976889,-0.447943,0.779198,0.250077,-0.323486,-0.556547,-1.28454,0.750464,-1.02471,-0.0085382,0.307714,0.843341,-0.876893,-0.578435,-0.522555,0.465315,1.13137,-0.0208621,-0.263399,0.0998382,-0.239872,0.452782,-0.274558,-0.73576,-1.23558,0.310515,0.281516,0.972283,-0.356313,0.241812,-0.0526873,1.17494,-0.222652,0.206525,-0.972674,0.0911854,0.381368,-0.400534,0.255517,0.470331,-0.0203186,-0.155429,0.707207,0.146875,-0.67306,0.410765,0.0260448,-0.40552,0.249963,0.240511,-0.020609,0.0486356,-0.686715,-0.752215,0.478741,0.0584614,15.1516,0.478397,0.471287,0.539084,0.485391,0.532532,0.489076,0.503031,0.477902,0.496253,0.514922,0.461529,0.48487,0.474913,0.500638,0.511782,0.456036,0.507169,0.487569,0.486307,0.503645,0.532435,0.485605,0.493892,0.502542,0.521108,0.511504,0.521378,0.469878,0.481432,0.477867,0.504659,0.487095,0.500248,0.518504,0.491923,0.484842,0.49411,0.496223,0.500992,0.491017,0.487041,0.52123,0.49622,0.507234,0.518051,0.490175,0.501016,0.501352,0.498158,0.500687,0.498468,0.500514,0.499857,0.50104,0.500176,0.499298,0.501813,0.500712,0.501181,0.49997,0.499446,0.502073,0.499663,0.500585,0.500644,0.499829,0.498473,0.500677,0.500287,0.49988,0.499007,0.499459,0.498994,0.501418,0.500874,0.501041,0.499781,0.500607,0.499988,0.49913,0.50038,0.500713,0.500277,0.500178,0.499953,0.500422,0.500609,0.499001,0.500178,0.49966,0.499151,0.500462,0.384403,0.348379,0.701227,0.421083,0.670329,0.440777,0.516501,0.381853,0.479603,0.580581,0.301597,0.418315,0.366569,0.503473,0.563825,0.27684,0.538965,0.4327,0.42596,0.519842,0.669863,0.422218,0.466782,0.513838,0.613037,0.562337,0.614431,0.341419,0.400188,0.381672,0.525349,0.430165,0.501349,0.599476,0.456123,0.418165,0.467967,0.479443,0.505405,0.45123,0.429875,0.613667,0.479423,0.53932,0.597101,0.446687,0.373831,0.334946,0.717992,0.413699,0.685112,0.435189,0.518074,0.371069,0.47766,0.588114,0.284999,0.410683,0.354542,0.503805,0.569837,0.258884,0.542664,0.42637,0.419017,0.521732,0.684613,0.414937,0.463624,0.515157,0.623394,0.568212,0.624906,0.327472,0.39096,0.370872,0.527762,0.423604,0.501478,0.608676,0.451963,0.41052,0.464921,0.477485,0.50592,0.446612,0.423287,0.624077,0.477463,0.543052,0.606094,0.441646,8.95418,9.02413,7.02467,8.89577,7.23443,8.61994,8.24793,8.97621,8.38507,7.79658,9.56141,8.74774,9.07164,8.24541,7.96916,9.73755,8.03739,8.66795,8.70817,8.22837,7.23126,8.72431,8.30321,8.17196,7.59931,8.31841,8.00361,9.76818,8.85737,9.03912,8.19609,9.21417,8.32587,7.51906,8.68762,8.59158,8.73365,8.22895,8.65326,8.39478,8.67854,7.43212,8.46487,8.11405,8.04792,8.57869,5,5,1,13,10,17,12,9,12,5,8,11,1,2,0,2,0,4,2,5,0,5,3,2,1,1,2,2,1,6,14,33,28,29,20,0,1,2,11,10,9,11,8,6,9,4,12,10,23,16,11,9,5,5,2,4,5,2,2,7,11,13,7,0,0,2,10,19,19,8,11,12,16,9,10,16,15,33,5,8,2,7,8,7,7,2,4,0,0,0,5,12,14,22,16,15,38,28,38,5,11,11,9,7,2,6,10,14,14,16,7,5,8,7,11,10,5,8,6,1,1,0,5,7,1,2,3,7,5,5,7,15,20,22,23,13,21,11,17,31,15,33,19,25,14,10,22,6,18,17,25,17,18,4,2,2,12,11,12,10,11,11,8,29,36,59,26,16,44,33,41,20,27,16,43,36,22,45,42,18,7,10,13,7,4,1,4,3,6,2
182.657,0.853303,0.0128217,9,511,0,-107.851,9.20525,0.678333,0.0974466,-0.68131,1.00969,-0.902592,0.893993,-1.57719,0.887739,-0.0353352,0.325441,0.49781,-0.200909,1.05461,0.671377,-0.0168471,-0.000913646,0.319233,1.15046,0.169892,-0.137776,0.732665,0.139615,-1.00205,0.392163,0.30972,-0.200131,-0.432081,-0.785838,-0.97446,0.780169,0.67309,0.620762,0.0866682,0.1216,0.0403211,0.102498,-0.600395,0.671746,0.093808,-0.319292,1.24904,0.154918,0.450512,-0.576792,0.242172,-0.498678,-0.260688,0.688153,0.179353,-0.0290326,-0.0202095,-0.191624,-0.0150866,-0.0174024,-0.0657208,0.00835878,-0.0614352,-0.0409578,-0.0112513,-0.107221,0.00490906,-0.18164,0.062572,-0.0317417,0.130035,-0.110664,-0.128755,0.366634,0.0771734,0.652434,0.285581,-0.770819,0.282016,0.597691,-0.0282412,0.937198,-0.217532,-0.957248,-0.668904,0.506487,-0.239371,0.685263,-0.871033,0.587207,0.18806,-0.945724,-0.266777,-1.39557,0.607513,-0.741099,0.17883,0.53401,-0.0496877,-1.15658,-0.494368,0.0259486,0.87777,0.740815,0.528503,0.0484915,-0.750241,-0.0477399,0.593545,0.144603,-0.537,-1.11648,0.294442,0.621281,0.923447,-0.23338,0.00725384,0.538508,0.823158,0.683187,0.419877,-0.146655,-0.025598,0.323955,0.101034,0.461743,0.0496216,0.121944,-0.534111,0.656465,0.166146,-0.702782,0.194358,-0.110593,0.099225,0.139023,0.00110995,-0.0129666,0.099856,-0.920494,-0.357323,0.332918,0.0909605,17.1556,0.505406,0.491988,0.507162,0.492906,0.512513,0.492956,0.50028,0.497418,0.49605,0.501594,0.491632,0.494673,0.500134,0.500007,0.497467,0.490872,0.498652,0.501093,0.494186,0.498892,0.507951,0.496888,0.497542,0.501588,0.503429,0.506236,0.507732,0.493809,0.494659,0.495074,0.499312,0.499035,0.49968,0.499187,0.504764,0.49467,0.499256,0.502534,0.49009,0.498771,0.496425,0.504577,0.498078,0.503957,0.502069,0.494539,0.477866,0.532777,0.470691,0.52903,0.448906,0.528827,0.498851,0.510578,0.516178,0.493469,0.534231,0.521812,0.499452,0.49997,0.510376,0.53733,0.505523,0.495521,0.5238,0.504539,0.46747,0.512746,0.510067,0.493494,0.485957,0.474476,0.468364,0.525341,0.521867,0.520169,0.502817,0.503953,0.501311,0.503332,0.480492,0.521824,0.50305,0.489622,0.540516,0.505036,0.514641,0.481258,0.507872,0.483794,0.491526,0.522356,0.651841,0.283043,0.696531,0.305145,0.810274,0.306367,0.508131,0.425663,0.387406,0.546103,0.274728,0.350237,0.503877,0.50021,0.427061,0.257503,0.460983,0.531663,0.337509,0.467916,0.715528,0.410721,0.429205,0.545925,0.598142,0.673346,0.710329,0.327803,0.349878,0.360912,0.480066,0.472046,0.490722,0.47643,0.634753,0.35016,0.478426,0.572952,0.240537,0.46441,0.397787,0.629701,0.4445,0.612784,0.559704,0.346731,0.560563,0.410769,0.579938,0.420811,0.637277,0.421356,0.503156,0.470961,0.455647,0.51794,0.40689,0.440311,0.501505,0.500082,0.471514,0.398652,0.484828,0.512305,0.434922,0.487531,0.58857,0.465025,0.472361,0.51787,0.538522,0.569742,0.58618,0.430755,0.44016,0.444773,0.492258,0.489139,0.496398,0.490845,0.553429,0.440279,0.491621,0.528492,0.390238,0.486165,0.459842,0.551344,0.47838,0.54443,0.523271,0.438835,7.49908,9.04156,7.07167,9.228,6.39407,8.87001,8.14981,8.3052,8.68348,7.77649,9.43594,8.85782,7.96138,8.18252,8.50597,9.53221,8.35409,7.8399,8.71424,8.32555,7.1769,8.57736,8.33846,8.19358,7.54428,7.88544,7.69597,9.65581,8.85954,9.00015,8.27236,9.1699,8.41711,8.13031,7.72692,8.7021,8.68185,7.70663,9.92942,8.18296,8.63597,7.44798,8.42856,7.6844,8.07476,8.87467,3,2,4,1,2,9,13,6,11,5,10,5,5,5,6,0,5,8,12,10,3,3,4,5,5,0,2,2,8,2,28,13,16,20,10,0,2,0,15,18,7,3,4,3,5,4,7,7,7,7,1,2,6,4,1,4,1,1,1,19,11,10,5,4,7,2,9,6,10,7,5,6,14,6,12,7,7,7,1,3,5,7,5,4,3,11,4,4,4,3,1,23,15,16,21,14,25,12,9,7,5,5,13,11,3,2,5,2,7,5,7,3,5,9,13,15,6,6,6,0,2,3,1,2,2,1,1,0,7,3,2,24,9,11,14,21,10,14,19,11,28,15,12,13,18,1,12,6,13,21,27,18,13,13,4,15,12,8,9,18,22,14,16,6,5,7,17,13,8,8,15,4,14,9,5,11,12,15,4,20,14,12,22,5,9,7,4,5,6,6
177.054,0.967482,0.0128217,9,511,0,-119.271,8.91502,0.713267,0.086365,0.158813,0.741246,-0.666129,-0.589331,1.13845,-1.49225,0.144184,0.742632,0.613875,0.30801,1.07069,0.85614,-0.453201,0.424099,-0.474724,-1.17772,-0.307093,0.496481,1.06381,0.207766,-0.829004,0.636593,-0.0378795,-0.258406,0.260963,-0.439687,-0.495809,1.05371,0.961201,0.697497,0.20125,0.454093,0.0473718,-0.187068,1.01564,0.774933,0.385167,-0.28373,-0.644204,0.316969,0.714196,-0.585471,0.340779,0.598356,0.227592,-1.55166,0.0503247,0.000252976,-0.00376365,0.0593438,0.0520196,0.054945,0.080683,0.179376,-0.226409,-0.0456193,0.00780389,0.144081,0.0343411,0.0564468,0.137975,-0.00895662,0.627816,-0.383783,-0.0989157,0.355465,2.26214,0.494139,0.199867,-0.847506,0.948263,0.276354,0.566799,0.335622,-0.31248,-0.721986,-0.653674,0.879767,-0.326504,0.839966,-0.678369,0.602911,0.0507997,-0.842222,-0.255837,-0.996595,0.779321,-0.67062,0.302418,-0.0959108,0.210205,-0.861203,-0.338492,-0.116062,0.284865,0.549879,0.149723,0.147988,-0.747857,-0.0294957,0.209554,-0.0653977,-0.393212,-0.6832,0.660225,-1.31416,0.928503,-0.237425,0.277441,0.542478,1.10913,0.788722,0.364118,-0.576498,0.0500521,-0.262408,-0.054133,-0.398793,-0.12046,0.0643016,0.337057,-0.0764967,-0.183031,0.277008,0.245615,0.296615,0.0496926,-0.109733,-0.21719,-0.014223,-0.100928,-0.138372,-0.330104,0.0701546,0.0501483,16.3043,0.499644,0.49834,0.501492,0.50132,0.497451,0.503341,0.499677,0.498337,0.498625,0.49931,0.497603,0.498083,0.501015,0.49905,0.501063,0.502637,0.500688,0.498888,0.497618,0.499535,0.501856,0.498575,0.500085,0.500579,0.499416,0.500985,0.50111,0.497641,0.497848,0.498438,0.499549,0.498983,0.499894,0.500419,0.497726,0.498265,0.499138,0.500635,0.501442,0.49929,0.498401,0.501311,0.499237,0.49866,0.49949,0.503474,0.524906,0.614286,0.396946,0.408543,0.671446,0.281535,0.522615,0.614492,0.595175,0.548193,0.661995,0.63123,0.429344,0.566174,0.426037,0.323137,0.451949,0.5773,0.661027,0.532563,0.372744,0.598607,0.494055,0.459531,0.540868,0.431424,0.422803,0.659606,0.646447,0.607758,0.531545,0.570793,0.507435,0.470673,0.654218,0.619285,0.560161,0.455585,0.400246,0.549586,0.610255,0.409129,0.553283,0.592825,0.535661,0.274053,0.494506,0.47438,0.523027,0.520376,0.460699,0.551439,0.495012,0.474333,0.478777,0.489347,0.463029,0.470418,0.515672,0.485333,0.516416,0.540651,0.510622,0.482832,0.463266,0.492813,0.528646,0.477993,0.50131,0.508938,0.490973,0.515205,0.517145,0.463613,0.466798,0.47589,0.493039,0.484297,0.498361,0.506471,0.464924,0.473218,0.486679,0.509814,0.52227,0.489037,0.475314,0.520242,0.488214,0.479313,0.492128,0.553471,0.486897,0.439131,0.554753,0.548482,0.407139,0.620718,0.488103,0.439019,0.449512,0.474603,0.412548,0.429813,0.537331,0.465058,0.539097,0.595987,0.525321,0.459119,0.413099,0.482861,0.567991,0.447657,0.503126,0.521312,0.478477,0.536222,0.540826,0.413908,0.421335,0.442691,0.483398,0.462596,0.496091,0.515433,0.41696,0.436394,0.468256,0.523398,0.552964,0.473866,0.441332,0.548167,0.471907,0.45078,0.481227,0.625324,8.09881,9.03176,6.78365,6.91909,8.7606,5.88505,8.20041,8.32902,8.598,7.85277,9.48377,8.8629,7.01692,8.39001,7.52086,7.02257,7.58709,8.05951,8.67942,8.27024,7.01544,8.62287,8.17714,8.27618,7.80112,7.83412,7.77258,9.66797,8.97752,9.07652,8.26308,9.43814,8.36339,8.01326,8.67834,9.06859,8.7468,7.90713,7.61002,8.56686,8.70779,7.57622,8.41626,8.69867,8.09892,6.23081,2,6,1,1,2,17,22,12,9,7,12,15,10,15,7,15,5,5,7,5,15,9,3,4,5,0,2,0,3,9,21,10,10,10,11,1,7,4,12,12,9,4,4,3,20,18,14,7,6,4,2,2,7,4,4,1,2,0,2,13,9,14,11,2,1,0,4,7,6,4,7,10,6,4,4,8,7,13,1,4,0,2,3,2,5,0,2,8,5,10,1,14,4,3,9,5,19,13,20,3,9,1,1,9,1,1,4,5,3,2,2,4,4,3,6,5,1,7,1,2,6,5,4,2,5,1,4,3,13,12,7,17,30,12,7,15,13,17,14,9,17,20,17,18,12,20,7,2,0,1,3,0,0,2,0,4,10,8,5,6,11,12,8,23,20,15,12,19,21,11,18,12,6,12,11,25,5,6,20,13,13,13,7,2,3,6,2,1,3,3
176.452,0.977494,0.0128217,8,511,0,-107.589,9.07706,0.529509,0.129985,-0.536449,0.772342,-0.371389,0.132963,-0.260172,1.1422,0.0859971,-0.832321,0.368715,0.10625,1.16338,1.01325,-0.308029,0.0550549,0.0799329,0.284516,0.47879,-0.269583,0.926317,0.167307,-0.889037,0.356551,0.0360991,-0.251582,-0.0308426,-0.561969,-0.605645,1.09748,0.681072,0.735315,0.159843,0.361639,0.201094,-0.305864,-0.238165,-0.486744,0.0205081,0.159103,0.561472,0.135674,0.403312,-0.615649,0.278201,-0.697563,0.0406351,0.69113,0.0582749,0.0757126,-0.108646,0.0873346,0.036758,0.0654411,0.0944102,0.113418,0.205123,0.00470571,0.0547613,0.0258153,0.202008,0.0189708,0.035371,0.427044,-0.377364,-0.278768,-0.0928252,0.360625,0.744849,0.835339,0.354975,-0.687824,0.271756,-0.448851,0.402766,0.326061,0.63779,-0.762648,-0.639258,0.324661,-1.16386,1.269,-0.510934,1.08141,-0.390894,-0.618333,0.307031,-1.25063,0.775142,-0.058512,0.367035,0.225472,0.0207818,-0.445311,-0.390017,-0.649975,1.07643,1.07353,0.0535449,-0.153072,0.425148,0.393154,0.75332,0.0972356,-1.15735,-0.610673,0.319289,0.350531,0.874108,-0.0747854,0.108014,0.100785,0.811302,0.411172,0.268551,-0.275088,-0.826117,0.209598,-0.227365,0.407441,-0.143544,0.00943479,-0.368867,0.442349,0.209594,-0.308761,-0.192498,-0.621105,0.107437,0.19392,0.300863,-0.440395,0.0540477,-0.542708,-0.333469,0.197573,0.0728487,22.7209,0.442977,0.581717,0.460433,0.514191,0.472252,0.619581,0.50918,0.412064,0.539283,0.511341,0.62171,0.606519,0.467162,0.505877,0.508533,0.530338,0.550939,0.471251,0.597625,0.517854,0.406209,0.537992,0.503854,0.473167,0.496707,0.44029,0.435699,0.61507,0.572204,0.577864,0.517058,0.538532,0.521456,0.467392,0.474595,0.448221,0.502189,0.516979,0.559658,0.514481,0.542952,0.434649,0.529666,0.426073,0.504338,0.573255,0.550437,0.427648,0.53498,0.487459,0.524525,0.393881,0.491888,0.577883,0.465271,0.489978,0.391975,0.405557,0.529027,0.494806,0.49246,0.473184,0.454953,0.525411,0.413489,0.484221,0.583095,0.466413,0.496594,0.523717,0.50291,0.552819,0.55689,0.397917,0.436098,0.431071,0.484925,0.465935,0.481038,0.528824,0.522454,0.545791,0.498065,0.484995,0.447227,0.487203,0.462024,0.557821,0.473778,0.565431,0.496167,0.435165,0.572274,0.396719,0.550219,0.481968,0.535241,0.349808,0.488334,0.611045,0.45014,0.485588,0.347199,0.365888,0.541695,0.492531,0.489157,0.461474,0.435402,0.536511,0.376902,0.477316,0.618335,0.451775,0.495102,0.534081,0.504185,0.575661,0.58144,0.355348,0.408632,0.401538,0.478327,0.451091,0.472743,0.541404,0.532269,0.565659,0.497218,0.478427,0.424405,0.4816,0.445497,0.582761,0.462326,0.593529,0.494487,0.407314,0.544603,0.435966,0.530922,0.488917,0.521676,0.405912,0.492831,0.568946,0.4693,0.491143,0.404211,0.416323,0.525657,0.49541,0.493337,0.476298,0.460169,0.522459,0.423384,0.486056,0.573578,0.47031,0.496991,0.520961,0.502571,0.546713,0.55032,0.409514,0.443464,0.439004,0.486677,0.469888,0.483242,0.525477,0.519845,0.54049,0.49829,0.486739,0.453328,0.488691,0.466428,0.551145,0.476824,0.557893,0.496612,0.442636,7.61016,9.06426,7.24678,8.02916,7.36699,8.88158,8.27154,6.749,8.58859,7.76314,9.49656,9.28437,7.31526,8.24952,8.26498,8.54803,8.70753,7.35682,8.64892,8.35944,7.22955,8.57544,8.26875,8.10553,7.61492,7.81239,7.76522,9.78581,8.92601,9.03502,8.35137,9.26515,8.45785,7.89905,7.62792,7.70358,8.75349,8.40173,9.02665,8.37641,8.62598,7.56434,8.47932,7.42473,8.05703,8.93687,1,5,5,2,5,5,13,13,11,1,2,4,5,8,12,3,8,6,11,5,3,15,9,18,14,1,1,5,1,5,5,14,16,8,10,0,3,1,16,12,11,5,10,8,11,28,6,1,7,9,1,2,5,1,2,2,4,3,4,11,11,5,10,5,3,3,5,2,2,10,8,9,5,10,2,11,6,16,5,7,4,7,4,2,8,8,6,0,2,2,3,10,13,17,13,18,11,18,8,1,2,13,15,4,4,4,5,6,4,3,5,6,15,10,7,4,4,10,11,0,2,0,1,5,3,4,4,5,2,4,6,14,16,12,14,16,12,16,16,21,17,16,14,23,18,21,12,13,5,7,7,4,9,8,10,7,5,15,5,8,10,6,1,13,15,9,8,15,4,11,17,8,11,6,10,10,11,13,5,11,9,11,7,12,2,10,13,9,6,3
189.605,0.999692,0.0128217,9,767,0,-118.873,8.36342,0.433129,0.157926,0.0530617,0.356329,-0.730073,-0.506342,0.49904,-0.569159,-0.134792,0.67709,0.325512,-0.137383,0.766113,0.719947,0.318774,-0.145751,-0.334917,-0.683241,0.542451,0.375866,0.612602,-0.149971,-0.934564,0.158548,-0.252492,-0.182132,-0.320871,-0.461306,-0.568377,0.758162,0.462108,0.368952,-0.179246,0.331365,-0.0997547,-0.0994875,-0.355558,0.896924,-0.139682,0.00859151,-0.227969,-0.199113,0.23298,-0.80936,-0.0351779,-0.578469,-0.165584,-0.0545666,0.0407805,-0.0587719,-0.215529,0.0840996,0.17602,0.0629531,-0.0183771,0.124458,0.156123,-0.195372,0.119919,-0.129896,-0.0370147,0.0107878,-0.0289595,0.992305,0.231226,-0.209663,-0.034776,0.3497,-0.228935,0.693466,0.338313,-0.23455,0.418039,-0.238992,0.304406,0.0222652,0.726814,-0.750192,-1.0942,1.02528,-0.403219,-0.0251086,0.0832649,0.695482,0.0601575,-0.979857,-0.613197,-0.67205,0.395431,-0.517393,0.0247255,0.901543,0.428964,-0.448617,-0.0403391,-0.457131,0.298289,0.329489,-1.29025,0.38175,-0.726015,0.151842,0.288799,-0.402972,-0.210284,-0.712729,0.391233,-0.238119,1.00776,-0.646836,0.364623,0.73656,1.20623,0.457726,-0.407129,0.158629,0.619485,-0.271341,-0.0904862,-0.241455,0.0769308,0.316794,0.593412,0.292795,-0.216089,-0.135143,0.63879,0.673303,-0.262147,-0.395004,-0.463537,0.103218,0.170058,-0.51286,-0.682712,0.36198,0.0599227,19.3923,0.51316,0.587487,0.326413,0.376966,0.621331,0.362442,0.466611,0.661924,0.580057,0.465971,0.681401,0.671374,0.578427,0.463906,0.417672,0.336712,0.631411,0.592177,0.647459,0.462864,0.283458,0.539251,0.437688,0.45494,0.421065,0.387518,0.362622,0.679686,0.612671,0.590519,0.45565,0.581471,0.475273,0.47534,0.412698,0.708895,0.465404,0.502131,0.443686,0.450765,0.557541,0.309356,0.491274,0.36031,0.459015,0.486467,0.503067,0.520587,0.457897,0.470763,0.528816,0.467146,0.492209,0.539061,0.518808,0.492059,0.544171,0.541522,0.518419,0.491575,0.480649,0.460586,0.531316,0.521714,0.535353,0.491332,0.446185,0.509164,0.485408,0.489473,0.48146,0.473359,0.467191,0.543715,0.526687,0.521315,0.48964,0.519146,0.494234,0.494249,0.479458,0.551663,0.491926,0.500497,0.486825,0.488492,0.513465,0.45335,0.497966,0.46661,0.490429,0.496846,0.493197,0.45444,0.592528,0.564558,0.436363,0.572461,0.517275,0.414049,0.458361,0.517607,0.403017,0.408727,0.459219,0.518679,0.542836,0.586716,0.430895,0.451957,0.422095,0.519219,0.617583,0.479683,0.532328,0.523335,0.541048,0.558872,0.572363,0.403999,0.441027,0.452835,0.522966,0.457616,0.512787,0.512753,0.545462,0.386987,0.517902,0.498898,0.529196,0.525507,0.470164,0.602307,0.50451,0.573629,0.521218,0.506996,0.490945,0.439481,0.62209,0.585571,0.415639,0.595939,0.52299,0.38645,0.44467,0.523431,0.372143,0.379536,0.445806,0.524856,0.556915,0.614545,0.408459,0.436198,0.39694,0.525574,0.65431,0.472966,0.542988,0.531046,0.554548,0.57809,0.59581,0.373412,0.421776,0.437359,0.530555,0.443683,0.517019,0.516974,0.56039,0.351525,0.523823,0.498534,0.538831,0.533932,0.460319,0.634729,0.506004,0.597468,0.528232,0.509312,8.4088,8.97419,7.04224,7.45513,8.5804,7.24105,8.31099,8.8011,8.75127,7.78132,9.45082,9.24157,8.35516,8.15845,8.05963,7.6401,9.02206,8.42666,8.7214,8.29189,7.18008,8.54158,8.20859,8.29417,7.55082,7.78558,7.65238,9.6808,8.92205,8.95819,8.25506,9.40194,8.36886,8.401,7.64338,9.64244,8.66609,8.53711,8.07777,8.27565,8.63516,7.51696,8.43641,7.75591,8.05733,8.27324,3,2,7,11,1,21,5,10,8,0,2,3,9,2,7,5,2,3,7,2,9,5,18,2,8,4,5,3,1,6,20,12,23,25,29,0,3,0,9,6,11,10,16,4,6,13,4,3,4,3,0,4,1,1,2,5,4,4,4,6,6,11,3,0,2,1,2,9,5,6,8,10,1,15,5,16,6,4,3,6,3,4,3,4,4,9,7,1,2,0,4,22,5,15,12,26,13,19,20,2,2,22,4,12,3,1,1,11,5,10,7,5,8,21,14,8,6,5,6,2,2,3,2,1,2,0,1,3,13,11,13,15,18,26,29,18,25,27,12,24,23,20,17,21,15,17,17,13,11,8,17,12,13,3,2,2,7,9,13,20,13,10,8,21,23,31,20,18,21,29,20,30,23,19,24,23,33,13,29,10,11,14,11,4,1,2,5,10,6,3
191.428,0.956639,0.0128217,9,511,0,-127.69,7.92781,0.483486,0.0825325,-0.44439,0.646227,-0.752243,0.728943,-0.197953,0.160772,-0.0937512,-1.07932,0.717838,-0.147086,0.667247,0.524825,-0.405504,-0.290913,0.192562,0.240929,-1.02892,-0.348362,0.444327,0.12343,-0.967077,0.243382,0.0359204,-0.240064,-0.26479,-0.189341,-0.464458,0.88541,0.406923,0.398476,0.0014106,0.364446,-0.143451,-0.0266153,0.461849,-0.49261,0.172048,-0.0122835,0.0978933,0.0259172,0.192142,-0.603068,0.177406,0.966629,-0.114642,0.12522,-0.0194108,-0.0216948,-0.0513168,-0.0881543,0.0702774,0.0576061,-0.0759593,0.0660088,-0.00359603,0.0130782,0.052225,-0.00434696,0.180151,0.0664491,0.183793,1.11,0.478173,-0.149465,-0.0317857,0.369213,0.274761,0.625708,0.416355,-0.367427,0.693115,0.514831,0.0481053,0.683043,-0.0348359,-1.28694,-0.241049,1.17756,-1.15476,0.219684,-0.364845,0.897732,0.674696,-0.306981,-0.379048,-0.466256,1.01319,-0.386334,0.105577,0.493207,0.645607,-0.68759,-0.00136438,-0.202924,0.198172,0.37511,0.1651,0.385962,-1.14814,-0.208985,0.279107,-0.885254,-0.956725,-1.55266,0.81943,-0.189319,0.98818,-0.785056,0.251223,0.705449,1.03478,0.121914,0.454365,-1.54567,-0.381664,0.340291,-0.356237,0.0936319,-0.114127,0.147579,-0.399345,0.248123,0.0775272,0.0264214,0.827963,0.243541,-0.825991,-0.623498,0.111155,0.302048,0.0124095,-0.583863,-0.530937,0.60368,0.148918,17.8917,0.379122,0.672015,0.30259,0.691924,0.445288,0.544496,0.474007,0.231823,0.68929,0.459274,0.677137,0.641656,0.389335,0.419966,0.553234,0.566462,0.241934,0.404516,0.620861,0.534199,0.254746,0.567131,0.509967,0.433774,0.427045,0.44765,0.373893,0.727665,0.61104,0.608809,0.500391,0.599777,0.460276,0.492615,0.625428,0.366607,0.547599,0.496591,0.527139,0.507192,0.553118,0.33863,0.549072,0.74516,0.468229,0.534693,0.447075,0.576643,0.411032,0.586269,0.476354,0.51921,0.488795,0.373764,0.58498,0.482424,0.579095,0.562412,0.451676,0.465279,0.523003,0.52877,0.379422,0.458452,0.552917,0.514751,0.386409,0.529062,0.504294,0.471333,0.468388,0.477381,0.444704,0.604292,0.548492,0.547491,0.500169,0.543457,0.482858,0.496818,0.554988,0.441383,0.520556,0.498532,0.5117,0.503098,0.522953,0.428403,0.521195,0.61354,0.486299,0.514965,0.564504,0.406776,0.60807,0.395177,0.528862,0.47655,0.513681,0.652529,0.396727,0.521456,0.403818,0.423987,0.558915,0.542362,0.471922,0.46489,0.645828,0.550674,0.435505,0.481991,0.637526,0.464534,0.494757,0.534984,0.538573,0.527609,0.567383,0.373564,0.440881,0.442097,0.499794,0.447003,0.520927,0.503885,0.432991,0.571413,0.474908,0.501793,0.485715,0.496217,0.471983,0.587129,0.474128,0.362535,0.516728,0.48173,0.558714,0.415055,0.598542,0.404434,0.526251,0.478673,0.512441,0.639467,0.405855,0.519513,0.412348,0.430785,0.553617,0.538538,0.474463,0.468064,0.633275,0.546108,0.441295,0.483622,0.625617,0.46774,0.495232,0.531822,0.535089,0.525111,0.561339,0.384593,0.446196,0.447305,0.499813,0.451776,0.519032,0.503533,0.439002,0.565016,0.477179,0.50163,0.487009,0.49656,0.474518,0.579371,0.476469,0.374439,0.515212,0.483385,7.82493,9.15366,7.02422,9.06543,7.76814,8.25748,8.05709,6.60077,9.39739,7.83743,9.44088,9.14071,7.48668,8.03245,8.4477,8.86765,7.05577,7.56391,8.64191,8.35349,7.13518,8.7606,8.32889,8.12962,7.67724,8.16052,7.78791,9.69342,8.98217,9.08115,8.18698,9.1633,8.34344,8.24352,8.70956,7.61114,8.71807,8.26308,8.5524,8.31523,8.69088,7.46342,8.42706,9.4781,8.09594,8.59969,2,5,2,8,7,10,15,21,14,7,7,2,4,6,5,5,1,1,3,5,7,2,5,4,5,3,3,1,3,1,39,18,27,24,32,1,2,2,17,6,7,4,5,8,9,4,8,11,9,12,9,1,7,5,5,5,3,5,4,1,10,10,10,4,1,0,11,11,21,5,14,6,10,17,4,9,6,13,2,2,3,14,16,17,26,16,14,1,0,3,3,34,41,30,43,33,46,38,51,3,9,8,18,11,3,0,6,10,4,9,7,10,24,9,7,6,6,2,2,2,1,0,2,1,2,0,2,4,7,4,18,16,20,15,15,20,26,30,23,23,17,18,23,20,13,16,31,34,28,18,19,23,13,2,1,2,9,6,10,21,12,12,25,33,23,15,25,27,34,28,23,28,26,20,21,26,28,35,20,13,10,13,10,18,18,20,3,0,3,1
187.849,0.980168,0.0128217,9,511,0,-115.787,8.1784,0.482093,0.0920633,-0.300208,0.439817,-0.867506,0.494452,-0.715377,-0.0100198,0.10602,-0.835479,0.1796,-0.211778,0.888558,0.357446,-0.311557,-0.269469,-0.248726,0.306023,-0.865203,-0.687357,0.495246,-0.0212174,-1.03322,0.0958408,-0.132666,-0.308384,-0.349687,-0.29787,-0.485859,0.777888,0.363782,0.472807,-0.0655125,0.461966,0.0170656,0.00745545,0.669163,-0.501495,-0.0648515,0.0176352,0.121132,-0.0479004,0.121841,-0.683798,0.142117,1.36208,-0.18735,0.160756,0.0115983,0.00234621,0.0316947,-0.121491,-0.0340735,-0.0889879,0.0774382,-0.0538801,0.0860175,-0.137298,0.0352621,-0.0324006,0.184626,-0.0461489,-0.00755402,0.963118,0.617146,-0.136183,-0.0666094,0.364216,0.172525,0.753948,0.439687,-0.83976,0.75224,0.145433,0.0274255,0.658446,0.170968,-1.33705,-0.572987,1.40906,-1.62646,0.646332,-0.660106,1.07978,0.446097,-0.78431,-0.350519,-0.783949,0.773856,-0.0712668,0.317001,0.260337,0.389608,-0.348807,0.104002,-0.298353,0.0875267,0.431701,-0.00609708,0.288915,-1.03166,-0.0920111,0.840921,-0.720698,-0.385237,-1.53997,0.868993,-0.0409951,1.07103,-0.989178,0.271573,1.05991,0.94883,0.399426,0.109676,-1.41552,-0.980095,0.369753,-0.408294,0.230459,-0.127793,0.244265,-0.378344,0.0710094,-0.222624,-0.0174959,0.789505,0.188723,-0.784199,-0.71094,-0.134371,0.333659,0.0332993,-0.119648,-0.572398,0.527897,0.127343,15.5356,0.428215,0.604343,0.302481,0.616854,0.334257,0.497587,0.525505,0.309029,0.543137,0.449184,0.70178,0.585226,0.425541,0.435479,0.440397,0.573155,0.302949,0.340289,0.617035,0.494891,0.269903,0.52306,0.4681,0.426289,0.416589,0.428767,0.385104,0.679004,0.586706,0.611915,0.484231,0.609433,0.504109,0.501795,0.655766,0.381544,0.48439,0.504246,0.529133,0.488469,0.529303,0.341059,0.534165,0.787821,0.455012,0.53863,0.453814,0.567444,0.369263,0.575701,0.391386,0.498454,0.516352,0.373879,0.527682,0.467372,0.633757,0.554926,0.452079,0.45852,0.4617,0.547075,0.369595,0.395512,0.57582,0.496726,0.345778,0.514783,0.479543,0.452564,0.446256,0.454172,0.425595,0.617764,0.555892,0.572435,0.489894,0.570796,0.502633,0.50115,0.6018,0.423238,0.489996,0.502721,0.51868,0.49261,0.51879,0.396037,0.521913,0.698592,0.471127,0.524782,0.508979,0.486847,0.525925,0.485214,0.521385,0.5003,0.496829,0.52497,0.494628,0.506334,0.473447,0.48931,0.509318,0.50806,0.507439,0.490847,0.525857,0.520549,0.485191,0.500635,0.530866,0.497133,0.503968,0.509223,0.510458,0.508909,0.514529,0.476749,0.48912,0.485861,0.50196,0.486185,0.49949,0.499777,0.479995,0.514996,0.50194,0.499472,0.496377,0.501433,0.496356,0.520442,0.495749,0.459348,0.505604,0.495192,0.542854,0.437393,0.62165,0.429713,0.600963,0.501434,0.484833,0.617329,0.474322,0.530268,0.37552,0.449027,0.544466,0.538485,0.535532,0.45632,0.62134,0.597111,0.429601,0.503036,0.64369,0.486289,0.518975,0.544015,0.549874,0.542522,0.569081,0.390488,0.44813,0.432752,0.509374,0.434275,0.497558,0.498933,0.405397,0.571275,0.509279,0.497476,0.482673,0.506854,0.482572,0.596621,0.479674,0.314395,0.526784,0.477012,8.06454,8.9758,6.94042,8.90486,7.13681,8.06555,8.3838,6.9816,8.70062,7.79799,9.55311,8.93581,7.666,8.10518,7.91336,8.7932,7.32692,7.17318,8.7336,8.21496,7.11238,8.58956,8.21785,8.15309,7.61565,8.03941,7.79174,9.72038,8.94417,9.01297,8.15619,9.39629,8.41032,8.40376,9.13315,7.73091,8.60007,8.41727,8.59489,8.3303,8.62405,7.49283,8.43167,10.005,8.06414,8.67564,3,6,3,1,5,13,20,13,18,3,3,4,2,2,0,2,3,4,1,2,3,3,3,4,4,2,2,2,0,0,30,16,31,20,35,2,1,0,8,20,14,7,1,5,8,3,3,11,14,20,3,7,9,6,6,3,1,3,7,3,14,4,11,0,1,6,20,23,22,33,9,16,6,5,13,7,9,8,1,2,3,23,13,16,38,20,26,2,3,3,2,12,41,38,23,18,38,39,51,8,5,4,6,5,1,4,7,8,5,6,7,10,21,21,13,13,2,1,1,0,2,2,2,0,2,1,4,2,31,20,15,15,15,34,7,30,20,10,17,29,15,18,12,13,11,38,18,22,53,16,27,35,32,4,1,2,5,14,7,6,17,13,30,9,33,26,25,28,26,28,39,15,23,11,25,8,33,12,22,12,22,12,15,8,10,6,2,1,1,1
183.261,0.991995,0.0128217,9,511,0,-120.793,7.90658,0.55365,0.144157,-0.192387,0.531963,-0.831045,-0.0799679,0.416117,0.426619,-0.0637786,0.147903,0.22094,-0.214163,0.793948,0.598676,0.148028,-0.0878509,-0.238436,0.50654,-0.203673,-1.193,0.314251,-0.00943951,-0.92026,0.186386,0.0170295,-0.108165,-0.369678,-0.484985,-0.747336,0.943439,0.390266,0.457073,0.00607359,0.287073,0.0561099,0.297255,0.62778,-0.169388,0.0360195,-1.00794,-0.257887,0.13625,0.191016,-0.492273,0.122724,0.216167,-0.242117,0.103843,-0.0214738,-0.0167822,-0.0665899,-0.0348902,0.144877,0.18429,0.0352575,0.098647,0.0523048,0.257918,-0.11696,0.0687019,0.162019,0.103342,0.0211795,0.601762,1.15273,-0.0984226,-0.0592908,0.358828,0.118772,0.821576,0.467877,-0.437432,1.10318,0.0307501,0.367074,0.455488,-0.273396,-2.38688,-0.776076,1.15488,-0.528436,0.292601,-0.204158,0.915821,0.594274,-1.01847,-0.202375,-0.234701,0.960398,-0.423442,-0.02853,0.948395,0.965512,0.0443449,-0.104523,-0.397513,0.272145,0.655773,-0.552908,0.389934,-1.01895,0.266035,0.603993,-0.193156,-0.72425,-1.31302,0.64862,0.279378,1.43098,-0.941288,0.056361,0.892234,1.4802,0.697552,0.198072,-1.09293,-1.6248,0.42502,-0.61533,-0.00149162,-0.0812359,0.409612,-0.431209,0.0298328,-0.340521,-0.384122,0.691119,0.361156,-0.836083,-0.660623,-0.176087,0.182162,0.0145789,-0.507467,-0.437933,0.690901,0.123173,16.2208,0.471089,0.579352,0.377519,0.487972,0.562276,0.563831,0.490406,0.522236,0.533189,0.467826,0.617221,0.589104,0.522255,0.486787,0.464191,0.575619,0.469398,0.327855,0.547136,0.49858,0.364989,0.528011,0.502562,0.483733,0.444614,0.427552,0.389428,0.638238,0.558443,0.568332,0.500914,0.54308,0.50844,0.5446,0.593336,0.474539,0.505419,0.352849,0.461281,0.520486,0.528705,0.426479,0.518454,0.532474,0.46364,0.515617,0.444783,0.648673,0.277284,0.476971,0.61767,0.620525,0.481628,0.54252,0.563329,0.438593,0.714065,0.665993,0.542556,0.474704,0.431716,0.641966,0.441573,0.201778,0.589584,0.49728,0.257154,0.553508,0.504907,0.468869,0.395048,0.363765,0.29703,0.747917,0.610609,0.628756,0.50175,0.581983,0.516164,0.584836,0.673413,0.45134,0.510379,0.238325,0.426224,0.539184,0.554826,0.361823,0.535308,0.561975,0.430675,0.52989,0.524388,0.432919,0.603897,0.510144,0.447404,0.446087,0.508091,0.481245,0.471999,0.527143,0.400615,0.424627,0.481229,0.511144,0.530213,0.436088,0.525816,0.646893,0.460216,0.501198,0.614674,0.476371,0.49784,0.513719,0.546763,0.56122,0.593692,0.382544,0.450649,0.442271,0.499229,0.463644,0.492882,0.46236,0.421022,0.521476,0.49543,0.625157,0.532671,0.482721,0.475785,0.56213,0.484435,0.472603,0.530678,0.486829,0.521051,0.442021,0.589994,0.508754,0.454568,0.453428,0.506982,0.483813,0.47583,0.52343,0.413941,0.434828,0.483799,0.509617,0.526081,0.444769,0.522284,0.627722,0.465649,0.501033,0.599411,0.479605,0.498136,0.51184,0.540385,0.552899,0.581098,0.398154,0.457376,0.450125,0.499335,0.468612,0.493857,0.467501,0.431698,0.518537,0.496057,0.608595,0.528204,0.485087,0.479099,0.553688,0.486567,0.476351,0.526483,0.488633,8.09629,9.00455,7.00091,8.08673,8.75162,8.76635,8.16396,8.37269,8.68364,7.85808,9.43102,9.21337,8.37286,8.24477,7.91599,9.03546,8.08029,6.52202,8.60827,8.24126,7.08829,8.63465,8.27768,8.17429,7.6384,8.03688,7.67466,9.73961,8.92267,8.96638,8.26333,9.21786,8.39959,8.67534,9.08433,8.01265,8.5754,6.85532,8.35628,8.4472,8.64122,7.55766,8.42922,8.56184,8.06663,8.51743,12,7,6,2,8,24,19,28,17,3,1,2,5,3,0,1,1,4,5,9,5,2,3,4,3,1,2,1,0,0,34,44,24,35,16,1,2,0,13,9,10,4,6,7,9,7,6,22,23,14,2,6,4,6,4,5,7,9,6,5,9,5,10,2,2,2,5,9,14,3,11,21,32,17,16,8,22,25,7,8,1,13,14,12,12,24,12,3,0,2,0,47,41,29,29,57,52,41,50,1,3,20,24,10,2,4,2,20,13,12,20,17,21,38,21,12,9,3,7,0,1,2,4,1,0,2,3,1,12,4,8,14,23,13,32,24,26,15,22,23,15,16,19,21,12,13,17,40,59,27,45,31,27,0,2,0,2,10,11,8,25,17,8,48,55,54,41,68,56,24,37,59,52,48,62,51,26,59,50,19,19,17,52,6,3,5,2,2,1,1
185.507,0.992517,0.0128217,9,1023,0,-117.974,8.90327,0.544239,0.196374,0.410701,0.508165,-0.645,-0.0810261,0.576408,-0.682948,-0.185327,-0.049742,0.307943,0.0258982,0.559681,0.641699,0.288649,-0.034412,0.125114,0.0519591,1.09496,0.261254,0.63359,-0.105032,-0.826045,0.11714,-0.00823706,-0.448955,-0.0459693,-0.00025616,-0.39888,0.620861,0.466822,0.221697,-0.109128,0.00284794,-0.271974,0.397041,-1.14265,-0.229636,-0.0667382,0.697161,-0.228937,0.0438328,0.282511,-0.570508,-0.021139,1.05159,0.286828,0.465575,0.0273312,-0.079402,-0.0662771,0.207364,0.261325,0.261989,-0.153529,0.100738,0.0495218,-0.385004,0.253097,0.118437,0.0896406,-0.369732,0.254659,1.24064,-0.34898,-0.378139,-0.0718858,0.364519,0.937025,0.707978,0.528598,-0.024033,1.00053,-0.0929755,1.02221,0.563731,0.358502,-1.27913,-1.51372,0.989855,-0.66427,1.13278,-0.0800385,1.04458,0.346312,-0.981465,0.647032,-0.988137,0.652212,-0.183459,-0.177696,0.418306,0.167164,-0.993253,-0.611501,-0.486955,0.326286,0.603792,-0.0847067,0.372249,0.517027,-0.260812,0.775227,0.654084,-0.463481,-0.129306,0.383604,-0.215743,1.04835,-0.761931,0.284128,0.77702,1.11465,-0.0194539,-0.0904974,-0.212599,1.52291,0.0196893,-0.652483,0.233216,0.56387,-0.162964,-0.3218,0.515739,0.809041,0.147904,0.641561,-0.471467,0.100415,0.0466081,-0.584267,-0.298387,0.0400226,-0.0579251,-0.361489,0.233807,-0.0238853,23.8666,0.624697,0.652591,0.30998,0.47489,0.67153,0.300001,0.442771,0.484577,0.594367,0.508032,0.666937,0.689143,0.588583,0.489328,0.538728,0.51611,0.795508,0.580329,0.686984,0.467469,0.264089,0.536268,0.497445,0.364244,0.485746,0.499921,0.378748,0.683578,0.640874,0.568331,0.466204,0.500883,0.416436,0.620715,0.195035,0.429254,0.479312,0.703689,0.429466,0.513592,0.586737,0.330086,0.493444,0.786616,0.588035,0.640517,0.46423,0.455781,0.556037,0.507069,0.44988,0.559303,0.516163,0.50434,0.473159,0.497741,0.451325,0.444248,0.474838,0.503002,0.489086,0.495467,0.405616,0.477223,0.444947,0.509162,0.571573,0.489782,0.500719,0.539089,0.504011,0.500022,0.534744,0.446044,0.459362,0.480668,0.50952,0.499752,0.523711,0.465415,0.59839,0.520024,0.505822,0.439474,0.519963,0.496176,0.475372,0.54961,0.501844,0.40927,0.474997,0.45947,0.494053,0.492642,0.509339,0.501173,0.491654,0.509889,0.502684,0.50072,0.495541,0.499625,0.491896,0.490708,0.49582,0.500498,0.498188,0.499248,0.484149,0.496217,0.490826,0.501521,0.51196,0.498304,0.500119,0.506501,0.500666,0.500004,0.505776,0.49101,0.49324,0.49679,0.50158,0.499959,0.503938,0.494251,0.516541,0.503325,0.500966,0.489906,0.503315,0.499365,0.495909,0.508261,0.500306,0.484776,0.495846,0.493258,0.462952,0.454205,0.558027,0.507322,0.448096,0.561408,0.516742,0.504495,0.472199,0.49766,0.449592,0.442267,0.473938,0.50311,0.488695,0.495304,0.402318,0.476407,0.44299,0.509491,0.574102,0.489415,0.500744,0.540484,0.504154,0.500023,0.535985,0.444126,0.457912,0.479975,0.509861,0.499743,0.524559,0.46418,0.60182,0.520741,0.506031,0.437327,0.520678,0.496039,0.474491,0.551376,0.50191,0.406094,0.474102,0.458024,8.87816,9.05447,6.90231,7.62702,8.60932,6.85084,8.20353,7.73222,8.73466,7.83926,9.51453,9.19609,8.20994,8.25157,8.64246,8.80429,9.79479,8.17147,8.68739,8.31691,7.15657,8.46597,8.3299,8.16645,7.73756,8.18847,7.6274,9.8038,8.95605,9.04398,8.31112,9.30663,8.34684,8.90044,6.18632,8.01717,8.74477,9.31255,7.86542,8.40359,8.69899,7.54294,8.43558,9.90433,8.05572,8.95432,4,7,6,9,6,18,21,13,23,5,4,3,6,6,8,4,3,14,4,11,17,6,4,6,5,1,1,4,0,0,12,18,12,12,8,2,1,1,8,18,14,6,8,4,24,13,23,8,7,13,6,4,6,6,4,0,4,3,2,8,10,12,5,4,1,3,5,4,7,6,6,14,7,7,5,9,9,6,6,0,1,6,2,6,2,5,8,3,1,1,7,11,14,18,13,13,15,19,21,2,1,7,7,5,5,3,4,7,5,6,9,9,1,0,6,8,19,12,12,0,3,0,10,2,3,5,3,7,6,12,2,23,19,24,17,17,23,16,29,19,32,21,13,17,13,22,20,5,5,9,8,6,13,8,4,1,5,12,4,9,16,24,11,39,26,32,20,28,29,20,30,35,21,18,29,12,20,15,27,5,8,11,6,1,7,4,3,5,4,5
207.823,0.999687,0.0128217,8,255,0,-123.57,8.80652,0.403831,0.082198,-0.161877,0.223374,-0.920728,0.0642136,-0.324469,-0.135695,-0.158644,0.0408546,-0.356314,-0.329661,0.753406,0.559794,0.0585693,-0.0978812,-0.407061,0.293337,-0.605865,-0.304926,0.453965,-0.102628,-1.03363,0.117239,-0.399456,-0.571032,-0.311327,-0.522848,-0.871188,0.791531,0.485567,0.313643,-0.176531,0.372496,-0.219277,-0.0510434,0.676863,0.111119,-0.0823194,-0.435397,0.241957,-0.207891,0.25707,-1.01532,-0.000687312,-0.91807,-0.356685,-0.437258,0.0873495,-0.138336,-0.0366285,-0.102617,-0.122171,0.0858875,0.128806,-0.190261,-0.00570973,0.0270216,-0.0942417,-0.0782607,-0.125675,0.0682207,-0.00247477,0.954455,-0.0647894,-0.221956,-0.0556439,0.357935,1.25394,0.77517,0.273898,-0.734033,0.680923,0.00495053,0.449627,0.148015,0.0643622,-1.35418,-0.547246,1.27334,-1.16433,1.46092,-0.0336356,0.741099,0.484974,-0.452886,-0.34972,-1.50698,0.727741,-0.800638,0.139717,0.621336,0.643033,-0.404073,-0.0901769,-0.258142,0.758779,0.603806,0.56218,0.516984,-0.435773,-0.0748143,0.793631,-0.0139854,-0.678123,-0.791437,0.818631,-0.46237,1.1485,-0.12856,0.465826,0.843249,1.21436,0.53139,0.033512,0.59159,-0.246264,0.177323,0.20751,-0.222036,0.252867,-0.0322025,0.329013,-0.235754,0.0617407,-0.0206252,0.550756,0.169473,0.432249,-0.337228,-0.0626632,-0.415091,-0.052695,0.270243,-0.580933,-0.00754381,0.129493,18.9919,0.461451,0.553099,0.293428,0.515317,0.42319,0.467666,0.462218,0.509747,0.415789,0.421981,0.672407,0.630485,0.513972,0.476661,0.404073,0.56954,0.35933,0.42775,0.606659,0.475531,0.271592,0.527946,0.405822,0.367019,0.426255,0.377767,0.303326,0.680372,0.613833,0.574286,0.457977,0.587958,0.447868,0.487823,0.656116,0.52649,0.480368,0.397578,0.557479,0.450557,0.561035,0.275063,0.499836,0.293954,0.415703,0.397153,0.502622,0.496382,0.514909,0.49896,0.505255,0.502198,0.50257,0.499338,0.505771,0.505339,0.487799,0.490934,0.499051,0.501585,0.506593,0.495249,0.509812,0.504939,0.492648,0.501662,0.516736,0.498101,0.50647,0.509248,0.505043,0.508468,0.514107,0.487182,0.492136,0.49492,0.502859,0.493967,0.503552,0.500827,0.489038,0.4982,0.501333,0.507052,0.496081,0.503367,0.495836,0.51644,0.500011,0.514866,0.505777,0.507082,0.489065,0.515087,0.438114,0.504338,0.478093,0.490833,0.489284,0.50276,0.475946,0.477743,0.550726,0.537748,0.503957,0.493387,0.472526,0.519808,0.459158,0.479411,0.530632,0.493067,0.430617,0.50792,0.473039,0.461497,0.478979,0.464735,0.441412,0.553273,0.532758,0.521177,0.488076,0.525145,0.48519,0.496552,0.545602,0.507507,0.494439,0.470618,0.516341,0.485958,0.517361,0.431831,0.499954,0.438291,0.475921,0.470493,0.523493,0.467604,0.630621,0.490675,0.546985,0.519697,0.523024,0.494067,0.551565,0.547732,0.392294,0.419408,0.491495,0.514212,0.558845,0.457501,0.587094,0.54417,0.434449,0.514901,0.645764,0.48298,0.557755,0.582181,0.545092,0.575356,0.623892,0.387027,0.429943,0.454574,0.525616,0.446111,0.531803,0.507413,0.402944,0.483868,0.511953,0.562899,0.464918,0.530156,0.462734,0.643327,0.5001,0.630261,0.551618,0.563165,8.16586,9.03938,6.99187,8.23905,7.7126,7.94402,8.2438,8.16092,7.92764,7.70625,9.56969,9.04962,8.18269,8.24444,7.93963,9.01096,7.62394,7.73652,8.66696,8.31258,7.11198,8.50874,8.27532,8.14419,7.72868,8.14433,7.72457,9.70881,8.95943,9.03582,8.22185,9.39266,8.38168,8.70237,8.98673,8.9016,8.761,8.23148,9.08146,8.50979,8.6803,7.534,8.43783,7.32298,8.05894,7.82882,0,2,1,3,1,5,4,4,4,5,5,18,11,11,20,17,14,9,3,5,14,8,13,8,6,1,3,0,3,2,24,13,13,7,16,3,0,4,6,8,11,3,1,2,26,11,7,7,5,4,3,2,0,1,3,0,0,0,0,13,16,10,25,2,3,5,5,4,0,3,9,1,10,8,6,8,5,5,2,3,1,3,3,1,6,3,2,3,9,10,7,19,16,11,18,10,16,5,10,9,10,8,3,9,4,2,1,4,3,3,3,3,2,5,5,4,5,0,2,5,3,0,2,3,1,0,0,0,13,9,12,17,10,4,9,9,12,3,9,6,12,7,4,12,7,8,14,5,2,3,11,2,4,4,2,3,5,2,4,6,3,8,8,8,27,20,12,23,26,11,22,14,10,13,10,12,11,15,9,9,2,3,8,7,2,0,3,4,3,1
189.663,0.910319,0.0128217,8,255,0,-128.464,8.74245,0.548794,0.233915,-0.0600048,0.267359,-0.883731,-0.637819,-0.0564849,-0.140986,-0.322354,-0.185897,-0.0162066,-0.200845,0.570384,0.533435,0.289026,-0.0569506,-0.314704,0.34354,-0.432578,-0.263358,0.455729,-0.192566,-0.983154,0.0683855,-0.2302,-0.30757,-0.274287,-0.541243,-0.62469,0.529632,0.353343,0.270922,-0.286201,0.101754,-0.286278,0.0771131,0.324796,0.325947,-0.157971,-0.839058,0.368273,-0.228305,0.0876284,-0.783836,-0.129262,-0.190552,-0.34482,0.473014,-0.040767,-0.453669,-0.230293,0.0511457,-0.0752589,-0.287401,0.176044,-0.284136,-0.103677,-0.188302,-0.111317,-0.0156863,0.0897829,-0.00806281,0.118444,1.16083,0.374264,-0.210594,-0.108211,0.370183,1.5499,0.690276,0.327434,-0.720008,0.799199,0.132104,1.00273,0.152822,-0.019738,-0.686349,-1.12072,1.23968,-0.807883,1.12741,-0.18851,0.623376,0.39177,-0.899674,-0.323685,-1.13262,0.929671,-0.874499,0.147427,0.42501,0.840916,-0.304501,-0.119565,-0.444804,0.589647,0.698028,0.338885,0.123872,-1.04592,-0.206316,0.0613865,0.159119,-0.136188,-0.907348,0.803937,-0.100348,1.2908,0.285264,0.601262,0.559872,1.06458,0.5859,-0.0745459,0.258284,-0.579107,0.318096,-0.0652082,-0.542009,0.352203,-0.112191,0.283546,-0.259362,0.000771749,-0.0881027,0.165573,0.0675741,0.352592,-0.397638,-0.0560158,-0.478974,-0.0536584,-0.247414,-0.851032,0.00893706,0.152307,15.9075,0.482593,0.576972,0.263888,0.322918,0.483614,0.459176,0.407527,0.44626,0.495297,0.441976,0.659736,0.650042,0.583099,0.483479,0.409673,0.598397,0.377036,0.424162,0.629255,0.444348,0.242087,0.519836,0.433589,0.411678,0.421066,0.347899,0.326259,0.649037,0.601129,0.577982,0.417698,0.529495,0.417677,0.522364,0.593157,0.593479,0.454284,0.274084,0.605277,0.43413,0.525408,0.287021,0.462558,0.444925,0.401246,0.633924,0.494386,0.524995,0.418058,0.440604,0.494715,0.486812,0.469875,0.482613,0.498484,0.481217,0.553167,0.549746,0.527017,0.494672,0.470588,0.532099,0.459614,0.475379,0.542538,0.48199,0.409034,0.506398,0.478474,0.471254,0.474359,0.449531,0.441815,0.549394,0.533013,0.525327,0.473247,0.50952,0.47324,0.507215,0.530352,0.53046,0.485224,0.422132,0.534403,0.478651,0.508198,0.427181,0.487908,0.482178,0.467781,0.544143,0.503711,0.483469,0.554445,0.53937,0.503494,0.50872,0.519928,0.511496,0.501002,0.51242,0.464778,0.467053,0.48213,0.503523,0.519456,0.478764,0.526731,0.516284,0.471841,0.511909,0.560513,0.49577,0.514235,0.519015,0.516959,0.533428,0.538562,0.467287,0.478158,0.483249,0.517695,0.493707,0.5177,0.49523,0.479921,0.47985,0.50977,0.551713,0.477237,0.514118,0.49458,0.548332,0.507995,0.511784,0.521315,0.470776,0.512764,0.443361,0.679633,0.632464,0.512015,0.52996,0.568157,0.539469,0.503448,0.542628,0.380974,0.388417,0.438816,0.512114,0.566558,0.427425,0.591009,0.555798,0.404237,0.540879,0.697769,0.485455,0.548821,0.565067,0.558093,0.61316,0.629863,0.389186,0.425385,0.442613,0.560592,0.478365,0.560608,0.483599,0.431334,0.431093,0.533559,0.671299,0.422282,0.548421,0.481365,0.660847,0.527474,0.540453,0.572841,0.4007,8.41337,8.99965,6.94718,7.05606,8.05818,7.94235,8.1593,7.88087,8.47345,7.86043,9.48449,9.22191,8.53126,8.41756,8.1697,9.17855,7.90525,7.77505,8.75735,8.33636,7.17909,8.58949,8.31824,8.14706,7.76015,7.95592,7.84446,9.63751,8.97877,9.0797,8.20852,9.33864,8.31692,8.73936,8.36597,9.07944,8.59869,7.50313,9.19597,8.32083,8.61587,7.57526,8.42302,8.33911,8.07073,9.14068,1,3,1,0,1,4,3,9,8,7,3,6,16,10,14,7,15,4,12,4,7,8,10,5,7,2,2,1,5,2,12,11,8,18,15,3,3,4,12,9,4,5,1,2,8,20,16,7,3,3,0,2,3,1,2,0,2,2,0,13,19,11,18,2,5,6,6,5,6,5,10,5,4,1,6,5,5,8,3,0,0,0,2,3,6,3,4,1,4,2,8,20,7,7,11,12,7,9,9,14,6,2,5,5,0,1,1,2,1,1,3,2,5,2,0,5,7,5,2,4,5,3,1,0,0,1,2,2,6,8,17,5,12,4,9,8,5,9,14,9,7,3,7,8,20,11,6,6,1,5,6,6,3,5,3,3,8,7,3,9,1,3,7,15,10,15,12,8,17,16,9,8,14,17,10,7,12,10,10,9,10,6,6,4,3,4,4,0,2,3
182.538,0.93925,0.0128217,8,511,0,-116.693,8.83625,0.480562,0.240821,-0.131429,0.390562,-0.815731,-0.942682,0.0938108,-0.219086,-0.262309,-0.556079,-0.285862,-0.229004,0.574562,0.531345,0.376859,-0.264042,0.259801,0.0633526,-0.363267,-0.339695,0.384,-0.21791,-0.999862,0.177604,-0.171886,-0.367299,-0.36855,-0.647773,-0.849561,0.59035,0.419624,0.280964,-0.288261,-0.037927,-0.225329,0.359048,-0.0320269,0.407095,-0.0518812,-0.71759,0.484976,-0.0467381,0.244045,-0.806049,-0.132164,0.203912,-0.356983,0.734208,-0.183933,-0.371772,-0.142189,-0.0551519,0.0178169,-0.246832,0.0459858,-0.294632,-0.110398,-0.026818,-0.20266,-0.120501,-0.0732137,-0.0793587,0.0827643,1.13531,-0.0231177,-0.159483,-0.0956443,0.367696,1.22409,0.757486,0.307747,-0.670486,0.992944,0.0666738,1.11478,0.102949,-0.078911,-0.866626,-1.29158,1.33139,-0.476401,1.26145,-0.0939919,0.805396,0.583211,-1.01632,-0.34784,-1.10126,0.991786,-0.938891,0.165764,0.701061,0.730252,-0.2619,-0.27767,-0.326467,0.684678,0.721664,0.358887,0.100545,-1.18621,-0.261604,0.329934,0.182254,-0.549031,-0.767689,0.974454,-0.060178,1.15659,0.40819,0.645829,0.813286,1.26669,0.471803,-0.0772153,0.226389,-0.538053,0.192047,0.0921361,-0.495102,0.33166,-0.130354,0.293458,-0.461178,-0.0492984,-0.389841,0.332828,0.0712271,0.447431,-0.513953,-0.0678397,-0.473184,0.0122884,-0.28793,-0.674843,-0.0726978,0.12837,16.08,0.462766,0.609071,0.283715,0.255358,0.526601,0.438136,0.426095,0.34721,0.419569,0.435366,0.65753,0.646398,0.605361,0.425614,0.573209,0.517973,0.398332,0.404762,0.607296,0.438464,0.243211,0.550239,0.451368,0.397235,0.396895,0.324005,0.275975,0.661555,0.616898,0.579076,0.418906,0.489237,0.436392,0.60052,0.490911,0.613531,0.485279,0.306892,0.634275,0.486738,0.568827,0.285954,0.462558,0.557619,0.400043,0.697106,0.50076,0.497743,0.504714,0.505448,0.499458,0.501266,0.501516,0.503214,0.501652,0.501324,0.496679,0.496929,0.497822,0.501526,0.498499,0.499634,0.502099,0.501963,0.497781,0.501259,0.505778,0.498974,0.500993,0.502123,0.50213,0.503744,0.50491,0.496588,0.497575,0.498376,0.501666,0.500219,0.501302,0.497925,0.500185,0.497647,0.5003,0.504147,0.497197,0.50027,0.49859,0.504658,0.500764,0.498822,0.502063,0.495757,0.509459,0.471916,0.55845,0.567443,0.493248,0.515765,0.518873,0.539943,0.520565,0.516478,0.458736,0.461827,0.472899,0.518997,0.481308,0.49544,0.526125,0.524433,0.472387,0.515681,0.571479,0.487218,0.51237,0.526414,0.526504,0.546494,0.56085,0.457607,0.469831,0.479787,0.520738,0.50273,0.516214,0.474178,0.502305,0.47073,0.503734,0.551471,0.465147,0.503364,0.48244,0.557762,0.509512,0.485326,0.525674,0.447346,0.522159,0.434487,0.634249,0.653885,0.484178,0.536895,0.544139,0.592731,0.548079,0.538559,0.404262,0.411305,0.43676,0.544429,0.456281,0.489313,0.560982,0.557061,0.435575,0.536698,0.662566,0.470072,0.528967,0.561652,0.56186,0.607579,0.639529,0.401698,0.429674,0.45274,0.54848,0.506398,0.537942,0.439719,0.505403,0.431748,0.508752,0.618753,0.418902,0.507885,0.45892,0.632732,0.522283,0.465652,0.559937,0.378605,8.21485,9.03988,7.09488,6.88377,8.2803,7.86693,8.19231,7.42666,8.01136,7.85386,9.44506,9.0862,8.6528,8.04004,8.88151,8.77534,7.90983,7.70841,8.66214,8.25076,7.09704,8.62324,8.29831,8.13842,7.67062,8.00182,7.74548,9.5759,8.94097,9.06235,8.15819,9.16865,8.394,8.99865,8.06197,9.06147,8.70959,7.58851,9.48697,8.46363,8.71079,7.47627,8.36387,8.80791,8.07154,9.34665,1,2,1,4,1,9,9,3,6,5,4,9,24,16,12,31,17,8,11,10,16,6,7,6,5,2,0,1,1,2,10,7,11,10,11,7,3,2,12,9,8,1,2,2,12,12,21,3,3,1,0,1,1,0,0,0,1,0,2,18,25,12,13,4,6,2,4,6,8,3,10,3,8,8,6,6,7,7,2,3,2,3,2,4,3,2,1,9,8,3,5,13,9,14,4,8,9,16,8,6,8,3,3,0,0,0,1,3,2,3,2,3,6,4,6,1,4,3,9,3,2,5,1,2,0,3,2,0,6,13,4,9,9,4,9,2,5,6,4,8,13,5,8,6,4,4,5,3,3,9,3,6,6,6,4,5,1,2,4,10,3,10,9,7,9,14,12,20,9,16,13,11,12,10,8,9,14,13,13,3,7,6,4,5,6,3,2,3,4,2
192.982,0.973297,0.0128217,9,511,0,-121.097,8.88266,0.468783,0.193248,-0.502095,0.795486,-0.44427,-0.861982,0.375769,0.0579392,0.0862464,-0.624492,0.750496,0.150712,0.6798,0.773824,0.209001,0.121045,-0.307883,0.0390874,-0.384753,0.0354633,0.929724,0.11858,-0.658836,0.442799,0.108957,-0.144929,0.0700136,-0.176665,-0.331907,0.763169,0.729763,0.403673,0.0843638,-0.00455887,-0.209534,-0.0192186,-0.182784,0.150138,0.0737383,0.048941,-0.117677,0.286841,0.492562,-0.459475,0.283648,0.419546,0.000526575,0.412414,0.03377,-0.19191,-0.23344,-0.0731071,0.205182,-0.182382,-0.0381758,0.229324,-0.0264281,-0.209917,0.0491028,-0.132054,-0.0588796,-0.047031,0.319674,1.0041,-0.0517404,-0.27848,-0.122734,0.363973,-0.819146,0.592065,0.466097,-0.632971,0.0546494,0.63081,0.496724,0.659614,0.321961,-0.177333,-0.513384,-0.114158,-0.268415,0.594446,-0.682469,1.02238,0.00328967,-0.13541,-0.225602,-1.45195,0.981729,-1.11668,0.371278,0.487517,-0.200643,-0.627435,-0.157493,-0.0145045,0.248741,0.739576,-0.5476,-0.60138,-1.45508,0.335822,0.351463,0.10122,-0.674703,-1.2625,-0.00740189,-0.772503,0.769233,-0.606845,0.0288743,-0.00582859,1.0397,0.628164,0.214528,-1.09198,-0.381135,0.648162,0.11292,0.456872,-0.389564,0.00776927,0.128888,0.86477,0.529332,0.285423,0.454705,-0.12019,-0.426358,0.451855,0.181151,0.260015,0.285263,-0.489206,-1.01627,0.427225,-0.0174195,19.8161,0.376565,0.689706,0.390291,0.296189,0.593224,0.51454,0.521636,0.34818,0.679956,0.53776,0.664316,0.685032,0.552273,0.530348,0.423324,0.509811,0.404601,0.508901,0.717792,0.529731,0.340395,0.609358,0.527324,0.463683,0.517568,0.455769,0.417446,0.682719,0.675409,0.599967,0.521165,0.498856,0.447595,0.495176,0.454245,0.537617,0.518502,0.512283,0.470494,0.571511,0.621185,0.386664,0.570725,0.603786,0.500132,0.602072,0.506494,0.489712,0.505746,0.511148,0.49514,0.499251,0.498884,0.508077,0.490293,0.498051,0.491208,0.489992,0.497297,0.498434,0.503982,0.499494,0.504977,0.499541,0.487976,0.498466,0.508521,0.494273,0.498591,0.501875,0.499094,0.502285,0.504293,0.49013,0.490562,0.494779,0.498909,0.500059,0.50271,0.500249,0.502364,0.498058,0.499046,0.499367,0.501522,0.49629,0.493629,0.505943,0.496331,0.494573,0.499993,0.494666,0.5611,0.40392,0.554122,0.603887,0.454172,0.492914,0.489453,0.575788,0.409231,0.481576,0.417617,0.406474,0.474461,0.4852,0.537584,0.49522,0.546917,0.495663,0.388214,0.485502,0.579886,0.446056,0.486678,0.517718,0.491438,0.521593,0.540504,0.407733,0.411685,0.45079,0.489684,0.500558,0.525604,0.50235,0.52234,0.481646,0.490983,0.494015,0.514388,0.464976,0.440049,0.555959,0.465365,0.448868,0.499936,0.449731,0.624868,0.308226,0.610995,0.705994,0.405673,0.485284,0.478102,0.653543,0.318059,0.461784,0.333842,0.312939,0.447099,0.469285,0.577591,0.49007,0.596526,0.490991,0.279922,0.469909,0.661404,0.38936,0.472346,0.536755,0.482219,0.544765,0.583536,0.315272,0.322647,0.398854,0.478579,0.501158,0.553036,0.504883,0.546306,0.461929,0.481274,0.487568,0.529862,0.427635,0.377405,0.614662,0.428429,0.394993,0.499866,0.396726,7.35395,9.0877,7.00427,6.68401,8.02862,7.63157,8.22864,6.78164,8.91201,7.74772,9.43708,8.94045,7.82062,8.13192,7.73554,8.6408,7.49952,7.60342,8.70803,8.26913,7.16078,8.53322,8.23767,8.13451,7.6467,8.15478,7.96095,9.75061,8.8867,9.09616,8.22629,9.26586,8.32954,8.07713,7.52237,8.28921,8.72665,8.16251,8.22859,8.46004,8.59489,7.52762,8.47547,8.64465,8.10907,8.4955,4,5,6,5,2,27,15,24,15,2,3,2,1,0,4,1,1,7,4,3,8,1,0,4,4,3,6,0,0,0,21,14,33,23,11,0,1,2,22,23,15,6,15,10,11,8,8,11,11,9,2,4,3,6,5,1,3,2,2,7,8,6,4,3,0,0,4,6,5,7,9,15,17,17,15,11,9,21,9,5,3,9,9,11,15,8,10,1,1,1,4,13,11,13,17,8,29,14,25,6,4,8,14,6,3,3,2,2,7,6,16,6,13,17,8,8,17,13,11,1,4,1,4,1,1,2,3,3,8,7,5,29,16,32,11,19,28,27,17,27,15,14,28,15,28,15,15,12,9,10,10,3,8,3,5,5,5,19,9,9,18,11,11,19,14,11,16,18,17,7,10,11,12,9,5,15,8,15,11,21,16,5,15,10,5,9,8,7,4,6
184.535,0.980203,0.0128217,9,511,0,-114.41,8.55893,0.523978,0.388129,0.206507,0.810124,-0.502455,0.73858,-0.535469,-0.08955,-0.0369499,0.572621,0.910707,0.0641911,0.881554,0.700371,0.6291,0.160524,0.443806,0.292141,0.0206576,0.212439,0.767229,0.0566593,-0.738795,0.452698,0.464052,-0.433079,-0.0281154,0.152133,0.107296,0.575587,0.637365,0.607604,-0.0502354,0.343502,0.0121929,0.00953531,0.338075,0.68969,0.195491,0.309291,-0.126123,0.23867,0.372193,-0.335495,0.0739517,-0.427681,0.168454,0.204129,-0.241085,0.474536,0.0900715,0.213003,-0.166284,0.270195,-0.265531,-0.269147,-0.233771,-0.700817,0.279714,0.241306,0.177578,-0.0334339,0.0479521,1.02548,0.651976,-0.38627,-0.114322,0.353557,-0.0653302,0.658664,0.430355,-0.944391,0.617074,0.338254,-0.343926,0.75355,0.796404,-0.895539,-0.444954,0.191428,-0.841096,0.30085,-0.658881,1.07978,-0.464742,-0.572452,-0.37588,-1.10542,1.02103,0.130783,0.609829,-0.021833,-0.454057,-0.701065,-0.272543,0.0924447,0.30155,0.344597,-0.143852,0.11739,-0.256884,0.288983,0.331373,-0.377731,-0.903133,-1.35182,0.451237,0.0889867,0.865296,-0.334891,0.396728,0.179858,1.10498,0.809608,0.658597,-0.710484,1.06811,-0.285717,0.0243687,0.404342,-0.226137,-0.163077,0.402753,0.8823,0.0619191,-0.0707939,0.589112,0.063767,-0.35358,0.502078,0.156264,0.429241,0.15472,-0.635507,-0.193896,0.42848,-0.0295601,14.5525,0.552746,0.696517,0.373962,0.680789,0.36607,0.477058,0.490528,0.642726,0.717869,0.516451,0.711775,0.672215,0.655913,0.541061,0.611855,0.574341,0.505296,0.554249,0.68714,0.514522,0.319163,0.614018,0.616774,0.390761,0.492793,0.538924,0.52748,0.643424,0.657823,0.650921,0.487124,0.587164,0.503126,0.502445,0.585815,0.669797,0.549951,0.578635,0.467711,0.560884,0.594278,0.414827,0.51895,0.392079,0.54308,0.552142,0.533609,0.629059,0.418828,0.61811,0.413598,0.485408,0.493978,0.592265,0.644227,0.510461,0.639859,0.612213,0.601126,0.526141,0.571837,0.547474,0.503367,0.534571,0.62251,0.509234,0.381856,0.573256,0.575066,0.429876,0.495417,0.524776,0.517481,0.592731,0.602417,0.597761,0.491813,0.555756,0.501987,0.501554,0.554882,0.610559,0.531821,0.550242,0.479454,0.538823,0.560369,0.445533,0.512051,0.430739,0.527429,0.533223,0.467238,0.37406,0.579157,0.384765,0.584262,0.514224,0.50587,0.410015,0.359218,0.489803,0.363493,0.390529,0.401361,0.474519,0.429953,0.453718,0.496718,0.4663,0.380464,0.490999,0.615268,0.428569,0.426803,0.568375,0.504467,0.475848,0.48296,0.409559,0.4001,0.404648,0.507981,0.445641,0.498063,0.498485,0.446493,0.392145,0.468981,0.451018,0.520027,0.462153,0.441141,0.553101,0.488253,0.567533,0.473262,0.467614,0.489991,0.460811,0.524337,0.464259,0.525933,0.504341,0.501791,0.472271,0.455969,0.496888,0.457371,0.466102,0.469543,0.492219,0.4785,0.485843,0.498999,0.489704,0.462878,0.497254,0.535751,0.47807,0.477521,0.520981,0.501363,0.492626,0.494799,0.472128,0.469144,0.470581,0.502435,0.483355,0.499409,0.499538,0.483618,0.466618,0.490525,0.485012,0.506113,0.488433,0.481966,0.516257,0.496415,0.52072,0.491835,0.490106,8.41286,9.00957,6.99485,9.14215,6.95033,7.55689,8.23374,8.45862,9.35851,7.76736,9.48376,9.08048,8.5344,8.35002,8.88968,8.69318,8.15863,7.97009,8.71849,8.36191,7.12908,8.74773,8.54652,8.13632,7.64098,7.99476,7.93343,9.71347,8.99633,9.11996,8.21556,9.34764,8.31054,7.92683,8.60303,8.84967,8.69226,8.33646,7.61393,8.24019,8.63858,7.45542,8.38558,7.70083,8.10588,8.40961,3,6,6,5,5,25,21,28,13,1,5,2,2,0,3,5,3,5,6,2,5,8,5,6,6,1,1,4,2,2,12,14,12,14,21,2,1,1,6,13,15,3,9,8,7,3,14,9,8,7,6,5,8,5,4,7,3,2,0,8,10,2,8,2,4,2,9,13,6,12,12,16,5,2,10,5,12,7,6,7,6,3,4,3,5,6,8,2,0,1,4,21,20,15,10,22,17,20,17,5,8,22,15,16,6,9,2,8,8,16,8,4,9,6,10,16,9,11,7,0,3,1,3,1,3,2,3,3,7,10,4,35,22,32,39,15,37,36,22,24,19,17,15,19,21,27,26,16,14,13,27,10,28,6,8,4,14,19,18,18,21,12,19,17,17,11,7,9,11,11,19,14,9,12,22,23,15,17,16,19,14,18,8,10,9,11,5,3,6,7
187.222,0.979936,0.0128217,9,511,0,-122.914,9.71356,0.42741,0.411524,0.158309,0.664685,-0.704213,-0.0261898,0.753231,0.24242,0.0233234,-0.0558418,0.891387,-0.0194486,0.765618,0.443219,1.12088,-0.106932,0.241263,0.253994,0.0988518,0.177889,0.640093,0.0707734,-0.885018,0.198474,0.228188,-0.353706,-0.132807,-0.136078,-0.384063,0.301286,0.502999,0.487908,-0.0163945,-0.109782,-0.166249,-0.385067,0.242583,0.265161,0.0237903,-0.405231,-1.01709,0.255236,0.2791,-0.492771,0.182685,0.57036,-0.217918,-0.065588,0.160116,0.579964,-0.221797,0.0430479,-0.16847,0.205826,0.00994518,0.303507,-0.421816,-0.622705,0.184294,0.612909,0.337191,0.336111,0.17696,1.11976,-0.0516136,-0.542873,-0.202981,0.356759,-0.0296328,0.604213,0.319877,-0.451203,0.480979,0.736489,0.193375,0.627649,0.515703,-0.283075,-0.860376,0.260911,-0.824678,0.0587279,-0.701984,0.960639,0.0168604,-0.48269,-0.698111,-1.45598,1.03892,-0.101429,0.572954,0.666025,-0.154162,-1.01017,-0.100362,0.253599,0.619955,0.308202,-0.0705408,0.0184779,-0.647615,0.242515,0.526658,-0.832422,-0.988698,-0.985076,0.49994,-0.17694,1.34493,0.291765,0.444985,0.256716,0.971469,0.459772,0.220741,-0.725574,0.255643,-0.254529,0.216865,0.282923,0.0358936,-0.0389525,0.337637,0.664041,-0.483247,-0.103958,0.308442,-0.287283,-0.338443,0.394263,0.192245,0.621814,0.157882,-0.689199,-0.35721,0.309813,0.00737953,19.6424,0.544201,0.677933,0.31248,0.492669,0.699189,0.56745,0.506529,0.484373,0.730693,0.494556,0.702098,0.621589,0.778185,0.470101,0.567131,0.570628,0.527644,0.549634,0.671891,0.519802,0.270713,0.555333,0.563534,0.402258,0.46289,0.46198,0.394112,0.583551,0.637202,0.633286,0.495411,0.469306,0.453594,0.393844,0.567494,0.573689,0.506659,0.388467,0.242523,0.570969,0.577502,0.36545,0.550963,0.654452,0.439297,0.481648,0.497957,0.491424,0.509086,0.500338,0.490282,0.496872,0.499699,0.500721,0.4885,0.500251,0.490122,0.494281,0.485541,0.50138,0.496887,0.496723,0.498724,0.497705,0.491741,0.499087,0.511418,0.497439,0.497056,0.504564,0.501714,0.501756,0.504956,0.496112,0.49351,0.493705,0.500212,0.501417,0.502145,0.504969,0.49687,0.496579,0.499693,0.505229,0.513121,0.496707,0.496399,0.506358,0.497643,0.492641,0.502812,0.500846,0.47275,0.387437,0.619009,0.504512,0.373057,0.458328,0.495981,0.50962,0.351069,0.503351,0.371062,0.424222,0.315936,0.518416,0.458526,0.456348,0.482974,0.469388,0.391467,0.487808,0.64793,0.465856,0.460764,0.560643,0.522867,0.523429,0.56579,0.448274,0.414191,0.416717,0.502825,0.518906,0.528613,0.56596,0.4583,0.45444,0.495901,0.569371,0.668404,0.456136,0.452059,0.584098,0.468565,0.402973,0.537477,0.511299,0.485866,0.440919,0.562558,0.502339,0.433138,0.478365,0.497917,0.504987,0.421063,0.501737,0.432051,0.460502,0.401219,0.509548,0.478468,0.477333,0.491173,0.484119,0.443086,0.49368,0.578382,0.482283,0.479634,0.531545,0.511858,0.51215,0.534244,0.47312,0.455201,0.456539,0.501464,0.509803,0.514842,0.534333,0.47835,0.476338,0.497875,0.536125,0.589842,0.477223,0.475096,0.543892,0.483692,0.449241,0.519451,0.505857,8.47035,9.05167,6.92425,8.18432,8.81568,8.15702,8.23804,7.76553,9.41274,7.81335,9.52931,8.8421,9.27203,8.12195,8.52398,8.87013,8.39231,8.07249,8.6719,8.30038,7.12008,8.523,8.48678,8.21952,7.66446,8.0444,7.72025,9.70791,8.9194,9.17436,8.18584,9.39902,8.31855,7.68311,8.53706,8.53515,8.64488,7.65691,6.91706,8.52217,8.6285,7.54353,8.44726,8.95108,8.06879,8.17625,5,5,7,7,6,14,26,14,14,2,11,4,0,6,1,3,3,11,4,5,4,1,3,4,4,1,10,5,0,0,16,20,19,23,26,3,0,0,9,9,13,6,6,6,8,6,10,5,6,8,7,5,4,3,2,3,1,0,0,5,4,7,6,2,2,6,6,7,7,12,6,14,11,12,13,24,8,7,3,4,3,9,7,2,10,7,11,2,0,3,4,15,19,12,22,13,17,9,11,3,6,9,19,17,4,11,9,10,11,12,6,13,5,8,8,7,0,1,7,1,1,0,3,4,4,4,3,2,2,11,7,42,23,24,19,24,32,21,27,42,20,13,26,31,31,25,20,6,2,11,7,8,7,4,1,7,14,17,21,8,12,6,8,20,17,18,12,11,14,23,20,18,9,9,15,13,20,13,16,11,11,4,27,3,14,7,3,1,8,5
197.376,0.900643,0.0128217,9,511,0,-128.836,8.98115,0.461869,0.161373,-0.16294,0.323506,-0.607156,0.362781,-0.241555,-0.842741,-0.00123128,-0.218308,-0.816965,0.0369633,0.51324,0.451391,-0.209066,-0.0761573,-0.626292,-0.339896,-0.67406,0.1752,0.62885,0.0660276,-0.833294,0.200847,-0.211757,-0.270069,-0.138652,-0.244112,-0.473119,0.552944,0.513735,0.276781,0.0934215,0.0502025,-0.310512,-0.287391,-0.438129,-0.0979215,-0.19169,0.634433,0.896079,-0.0356203,0.271709,-0.829923,0.169975,-0.0864225,-0.187393,0.112959,-0.0543206,-0.176713,-0.211007,-0.107727,0.257015,-0.158434,0.196083,-0.0163572,0.136372,-0.231978,0.24787,-0.0290449,0.018328,0.081655,0.324313,1.15576,-0.510107,-0.297308,-0.0824693,0.360755,-0.41,0.642357,0.3383,-0.210693,0.474443,0.361074,0.15007,0.759604,0.537945,-1.36381,-0.0316389,1.60451,-0.427272,0.569684,-0.104487,1.15107,0.585201,-0.411771,0.274493,-0.114533,0.623546,-0.720482,0.191681,0.937639,0.77968,-0.474297,-0.608298,-0.496445,1.09738,1.01503,-0.0864794,0.508493,-0.698696,-0.261501,0.826419,0.291115,-0.351014,-0.424068,0.571406,-0.0936346,0.616877,-0.620176,0.072904,0.983511,1.1888,0.55212,0.373454,0.17082,-0.150444,0.17174,0.148717,-0.204659,0.0915085,0.204709,-0.369738,-0.10814,0.244246,-0.11598,0.302994,0.00131082,-0.201922,-0.6708,-0.208056,-0.470494,0.135248,-0.37538,-0.501015,0.115408,0.176385,18.5402,0.453059,0.5924,0.33143,0.603313,0.430655,0.274083,0.499644,0.437255,0.28005,0.510679,0.644095,0.627545,0.439885,0.478009,0.326547,0.403034,0.314524,0.55045,0.674103,0.519069,0.27626,0.557773,0.439118,0.422594,0.460023,0.42993,0.366604,0.654543,0.644226,0.579298,0.526967,0.514501,0.411231,0.417716,0.376045,0.471737,0.444839,0.675518,0.73801,0.489709,0.577869,0.27704,0.548955,0.47505,0.446065,0.532592,0.520767,0.458838,0.576816,0.453867,0.530766,0.605847,0.500157,0.527811,0.602703,0.495286,0.434919,0.442689,0.526636,0.509711,0.579197,0.543238,0.585124,0.477672,0.420485,0.491581,0.604696,0.474409,0.526979,0.534387,0.517674,0.531091,0.560044,0.429949,0.434857,0.464762,0.488089,0.493598,0.539516,0.536585,0.555642,0.512485,0.524426,0.419792,0.387675,0.504542,0.465405,0.604285,0.478337,0.511019,0.523879,0.485599,0.515286,0.469678,0.556733,0.466007,0.522653,0.578434,0.500116,0.520476,0.576073,0.496531,0.451983,0.45774,0.51961,0.507146,0.558505,0.531854,0.562922,0.483564,0.441258,0.493804,0.577569,0.48116,0.519862,0.525323,0.513009,0.522893,0.544284,0.448294,0.451937,0.474049,0.491234,0.495289,0.529107,0.526944,0.541024,0.509188,0.517981,0.440741,0.416692,0.503343,0.474524,0.57726,0.484054,0.50811,0.517579,0.489401,0.520398,0.459568,0.575467,0.454685,0.530219,0.604016,0.500154,0.527317,0.600923,0.49537,0.436067,0.443701,0.526162,0.509538,0.577808,0.542471,0.583635,0.47807,0.421879,0.491731,0.602883,0.474864,0.526499,0.533776,0.51736,0.530538,0.558984,0.431181,0.436006,0.465388,0.488301,0.493712,0.538815,0.535935,0.554658,0.512263,0.523991,0.421197,0.389611,0.504461,0.46602,0.602479,0.478723,0.510823,0.523454,0.485855,8.02048,9.06033,6.96052,8.3236,7.46429,6.64384,8.20228,7.49667,7.1247,7.85339,9.48988,8.87631,7.50955,8.14174,7.33685,8.30288,7.31642,8.04658,8.67231,8.29637,7.10298,8.52894,8.31315,8.16624,7.60781,8.04639,7.72942,9.75319,8.96192,9.16331,8.33467,9.36474,8.34364,8.20788,7.20811,8.47208,8.62621,9.48724,9.6158,8.5592,8.62762,7.46823,8.44161,8.08313,7.99557,8.40624,2,3,0,3,3,2,7,4,12,10,5,2,6,13,9,11,10,13,12,11,7,6,11,2,6,1,0,1,2,2,9,13,7,19,10,4,5,1,3,6,3,3,3,1,12,10,12,3,5,5,1,0,3,3,4,6,3,1,0,8,11,6,6,1,4,2,2,8,6,5,6,6,8,6,6,4,7,8,3,2,2,1,1,2,4,1,1,2,0,0,1,23,24,26,18,30,11,15,15,6,3,4,3,6,3,1,0,4,5,2,1,4,3,7,3,11,7,1,7,3,2,4,1,0,3,2,5,0,10,5,3,9,12,10,8,17,10,8,7,9,6,7,5,4,10,9,12,7,6,9,13,5,2,3,2,4,2,2,2,8,16,13,11,10,7,11,4,9,4,9,9,9,8,11,10,21,12,16,5,9,14,10,7,7,3,6,6,2,5,5
190.551,0.911439,0.0128217,8,511,0,-130.428,9.32834,0.404489,0.153656,0.326883,0.363775,-0.901746,0.772303,-0.121308,-0.327136,-0.042828,0.370652,-0.194666,-0.207536,0.684596,0.685336,-0.380316,0.0116068,-0.669382,-0.106421,-0.504433,0.343652,0.525646,0.082462,-1.26074,0.289396,-0.388536,-0.604547,-0.288075,-0.583654,-0.766931,0.457397,0.472209,0.13515,-0.0438677,-0.127427,-0.417994,-0.153912,-0.0839088,0.343467,-0.388492,0.352359,0.692437,-0.23299,0.14534,-0.930383,0.196197,-0.233395,-0.154624,0.0998893,0.349095,-0.0361457,0.00748514,-0.242488,0.208416,0.116357,0.144383,-0.168647,0.212217,-0.137894,0.171192,0.0811697,0.156479,-0.0998764,0.254651,0.594775,-0.208524,-0.282569,-0.100778,0.35362,0.337119,0.661146,0.286642,-0.374979,0.17812,0.507006,0.302913,0.76881,0.931586,-1.2517,-0.830549,1.2705,-0.418481,0.6536,0.158751,1.3604,0.630864,0.234016,0.413647,-0.585865,0.731972,-0.699789,0.0622985,0.812636,0.613508,-1.42474,-0.456399,-0.106605,0.627286,1.25601,-0.4104,0.63881,-0.895659,-0.137994,0.501986,-0.339476,-1.14144,-0.522438,0.414621,-0.238234,0.601763,-0.337944,0.190994,1.04396,1.08054,0.524601,0.355104,0.110857,0.373833,0.0476371,-0.0715892,0.0447506,0.0454352,0.0246186,-0.334632,-0.0614301,0.0590899,0.0137618,0.279961,-0.0956005,-0.0933183,-0.722762,-0.186571,-0.291863,0.0862532,-0.605132,-1.04912,0.0765058,0.196085,20.5536,0.548453,0.553881,0.36904,0.612859,0.48197,0.45151,0.493632,0.554892,0.471087,0.46918,0.600412,0.600517,0.443689,0.501726,0.401761,0.484181,0.425551,0.550922,0.57753,0.512259,0.320852,0.542925,0.442483,0.411064,0.457269,0.414075,0.387899,0.567596,0.569757,0.520085,0.493478,0.481061,0.438165,0.47713,0.487526,0.550895,0.442489,0.552203,0.60153,0.465411,0.521598,0.365083,0.52914,0.465351,0.477025,0.514849,0.482966,0.481045,0.546871,0.459826,0.506324,0.517047,0.502233,0.480687,0.510147,0.510817,0.464372,0.464333,0.519816,0.499395,0.534839,0.505548,0.526272,0.482093,0.472625,0.495701,0.565348,0.484918,0.520244,0.531474,0.515013,0.530389,0.539896,0.476173,0.475403,0.492955,0.502287,0.506643,0.521777,0.508023,0.504374,0.482102,0.520241,0.481639,0.463965,0.512144,0.492424,0.54835,0.489773,0.512165,0.50806,0.494793,0.450709,0.445188,0.633132,0.385245,0.518344,0.549329,0.506479,0.444161,0.529416,0.531355,0.397889,0.397781,0.557283,0.498244,0.599904,0.516094,0.575725,0.448198,0.421142,0.487527,0.681986,0.456331,0.55851,0.590451,0.543471,0.58739,0.613985,0.431242,0.429045,0.479565,0.506636,0.519268,0.5629,0.523267,0.512691,0.448226,0.558503,0.446895,0.396752,0.535189,0.478027,0.637147,0.470354,0.53525,0.523375,0.484893,0.415095,0.40573,0.720319,0.307839,0.531774,0.584969,0.511231,0.403992,0.55088,0.554219,0.327784,0.327613,0.598447,0.496956,0.66869,0.527883,0.629299,0.410831,0.365524,0.478385,0.789626,0.424675,0.600518,0.653451,0.574987,0.648471,0.690959,0.382284,0.378621,0.464612,0.511504,0.533372,0.607908,0.540281,0.521993,0.410877,0.600507,0.408621,0.325974,0.560806,0.461954,0.726331,0.448722,0.560911,0.540466,0.473825,8.86199,9.02928,7.07129,8.99548,7.92735,7.70117,8.17279,8.46803,8.28876,7.83258,9.57629,9.25529,7.64276,8.5155,7.48479,8.70755,7.94854,8.43837,8.63817,8.31052,7.12182,8.82081,8.20253,8.19751,7.74408,8.02694,7.82611,9.62072,9.02156,8.97311,8.17164,9.31544,8.36523,8.46031,8.05543,9.00697,8.69579,9.01674,9.42838,8.3734,8.6625,7.60879,8.43553,7.96333,8.10717,8.61254,3,3,4,1,3,8,11,6,4,6,2,10,12,13,19,17,14,6,11,8,6,7,14,12,5,4,0,2,5,2,5,10,8,12,9,1,4,3,8,12,6,4,3,3,19,14,19,6,4,7,4,8,3,7,7,1,0,0,1,6,17,13,9,3,0,5,5,9,4,4,3,0,2,2,3,3,4,5,0,4,1,2,5,1,3,6,4,1,2,5,6,10,4,11,15,6,31,26,19,4,5,10,7,16,1,0,1,1,3,5,2,3,6,2,6,9,1,0,1,1,2,2,4,6,2,2,1,3,14,8,9,7,10,2,8,5,9,7,6,9,8,9,7,5,6,6,13,5,4,6,1,9,6,5,2,5,1,6,4,8,10,11,2,8,15,5,10,11,9,12,8,6,8,8,7,6,7,8,7,10,10,5,5,11,8,5,3,1,2,6
178.428,0.999758,0.0128217,8,255,0,-111.473,8.89301,0.32814,0.211831,-0.912411,0.439692,-0.328632,-0.429522,0.0360714,-0.0749775,-0.102678,-0.0190484,-0.258561,0.170544,0.303926,0.487309,0.277527,0.041796,0.859694,0.44027,-0.391295,-0.382691,0.698571,-0.0637799,-0.911211,0.133674,0.0640642,-0.391409,0.0763241,-0.187486,-0.435248,0.243679,0.338174,0.098763,-0.116502,0.0288439,-0.444756,0.157711,-0.131734,0.433894,-0.278511,-0.243494,-0.0118196,0.093085,0.100579,-0.499028,0.00348126,-0.0622454,-0.258564,-0.217049,-0.250914,0.161371,-0.20165,-0.131426,-0.214254,0.00326338,-0.191846,0.214408,0.142131,-0.479164,0.149853,-0.363269,0.135882,-0.0377953,0.358312,0.56332,1.42359,-0.328911,-0.137799,0.369129,0.367896,1.04738,0.131497,0.0602168,0.196558,1.06705,0.979138,0.648389,0.936517,-0.990011,-0.522416,0.956742,-0.909247,0.316792,-1.1645,0.55625,0.255635,-2.36168,-1.14153,-0.856593,1.26319,-0.634366,0.361279,1.38139,0.657909,-1.05332,-0.360812,0.194296,0.935036,1.15857,-0.0307131,-0.266367,-0.013288,0.290173,0.565679,-0.0358498,-1.32849,-0.899679,-0.0120694,-0.618822,1.08193,0.136678,0.0401104,0.223882,1.30257,0.254944,0.398853,0.149291,-1.43423,-0.0359006,0.0359951,-0.0830367,0.0880003,-0.165013,0.241432,0.367246,-0.0909941,0.0106843,0.0596496,-0.0105835,0.239932,0.0866644,0.0900838,0.0287772,0.243535,-1.35506,-0.521977,0.0212821,-0.0214469,17.9681,0.374261,0.561607,0.45385,0.439804,0.50508,0.489442,0.485544,0.497317,0.463651,0.523999,0.542698,0.5682,0.539005,0.505886,0.618759,0.561687,0.445116,0.446313,0.597129,0.491019,0.374419,0.518816,0.509021,0.4451,0.510747,0.473621,0.439009,0.534263,0.547482,0.513905,0.483599,0.504062,0.437691,0.522196,0.481456,0.560803,0.460857,0.465762,0.498335,0.513106,0.514161,0.430181,0.50049,0.491235,0.463651,0.469471,0.214351,0.651568,0.385128,0.351726,0.512835,0.473341,0.463522,0.493221,0.409004,0.5604,0.60651,0.666796,0.597506,0.514871,0.77274,0.651755,0.364232,0.367073,0.729971,0.477317,0.214639,0.547431,0.522784,0.364195,0.527137,0.433668,0.34987,0.585865,0.618083,0.535092,0.458632,0.510264,0.346797,0.555894,0.453253,0.649692,0.402157,0.414199,0.495794,0.53308,0.535735,0.329508,0.501239,0.477862,0.409003,0.423362,0.774931,0.355304,0.609525,0.641534,0.487783,0.525378,0.534728,0.506453,0.586706,0.442482,0.398472,0.340665,0.407076,0.485845,0.237772,0.355124,0.629536,0.626813,0.279569,0.521593,0.774647,0.454839,0.478311,0.629572,0.474167,0.563174,0.643316,0.418192,0.387402,0.466593,0.539385,0.49023,0.646267,0.446776,0.544509,0.357105,0.593245,0.581747,0.504004,0.468508,0.46598,0.662892,0.498821,0.521074,0.586707,0.573003,0.616864,0.442873,0.54278,0.555817,0.495293,0.509783,0.513396,0.502486,0.53369,0.47776,0.460422,0.43675,0.463847,0.494546,0.38966,0.442799,0.550885,0.549774,0.409837,0.508322,0.616716,0.482563,0.491641,0.5509,0.490041,0.524446,0.556554,0.468244,0.455984,0.487115,0.515198,0.496236,0.557779,0.479431,0.517184,0.44362,0.53628,0.531732,0.501542,0.487855,0.486878,0.564755,0.499546,0.508122,0.53369,0.528293,7.12321,9.00507,7.08053,7.73103,7.6559,7.47982,8.25328,7.56848,8.10452,7.86874,9.48644,9.27627,8.037,8.57938,9.73089,9.69789,7.89761,6.99653,8.67936,8.3149,7.12491,8.72489,8.41649,8.15954,7.7197,8.21833,7.83177,9.71929,9.04612,9.16339,8.2314,9.37929,8.30888,8.56469,8.19681,8.99615,8.79355,7.92998,8.49636,8.46247,8.67252,7.53384,8.42155,8.31733,8.04185,8.16975,4,1,2,1,5,9,15,8,3,17,7,4,7,3,6,12,5,14,9,5,6,9,12,6,14,2,5,4,1,3,11,14,14,12,9,3,0,1,8,8,6,0,2,5,13,10,9,5,9,6,0,0,2,1,4,2,1,1,2,9,8,10,17,5,4,2,6,7,7,5,7,15,3,6,6,12,12,10,1,5,2,1,2,2,2,1,1,4,8,13,5,7,11,10,16,2,10,10,7,6,8,6,4,11,8,7,3,5,5,8,11,6,4,3,3,9,3,4,7,1,0,1,2,1,2,2,5,3,5,6,3,13,10,14,23,14,12,12,15,18,13,12,9,21,25,8,19,3,1,1,2,4,2,4,12,9,6,6,5,7,5,11,7,5,9,7,9,16,7,16,10,15,9,13,11,15,3,4,20,7,5,10,4,8,5,6,5,3,1,3
197.101,0.912261,0.0128217,8,511,0,-111.582,8.59071,0.359145,0.28165,-0.360598,0.40877,-0.573642,-0.336306,0.0414749,0.374447,-0.19121,-0.013997,-0.143609,-0.100068,0.448287,0.326933,0.0191186,-0.202264,-0.220306,0.0472804,-0.176323,-0.891878,0.441551,-0.250938,-0.90034,-0.0222022,-0.0546626,-0.55162,-0.138759,-0.11635,-0.388239,0.516416,0.31113,0.273969,-0.193371,-0.224602,-0.261486,-0.11333,0.019721,-0.258068,-0.194085,-0.463963,-0.960526,-0.00695312,0.153539,-0.660384,-0.136442,-0.532493,-0.162399,-0.165217,0.0954558,0.117625,0.0159944,0.0718317,0.338422,-0.283378,-0.181117,-0.232171,-0.120596,-0.592876,5.80553e-05,-0.186262,-0.0260016,-0.155217,0.0509983,1.05876,0.9222,-0.29202,-0.0895578,0.367347,-0.863681,0.702356,0.0946118,-0.2137,-0.00264159,0.306095,0.793447,0.461775,0.0494994,-1.09283,-1.0009,0.58957,-0.264305,-0.0509804,-1.15176,0.725457,0.0525282,-0.930598,-0.7683,-1.03394,2.06268,-0.984541,0.15547,0.874122,-0.160711,-0.612749,0.0374579,-0.883792,0.739895,1.18705,-0.693961,-0.347419,-1.15879,-0.23903,0.303651,-0.0783563,-0.743517,-0.311282,0.915149,-0.629659,1.44752,0.733639,0.217742,-0.0242066,1.64053,0.712584,0.480543,-0.82761,-0.440193,0.0237753,-0.0780616,-0.0631242,0.108753,0.0499063,-0.140769,-0.212506,0.0560597,-0.0150035,0.125026,-0.111153,-0.0322828,-0.0343161,0.0374766,-0.110881,0.369968,-1.41975,-0.854128,0.0513026,0.0903337,19.9217,0.405696,0.60654,0.352664,0.411912,0.510976,0.597835,0.449561,0.496295,0.462061,0.473538,0.616479,0.585682,0.50506,0.446666,0.44195,0.512512,0.453464,0.280035,0.614791,0.433967,0.278233,0.494124,0.485535,0.358005,0.463338,0.469242,0.39866,0.633384,0.581616,0.572013,0.448995,0.440829,0.431226,0.470038,0.50522,0.432114,0.448808,0.379605,0.265618,0.49816,0.540551,0.331992,0.463948,0.362673,0.45712,0.45638,0.417622,0.593141,0.370747,0.42308,0.509561,0.585481,0.45603,0.496773,0.466939,0.476946,0.601905,0.574809,0.504408,0.453503,0.449383,0.510899,0.459438,0.305235,0.600416,0.442403,0.303583,0.494881,0.4874,0.375497,0.468053,0.473201,0.411436,0.616859,0.571243,0.56283,0.455536,0.448402,0.440005,0.473895,0.504547,0.440782,0.455373,0.394636,0.291978,0.498397,0.535339,0.352286,0.468585,0.379643,0.462629,0.461983,0.625265,0.358852,0.693052,0.61715,0.485283,0.370139,0.567454,0.504968,0.550796,0.535458,0.346049,0.385999,0.493215,0.571302,0.577563,0.483225,0.562259,0.780099,0.348216,0.588137,0.782152,0.50788,0.519392,0.686361,0.549092,0.541203,0.634414,0.324498,0.39133,0.403966,0.568206,0.579051,0.591759,0.540139,0.493001,0.590587,0.568455,0.65897,0.796361,0.502468,0.445718,0.71861,0.548277,0.680486,0.557387,0.558374,0.576396,0.413591,0.620098,0.571322,0.491145,0.420718,0.540739,0.502989,0.530627,0.521355,0.405429,0.430639,0.495918,0.543083,0.546904,0.489906,0.537579,0.68174,0.406817,0.553379,0.683306,0.504741,0.51167,0.615657,0.529595,0.524824,0.58215,0.391482,0.433952,0.441764,0.541197,0.547813,0.555605,0.524181,0.495789,0.554884,0.541349,0.597794,0.694324,0.501485,0.467261,0.63739,0.529102,0.611784,0.534622,0.535221,7.90487,9.05998,7.04492,7.87663,7.95567,8.45062,8.34894,7.87286,8.22701,7.74441,9.40715,8.92792,7.9223,8.13967,8.30566,8.81214,8.17828,6.58937,8.54945,8.26014,7.125,8.40813,8.37092,8.18514,7.68672,8.11745,7.71387,9.77679,8.90452,9.14971,8.34572,9.31499,8.35193,8.28339,8.40658,8.06796,8.59957,7.76392,6.89057,8.44214,8.67034,7.47803,8.43052,7.84522,8.04805,8.19482,6,3,3,0,2,3,10,1,8,4,2,3,2,8,7,6,6,3,4,13,15,9,7,12,5,1,3,1,1,0,11,8,12,19,7,4,2,1,7,12,14,4,1,4,14,8,5,4,4,4,2,2,3,2,4,2,2,0,4,15,10,9,22,5,5,4,4,7,6,7,7,5,4,6,10,9,2,2,2,2,2,4,9,2,2,5,1,1,2,2,0,7,14,7,8,9,18,20,13,5,9,5,2,8,2,3,2,3,4,7,3,1,3,2,6,2,6,6,3,2,1,1,0,6,4,3,3,3,9,10,4,15,10,7,8,11,11,10,11,9,7,18,13,16,9,8,15,4,0,3,2,7,6,2,0,4,13,8,11,2,6,5,2,17,10,13,13,11,13,7,12,3,14,19,13,13,20,10,11,10,16,7,18,5,5,4,2,1,0,2
198.382,0.927285,0.0128217,9,511,0,-127.279,8.59222,0.388464,0.147152,-0.66677,0.397164,-0.649397,-0.00550089,0.205337,-0.195503,-0.303448,-0.216329,0.218295,0.0614183,0.535657,0.627128,0.241483,-0.067662,-0.098931,0.361165,-0.115098,-0.758163,0.624415,-0.0664191,-0.887079,0.206733,-0.215293,-0.824578,-0.0503683,-0.316878,-0.472483,0.618005,0.389931,0.122166,-0.182735,-0.0923407,-0.261241,-0.480019,-0.559589,-0.206218,-0.175512,-0.471525,-0.683798,-0.0363049,0.155365,-0.647505,-0.01779,-0.409455,0.032119,0.675089,0.131506,0.0966438,0.167488,0.120209,0.177899,0.020314,-0.284798,-0.20169,0.0026549,-0.0282447,0.0587241,0.0840816,0.00201397,-0.00357458,0.0439333,1.07872,0.749616,-0.457907,-0.0532635,0.365973,-0.698222,0.707166,0.0992612,-0.206983,0.105747,0.54256,0.534477,0.145014,0.209352,-1.08447,-0.895993,0.463065,-0.480469,0.0780967,-1.01454,1.03139,0.0993171,-0.717247,-0.780153,-1.19279,2.07068,-0.547648,0.205844,0.411446,0.0272805,-0.326009,0.247868,-0.656625,0.755945,1.46329,-0.735648,-0.662728,-1.15241,-0.280695,-0.100434,-0.360581,-0.678443,-0.391639,1.10918,-0.432222,1.64639,0.758198,0.457475,-0.163341,1.88554,0.434618,0.299392,-0.136099,0.25908,0.182791,-0.0538517,-0.0573275,0.0767442,0.00582007,0.221108,0.0293008,-0.123996,0.0459583,-0.0971798,-0.0187686,-0.0863237,0.0493481,-0.0309059,-0.0598674,0.319352,-1.49394,-0.810415,0.249455,0.0558737,19.6121,0.327557,0.605498,0.331698,0.498517,0.55515,0.447471,0.418889,0.441924,0.558599,0.516557,0.640566,0.662955,0.564757,0.481761,0.473346,0.596185,0.469,0.306222,0.662301,0.482096,0.277498,0.555521,0.4422,0.291216,0.48642,0.415367,0.37527,0.660753,0.603633,0.532898,0.450879,0.475118,0.430012,0.373366,0.353512,0.444615,0.452809,0.375512,0.323524,0.490211,0.541801,0.332151,0.495203,0.391339,0.508661,0.674416,0.377583,0.573885,0.380648,0.498969,0.538405,0.463427,0.443377,0.459548,0.540818,0.511508,0.599057,0.615409,0.545132,0.487323,0.481468,0.567273,0.478444,0.361622,0.614927,0.487555,0.339624,0.538665,0.459741,0.35021,0.490562,0.440894,0.412369,0.613789,0.572559,0.522878,0.465808,0.482702,0.451198,0.411001,0.396642,0.461431,0.467156,0.412543,0.374588,0.493197,0.529083,0.380983,0.496666,0.423863,0.506019,0.623882,0.730294,0.355869,0.725151,0.502054,0.423906,0.572503,0.611431,0.5801,0.419185,0.477077,0.309974,0.281529,0.410775,0.525249,0.536882,0.36829,0.542882,0.756327,0.282349,0.524786,0.790052,0.423397,0.579722,0.774145,0.518803,0.616187,0.669486,0.284294,0.35835,0.454499,0.567828,0.534433,0.596349,0.671972,0.69762,0.576416,0.565178,0.669169,0.735275,0.513556,0.442233,0.724587,0.506644,0.648329,0.488006,0.267265,0.631896,0.420221,0.628615,0.501114,0.458494,0.539527,0.561172,0.543717,0.455888,0.487559,0.393147,0.375608,0.45123,0.513705,0.520033,0.427345,0.523302,0.64895,0.376123,0.513454,0.672365,0.458213,0.543509,0.661111,0.510203,0.56385,0.594574,0.377343,0.421649,0.475269,0.536955,0.5187,0.552732,0.596045,0.611471,0.541684,0.5355,0.594387,0.6351,0.507355,0.468564,0.628257,0.503604,0.582204,0.493493,0.366537,7.41817,9.03964,6.86771,7.88535,8.08174,7.50854,8.04718,7.47882,8.67483,7.87603,9.46952,9.25215,8.13329,8.26588,8.33899,9.22333,8.19803,6.7172,8.67377,8.3855,7.11541,8.65833,8.16547,8.14284,7.71603,8.18465,7.96441,9.69077,8.91883,8.88278,8.21921,9.2112,8.33465,7.78996,7.09814,8.17842,8.7191,7.80192,7.66895,8.42133,8.58498,7.55551,8.4551,7.89682,8.04909,9.31882,4,2,0,2,4,7,10,15,14,3,1,4,5,9,2,3,6,10,4,9,8,3,5,7,2,2,2,2,0,2,14,26,27,13,10,4,3,2,10,11,13,4,10,2,20,18,11,11,9,11,6,4,6,6,2,0,2,4,2,13,8,23,10,4,4,6,10,12,7,6,13,6,6,8,2,9,11,22,2,4,4,6,4,3,4,6,4,0,2,2,4,7,8,15,10,10,6,23,14,5,4,5,8,9,1,3,2,6,3,5,2,2,5,7,6,9,1,2,5,1,0,4,0,0,2,0,1,2,7,17,21,12,17,24,19,14,8,24,11,15,19,19,10,14,12,10,10,4,4,6,5,5,6,6,4,3,15,5,14,5,7,8,4,7,17,21,23,16,37,24,31,29,25,28,29,28,33,21,26,12,18,5,10,6,1,10,5,5,14,10
208.084,0.997052,0.0128217,8,511,0,-131.319,9.07121,0.515327,0.175111,-0.343517,0.371218,-0.89894,0.3034,0.571738,-0.628776,-0.28432,-0.0339464,0.290873,-0.107934,0.730416,0.518688,-0.0215632,0.08445,0.524845,-0.117315,0.33829,-0.673035,0.643215,0.0248326,-0.937738,0.318261,-0.302386,-0.651045,-0.198072,-0.205626,-0.339851,0.748197,0.65494,0.218457,-0.117125,0.320934,-0.289724,-0.226347,0.302745,0.110854,-0.246901,0.0588009,-0.756017,-0.325977,0.402337,-0.892213,0.0721404,0.0869213,-0.260959,0.281365,-0.158427,-0.282404,0.0453196,-0.043569,-0.194235,-0.182907,0.0497369,0.0648558,0.0353322,-0.470488,0.0913977,0.0356955,-0.133269,0.171661,0.124186,0.711342,0.0955287,-0.330233,-0.083714,0.368713,-0.119687,0.740019,0.0546615,-0.822558,0.291455,0.384669,0.480615,0.021781,0.937348,-0.522828,-0.898032,0.444886,-0.923369,0.0825502,-0.917454,1.12438,-0.305929,-1.31738,-0.950744,-2.1772,1.08874,-0.528027,-0.0031679,0.784339,-0.290645,-0.799234,-0.594042,-0.282144,0.761225,0.796765,-0.374106,-0.297157,-0.321916,0.241728,0.00954737,0.0966845,-0.333038,-0.88945,-0.0211787,-1.36401,0.700929,-0.040098,0.186754,0.128718,0.799615,-0.0035895,0.405736,-0.307381,-0.288793,0.113672,0.0300029,0.0152124,-0.0350478,0.00177586,0.132227,0.0256968,-0.0875225,0.00814389,0.0415242,-0.00167294,0.0323608,-0.0128365,0.0337914,-0.000360507,0.234632,-0.936935,-0.531122,-0.00523061,0.0977297,16.2538,0.439213,0.565635,0.34537,0.553747,0.600297,0.390009,0.449609,0.493963,0.551544,0.480815,0.627049,0.591209,0.496165,0.515014,0.592267,0.479149,0.559871,0.382545,0.612432,0.504416,0.339157,0.556358,0.446431,0.386247,0.464834,0.463497,0.439855,0.630002,0.61441,0.538771,0.479183,0.556827,0.448658,0.459834,0.553632,0.519704,0.456205,0.510455,0.368703,0.442288,0.571065,0.346453,0.512826,0.515453,0.453725,0.54987,0.491797,0.508865,0.478545,0.507245,0.513651,0.484988,0.49321,0.499189,0.506946,0.497422,0.517437,0.512385,0.499485,0.502017,0.512532,0.497198,0.508078,0.483932,0.515357,0.500593,0.47762,0.5076,0.492779,0.484457,0.49527,0.495089,0.491884,0.517861,0.515636,0.505217,0.497203,0.507664,0.493081,0.494595,0.50723,0.502647,0.494104,0.501404,0.481953,0.492216,0.509608,0.478705,0.501723,0.502076,0.493768,0.506719,0.579776,0.413914,0.698939,0.429408,0.369193,0.643164,0.566206,0.507951,0.432286,0.52526,0.335291,0.380842,0.505051,0.480229,0.379482,0.527452,0.421418,0.652623,0.353738,0.494184,0.706532,0.426,0.570359,0.647938,0.546262,0.548016,0.578939,0.331588,0.35123,0.449008,0.527407,0.425388,0.567449,0.55282,0.429559,0.474057,0.557576,0.48623,0.670034,0.575767,0.40686,0.69761,0.483109,0.479651,0.560823,0.434474,0.545486,0.450869,0.617145,0.459801,0.424662,0.582722,0.537681,0.504507,0.461454,0.514328,0.404213,0.431561,0.502863,0.488789,0.430759,0.515572,0.455202,0.588426,0.415415,0.496703,0.622002,0.457841,0.540065,0.585595,0.526276,0.527276,0.545003,0.401941,0.413903,0.471026,0.515547,0.457489,0.538394,0.530018,0.459888,0.485285,0.532737,0.492193,0.599057,0.543176,0.44678,0.6163,0.490422,0.488461,0.534595,0.46271,7.81525,9.02019,6.91288,8.11301,8.56825,7.21541,8.04902,7.88555,8.531,7.80204,9.52578,8.78755,7.89952,8.29812,8.96151,8.57091,8.58444,7.16574,8.64852,8.39786,7.1485,8.56187,8.26025,8.22708,7.70032,8.03446,7.88311,9.79271,8.94061,8.94986,8.23763,9.35395,8.37642,8.346,8.11227,8.72656,8.65699,8.6678,7.41538,8.23366,8.6566,7.59796,8.45126,8.46795,8.1242,8.52028,1,1,3,3,3,3,6,5,14,4,4,3,14,12,14,7,14,11,4,7,9,7,6,16,9,3,2,0,2,2,7,11,6,9,13,2,3,3,7,10,12,1,0,5,12,20,17,2,5,3,2,0,0,3,2,3,0,2,0,8,12,20,16,5,3,2,6,4,2,4,4,6,7,6,12,7,4,2,2,0,1,1,3,1,4,2,3,2,7,4,3,14,5,15,8,17,12,6,11,5,5,3,5,4,2,2,10,8,4,11,10,6,8,8,3,7,2,9,7,4,5,4,1,1,3,1,0,1,11,5,2,11,11,9,6,10,10,8,10,8,15,14,11,4,8,10,7,0,0,0,3,1,2,3,4,3,2,10,4,4,7,9,7,6,5,4,3,7,7,9,8,2,5,11,5,11,5,7,2,5,5,6,3,10,15,11,5,3,5,6
190.738,0.982411,0.0128217,8,511,0,-133.44,9.36754,0.452691,0.207375,0.199221,0.414564,-0.888731,0.302703,0.454912,-1.01706,-0.141034,0.0575428,0.495762,-0.165409,0.836327,0.650968,-0.397275,0.0259426,0.0220733,0.0702147,-0.138967,0.127596,0.600497,-0.215604,-0.922356,0.305093,-0.118159,-0.183868,-0.316164,-0.264518,-0.51694,0.603591,0.614174,0.547686,-0.263281,-0.0400406,-0.124346,-0.694239,0.195151,-0.0583807,0.105121,0.182394,-0.680335,-0.178219,0.350331,-0.908874,-0.11254,-0.802166,-0.337262,0.198445,0.0497323,-0.0954169,-0.194709,0.183941,0.146028,0.00940666,0.398812,-0.605601,-0.288832,-0.41985,0.0637234,0.132282,0.111186,0.0769184,0.166615,0.706197,-0.282979,-0.241119,-0.151474,0.368654,0.653687,0.862574,0.177913,-0.514086,-0.132794,0.111973,0.329897,0.27419,0.799057,-1.15448,-1.25681,0.355204,-1.19965,0.582767,-0.889987,1.19639,0.289713,-0.707984,-0.910483,-2.12757,0.972971,-0.830481,-0.0110176,0.0953603,-0.352528,-0.83466,-0.93501,-0.567973,0.660269,0.626588,0.0901248,-0.592601,-0.292168,-0.339962,0.24641,-0.0945054,-0.601781,-0.610307,0.140903,-0.900736,0.579709,-0.437414,-0.439928,-0.128396,0.951578,0.180427,0.0175586,0.0440667,1.72417,-0.276577,0.0753746,-0.127835,0.239716,0.019432,0.015784,0.0960535,0.114758,0.201949,0.128186,-0.107063,0.118153,0.0667927,-0.00839645,-0.22718,0.127696,-0.776211,-0.548455,0.0138475,0.111585,15.4803,0.535114,0.572673,0.348051,0.553239,0.579631,0.32778,0.475121,0.510158,0.586643,0.47083,0.643506,0.612946,0.430318,0.50458,0.503897,0.512394,0.475485,0.522512,0.604457,0.462009,0.342682,0.553657,0.479151,0.467584,0.444412,0.453435,0.409735,0.604979,0.606764,0.595506,0.453651,0.492931,0.478061,0.37983,0.534399,0.489694,0.518551,0.532157,0.382146,0.468577,0.561537,0.34483,0.480142,0.362048,0.440737,0.534978,0.48591,0.470705,0.562544,0.478598,0.467862,0.571459,0.509976,0.495929,0.464985,0.5117,0.441109,0.454077,0.528076,0.498165,0.498438,0.495033,0.50983,0.490974,0.45762,0.515248,0.564884,0.47843,0.508358,0.513005,0.522352,0.518704,0.536506,0.457403,0.456659,0.461332,0.518617,0.502833,0.508796,0.548956,0.486198,0.50413,0.492564,0.487099,0.547982,0.512605,0.475236,0.563946,0.507961,0.556507,0.523841,0.485965,0.461418,0.42024,0.665932,0.441528,0.412629,0.687714,0.527341,0.488836,0.404966,0.532054,0.343177,0.376299,0.576487,0.494966,0.495717,0.486378,0.526941,0.47526,0.385537,0.541741,0.671713,0.441071,0.522913,0.53562,0.561046,0.551151,0.598989,0.384968,0.383025,0.395292,0.550913,0.507769,0.524111,0.631551,0.462203,0.511327,0.479612,0.464665,0.629036,0.534529,0.432433,0.669401,0.521825,0.650821,0.565075,0.461567,0.472711,0.443401,0.6195,0.45859,0.437947,0.635946,0.519328,0.492111,0.43244,0.522664,0.387297,0.41168,0.554257,0.496443,0.496973,0.490374,0.519045,0.482512,0.4184,0.529528,0.623838,0.458265,0.516195,0.52519,0.543242,0.536205,0.570409,0.417987,0.416576,0.425464,0.536037,0.50549,0.517043,0.594056,0.473268,0.508004,0.48559,0.475012,0.592216,0.524417,0.452112,0.622101,0.515426,0.608247,0.546112,0.472817,8.46406,9.01379,6.9676,8.41623,8.50158,6.82244,8.35861,8.04721,8.80291,7.79202,9.4718,8.97978,7.52691,8.26575,8.5453,8.59783,8.077,8.12739,8.66759,8.27329,7.18424,8.58515,8.40437,8.18046,7.61959,8.05653,7.7682,9.73536,8.93789,9.14353,8.21875,9.38355,8.37513,7.74666,8.29322,8.47279,8.62084,8.74837,7.58208,8.33564,8.63685,7.50307,8.39122,7.60446,8.08248,8.46317,2,7,3,4,4,5,7,7,8,10,4,10,13,25,7,17,11,10,11,10,10,8,3,16,14,1,0,2,5,2,7,7,5,14,9,1,1,1,19,10,7,1,4,3,23,25,13,11,7,7,3,4,2,1,0,0,0,1,0,24,8,13,5,7,1,6,8,2,2,2,8,2,3,5,9,11,5,9,1,4,2,0,2,1,1,3,1,2,5,10,3,13,13,3,13,13,19,4,10,6,2,2,3,9,7,2,3,4,3,3,3,1,5,3,12,4,4,4,7,5,3,4,3,3,4,3,2,4,4,5,11,11,4,3,5,8,15,13,12,16,8,10,8,9,3,7,13,3,3,2,5,2,1,6,6,1,2,4,2,6,5,6,11,16,10,7,21,10,10,16,11,13,9,8,10,15,7,6,15,3,9,7,8,8,4,11,9,5,4,4
183.588,0.904238,0.0128217,8,511,0,-108.05,8.40794,0.579979,0.288155,-0.120494,0.704876,-0.902314,0.503622,0.22322,-0.632745,-0.177454,-0.368719,0.354753,-0.247366,0.83831,0.565856,-0.855063,-0.105042,-0.165253,-0.810575,0.705279,0.158115,0.48901,-0.0554023,-0.974147,0.229575,0.14798,0.0911553,-0.357606,-0.228744,-0.316517,0.765316,0.516199,0.514437,-0.0682431,0.231814,-0.0650294,-0.479423,-1.08393,1.1588,0.387496,0.461933,0.230205,0.234273,0.221156,-0.548124,0.0011009,1.56221,-0.368929,-0.16835,0.287589,0.0444239,-0.227505,0.099917,0.0520746,0.0674711,0.161015,0.125142,-0.23761,-0.382714,0.00578147,-0.0271828,0.228973,0.0461383,0.259498,0.611363,0.643496,-0.0519526,-0.118522,0.363958,0.630579,0.747674,0.259943,-1.32983,0.452034,-0.0168567,0.921608,0.284977,0.581802,-0.511649,-1.54322,0.489949,-1.27979,0.281568,-0.0819481,1.3898,-0.00187022,-0.893498,-0.254475,-1.83422,0.660328,-0.408578,0.30672,0.583442,-0.080772,-1.08867,-0.651579,-0.141059,0.049309,0.525321,-1.27676,-0.37684,-1.34259,0.287665,-0.443431,-0.250363,-0.551367,-0.29123,-0.281614,-1.02398,0.657872,-0.747509,-0.0703865,0.385044,0.712721,0.347851,-0.390052,-0.482429,1.14162,0.26125,-0.187503,-0.27143,-0.358216,-0.205502,0.0112836,0.176323,-0.180753,-0.297508,0.150848,-0.00893316,0.308697,-0.0687202,-0.0775763,-0.181909,0.218328,-0.385036,-0.317777,-0.120353,-0.0128375,25.0295,0.481592,0.606097,0.365484,0.576372,0.534064,0.404479,0.472904,0.443882,0.554009,0.462264,0.625395,0.585634,0.372209,0.483951,0.474764,0.378586,0.606156,0.524148,0.574189,0.491533,0.355361,0.535031,0.522602,0.513929,0.44556,0.465096,0.451774,0.614883,0.578248,0.577985,0.489571,0.535371,0.490062,0.427245,0.34014,0.670058,0.55895,0.570137,0.535127,0.535745,0.53375,0.417,0.500168,0.722135,0.443851,0.474292,0.480625,0.611491,0.358786,0.580318,0.535849,0.399591,0.471483,0.440959,0.556824,0.460289,0.631684,0.590039,0.365811,0.483108,0.47344,0.372478,0.611553,0.525415,0.578026,0.491088,0.348223,0.536866,0.523788,0.51466,0.442723,0.463267,0.449256,0.62069,0.582288,0.582012,0.489023,0.537224,0.48954,0.423479,0.332366,0.678237,0.562017,0.573771,0.536966,0.537617,0.535518,0.412724,0.500177,0.732094,0.440926,0.472943,0.511597,0.432563,0.585993,0.451673,0.478526,0.560608,0.517075,0.535433,0.465905,0.523793,0.419998,0.445746,0.581572,0.51011,0.515902,0.577398,0.432525,0.484785,0.453067,0.505333,0.592686,0.477916,0.485759,0.491226,0.534369,0.522004,0.53043,0.42686,0.450474,0.450642,0.506569,0.477701,0.506259,0.546018,0.602849,0.390269,0.462769,0.455652,0.477855,0.477464,0.478725,0.552567,0.499894,0.353999,0.535453,0.5162,0.509571,0.444235,0.571197,0.460075,0.482274,0.550099,0.514094,0.529259,0.471847,0.519642,0.433792,0.455167,0.567515,0.508344,0.513125,0.564042,0.444203,0.487441,0.461229,0.504401,0.576778,0.48177,0.488246,0.492759,0.528379,0.518164,0.525124,0.439498,0.459083,0.459222,0.505421,0.481592,0.505166,0.538014,0.58527,0.408966,0.469255,0.463368,0.48172,0.481397,0.482438,0.543436,0.499913,0.378379,0.529276,0.513371,8.21463,9.00129,7.01652,9.01982,8.35906,7.33619,8.21003,7.65092,8.78318,7.79595,9.48387,9.03499,7.0724,8.23312,8.22463,7.51729,9.2008,8.28118,8.67652,8.35609,7.1986,8.63356,8.33691,8.14674,7.6642,7.95797,7.85304,9.68524,8.97583,9.09904,8.34072,9.2202,8.40632,7.58666,7.12829,9.53727,8.73892,8.71209,8.50716,8.44014,8.62349,7.50478,8.42372,10.2698,8.10736,8.15736,0,3,0,1,0,18,15,16,20,7,4,7,23,20,15,23,9,6,6,6,10,9,8,12,9,2,3,2,0,1,7,8,12,9,8,7,2,1,6,9,10,4,8,5,19,11,22,6,8,8,4,1,5,7,4,0,0,1,2,20,17,11,11,7,3,1,6,2,4,3,2,7,6,12,2,7,7,6,0,5,1,3,0,3,3,1,6,3,3,4,6,7,4,2,2,10,7,13,16,2,6,2,9,2,3,2,1,8,2,5,5,7,6,4,6,5,5,5,2,2,4,0,5,6,4,4,4,2,3,10,1,13,8,14,15,17,16,18,21,19,10,14,11,5,11,6,21,3,4,2,1,0,2,1,2,2,5,4,5,13,13,12,11,1,5,10,6,4,5,3,9,6,5,7,6,3,3,4,6,8,1,7,7,8,6,11,7,4,3,6
173.578,0.989849,0.0128217,8,511,0,-112.144,8.17228,0.591096,0.270638,0.0347317,0.650766,-0.738623,-0.107473,-0.343779,-1.48033,-0.0125097,0.724254,0.821513,-0.10971,0.832071,0.396772,-0.434305,-0.031383,0.218481,-1.50239,-0.403132,-0.108257,0.580238,0.135121,-0.871172,0.339933,0.0907177,0.160609,-0.223186,-0.364668,-0.472843,0.604572,0.489957,0.493475,-0.0702659,0.310679,-0.0383666,-0.554422,0.09864,0.884128,0.184431,0.962379,0.663995,0.046894,0.199787,-0.514245,0.202406,1.02087,-0.192447,0.254801,0.474217,-0.354579,-0.353174,-0.186713,0.219853,-0.280434,0.120154,-0.0716524,-0.0851632,-0.284089,0.215959,-0.285304,0.150143,-0.215321,0.134317,0.596294,0.841551,-0.0301475,-0.0918087,0.373948,0.202552,0.707412,0.172672,-0.764411,-0.0806786,-0.159406,0.450693,0.566596,0.938488,-0.784565,-0.264469,0.417296,-1.16912,0.365987,-1.30428,1.05129,0.23978,0.151324,0.0655852,-0.878029,0.976291,-0.248158,0.462598,0.475387,-0.371267,-0.881882,-0.919386,0.019895,0.540692,0.675636,-1.47649,0.135066,-0.791838,-0.284192,-0.323779,-0.310303,-0.595341,-0.325537,-0.0221362,-0.842656,0.479418,-0.567865,0.0909636,0.117579,1.04227,0.627265,-0.163284,-0.246698,1.0712,0.0520088,-0.302192,-0.26836,-0.164891,-0.154506,-0.0605362,0.0727332,0.327811,0.00451514,-0.194521,-0.188202,0.187633,-0.116959,-0.0460097,-0.22578,0.228919,-0.730987,-0.281869,-0.000949641,0.0164391,29.6876,0.505177,0.595813,0.391637,0.483984,0.44893,0.292616,0.498135,0.60632,0.620074,0.483651,0.621556,0.558874,0.435616,0.495322,0.532524,0.2899,0.440191,0.483867,0.585645,0.520132,0.372975,0.550502,0.51352,0.523924,0.466778,0.445851,0.429975,0.589162,0.572524,0.573038,0.489527,0.546182,0.494281,0.418095,0.5147,0.62883,0.527466,0.639654,0.597711,0.50699,0.529748,0.423935,0.530137,0.647653,0.471343,0.537911,0.507307,0.633591,0.34942,0.477404,0.428173,0.223433,0.497368,0.647826,0.666266,0.476935,0.668239,0.582709,0.409631,0.493398,0.545837,0.220228,0.41599,0.47724,0.619706,0.528397,0.324507,0.571034,0.519077,0.533739,0.453182,0.423875,0.401812,0.62452,0.601645,0.602354,0.485221,0.564993,0.491929,0.385427,0.520741,0.677878,0.538724,0.692086,0.636172,0.509865,0.541934,0.393467,0.542481,0.702475,0.4596,0.553403,0.493653,0.383268,0.631795,0.51963,0.562496,0.746891,0.502286,0.370652,0.354226,0.520038,0.352462,0.427995,0.578708,0.505735,0.460158,0.749928,0.573142,0.519773,0.395525,0.475327,0.654033,0.438196,0.483428,0.470683,0.540696,0.56625,0.58556,0.39128,0.411407,0.410784,0.512838,0.443467,0.507011,0.599954,0.481982,0.343827,0.466347,0.33104,0.380984,0.491431,0.463554,0.592885,0.463078,0.321641,0.535111,0.45357,0.497553,0.454271,0.551861,0.507573,0.524206,0.602827,0.500882,0.44914,0.442368,0.50773,0.441634,0.47207,0.530566,0.502211,0.484609,0.604315,0.528377,0.507628,0.459203,0.49048,0.561082,0.476064,0.493608,0.488684,0.515722,0.525675,0.533271,0.4575,0.465529,0.465282,0.504951,0.478121,0.502704,0.538989,0.49305,0.438018,0.487007,0.432597,0.453346,0.496696,0.485925,0.536174,0.485741,0.428555,0.513558,0.482053,8.40106,9.03529,6.99851,7.92062,7.49379,6.09173,8.15562,8.84052,9.39013,7.7896,9.45477,8.85858,7.37972,8.31736,8.44791,6.54552,7.8476,7.79144,8.66051,8.34248,7.26249,8.78692,8.3298,8.14519,7.64607,7.83515,7.69894,9.67586,8.97583,9.0318,8.08251,9.39834,8.36006,7.51529,8.18152,9.32561,8.64193,9.42227,9.13303,8.27433,8.60991,7.56571,8.42758,9.45076,8.04885,8.67944,0,3,0,2,2,7,6,6,4,4,3,2,5,8,3,4,5,18,11,9,11,9,4,9,8,0,4,2,8,10,9,12,18,13,14,0,0,2,16,12,9,2,1,2,12,14,17,6,12,9,8,6,4,2,0,2,1,3,1,18,20,13,8,5,5,7,3,1,12,4,5,7,7,7,8,5,3,2,3,2,3,1,3,2,2,1,1,5,8,5,8,4,10,11,5,7,7,6,4,0,0,17,10,16,2,1,1,3,3,4,7,2,0,3,5,2,6,3,6,2,1,1,6,1,3,3,1,5,14,5,3,8,21,17,10,13,19,9,9,14,16,15,12,14,12,19,18,0,2,0,4,2,3,5,3,3,6,6,4,6,7,8,9,7,10,12,11,5,10,17,14,15,22,10,5,6,11,7,6,12,3,8,13,7,5,6,3,4,4,5
177.614,0.832458,0.0128217,8,255,0,-101.478,8.32238,0.442111,0.207768,-0.744546,0.498371,-0.738524,-0.655789,-0.00596232,0.273523,0.210025,-0.595488,-0.0633968,-0.212586,0.52336,0.59866,0.372386,-0.0899641,-0.181508,1.02497,-0.926378,0.195071,0.338259,0.172485,-0.839557,0.00678674,0.0596984,-0.451994,-0.287329,0.115262,-0.258803,0.8625,0.419876,0.251433,0.0820661,0.65407,-0.201599,-0.419474,-0.877299,-0.235229,0.102355,0.556701,-0.846066,0.0525958,0.15948,-0.428685,0.30128,0.186096,0.0586257,-0.17922,-0.216414,0.32614,0.458925,-0.202645,-0.0365398,0.168226,-0.0746922,0.0728456,0.086738,-0.274221,0.186856,0.0737794,0.156815,-0.056459,0.401102,1.15909,-0.985199,-0.0999611,-0.00230871,0.357859,0.778378,0.58928,0.152976,-0.39891,0.757566,0.470878,1.15062,0.784144,0.43936,-0.682768,-1.71551,0.808371,-0.0916534,0.941203,0.27949,0.993497,-0.00351997,-1.03184,-0.0754341,-0.590453,0.849353,-0.546008,0.436637,0.539052,-0.197896,-0.537107,-0.427382,-0.477474,0.337222,0.865422,0.0799424,-0.0251981,-0.628204,0.794329,0.0356831,-0.0234045,-0.37038,-0.181749,0.528115,-0.697405,0.813384,-0.276358,0.160387,0.513706,1.14588,0.722764,0.410473,-0.533359,0.184148,-0.12456,-0.253819,-0.0453014,0.0929381,0.255022,0.107301,0.362478,-0.383132,-0.140413,0.123983,0.226461,0.183301,0.109714,-0.00230149,-0.1583,0.0794614,-0.444837,-0.609401,0.0850322,0.0297457,12.1449,0.296714,0.640528,0.298172,0.31862,0.498272,0.578602,0.560561,0.333983,0.481638,0.438708,0.64717,0.666834,0.606263,0.473954,0.447597,0.766388,0.254689,0.556287,0.596782,0.549816,0.274258,0.501967,0.517292,0.37194,0.417501,0.53335,0.425563,0.731003,0.619323,0.572347,0.523763,0.680947,0.441846,0.380787,0.265638,0.432256,0.529625,0.655943,0.272759,0.515236,0.546082,0.378273,0.586426,0.553717,0.516982,0.448253,0.675579,0.379659,0.674277,0.656127,0.501469,0.433036,0.448455,0.642602,0.51561,0.552169,0.373879,0.356681,0.409296,0.522144,0.544587,0.26702,0.713546,0.452101,0.417449,0.457619,0.695748,0.498328,0.485301,0.609522,0.5703,0.471641,0.5634,0.299489,0.398034,0.438387,0.479798,0.344255,0.549491,0.601871,0.703561,0.557679,0.474811,0.366221,0.697104,0.487049,0.460801,0.604043,0.426335,0.454293,0.485565,0.544027,0.582052,0.444802,0.5814,0.572417,0.500663,0.469619,0.47666,0.565839,0.50705,0.523624,0.442059,0.433814,0.458682,0.510004,0.520174,0.387949,0.601588,0.47832,0.462453,0.480828,0.592296,0.499245,0.493361,0.550097,0.53191,0.487185,0.52875,0.405242,0.453441,0.472067,0.490875,0.42777,0.522405,0.546515,0.596344,0.526136,0.488619,0.438404,0.592995,0.494151,0.482272,0.54753,0.466545,0.479316,0.493481,0.51992,0.611525,0.424651,0.610653,0.598601,0.500908,0.458425,0.468046,0.58974,0.509657,0.532342,0.420935,0.409792,0.443509,0.513703,0.527625,0.348732,0.637501,0.470316,0.448648,0.473746,0.625188,0.498966,0.490906,0.568429,0.543663,0.482447,0.539347,0.371542,0.436378,0.461769,0.4875,0.401651,0.530675,0.563561,0.630562,0.535776,0.484411,0.415991,0.626117,0.491988,0.475722,0.564941,0.454228,0.471679,0.491069,0.527277,7.22713,9.02994,7.00446,7.38114,8.13921,8.57922,8.33579,7.22021,8.28023,7.81359,9.50399,9.31352,8.73353,8.23832,7.71861,10.2491,6.95919,8.45612,8.68038,8.27677,7.08622,8.391,8.34435,8.13972,7.69641,8.16034,7.57093,9.77526,9.03892,9.08178,8.1343,9.32438,8.36803,7.59211,7.05149,7.87955,8.57813,9.11937,6.67483,8.33314,8.6318,7.57784,8.47882,8.29818,8.14806,8.09771,0,1,1,0,1,18,16,11,13,8,1,3,11,2,10,9,3,17,2,9,8,4,4,5,1,3,1,3,1,1,8,8,2,7,4,2,8,5,8,4,7,4,11,9,26,14,13,5,5,4,0,2,5,6,4,5,2,5,2,13,12,10,10,1,3,1,4,9,12,3,9,6,10,5,4,6,3,3,4,6,1,1,1,3,3,0,0,2,1,2,3,12,4,4,15,8,21,8,8,7,4,7,5,3,3,1,2,13,11,7,9,14,15,8,6,5,3,4,7,1,6,2,4,2,6,5,6,2,2,3,3,11,14,24,9,21,9,5,15,11,12,4,20,10,16,17,4,1,1,4,2,2,0,4,3,1,8,3,5,4,12,1,5,15,14,23,19,7,6,10,8,16,9,11,10,11,7,12,14,11,10,7,11,5,6,9,5,0,1,1
186.309,0.994178,0.0128217,8,255,0,-115.707,9.16592,0.485541,0.209278,-0.0536882,0.429875,-0.626062,0.591149,0.723784,0.064226,-0.0468547,-0.067793,0.37326,0.0578021,0.629974,0.610392,0.21969,-0.0805569,-0.110686,-0.809345,0.690921,0.267488,0.731283,-0.0592675,-0.829026,0.236378,-0.0873671,-0.33673,-0.0482662,-0.552998,-0.781161,0.439595,0.647363,0.30644,0.0260372,-0.124367,-0.188293,-0.00228315,0.545169,0.0718768,-0.302686,-0.309679,-0.0513239,-0.212624,0.425733,-0.671314,0.0531402,0.121066,-0.246885,0.222839,0.433746,-0.182796,-0.385588,-0.091489,0.0806374,-0.221895,-0.0465054,0.0206192,0.0025922,-0.191734,0.104345,0.0389492,-0.144093,0.0629388,0.0692748,0.535309,0.922778,-0.416371,-0.133223,0.362543,0.300925,0.724528,0.184784,-1.21799,0.770072,0.171574,-0.0619602,0.55286,0.41608,-0.879252,0.229385,0.779727,-1.18833,0.349063,-1.37041,1.23215,0.00420804,0.151332,-0.139221,-1.32059,1.01741,-0.408153,0.27796,0.610542,0.502819,-0.607329,-0.51338,0.0179281,0.598575,1.18526,-0.197819,0.226727,-0.451127,0.0317612,0.42957,-0.214475,-0.693768,-1.08032,0.514419,-0.140637,1.22884,-1.08385,0.437447,0.348638,1.32999,0.657359,0.525125,-0.0989417,-0.20723,0.108941,0.0590661,0.0155415,0.043764,0.182634,-0.0762885,-0.326399,0.544061,-0.0376936,0.298485,-0.235763,-0.504784,-0.345991,-0.17763,-0.0719563,0.0973576,-0.362477,-0.729806,0.18344,0.140555,30.418,0.492816,0.557276,0.416991,0.578458,0.595668,0.508594,0.49373,0.490928,0.549787,0.507735,0.583518,0.580968,0.529367,0.489221,0.485191,0.393351,0.591424,0.535736,0.596635,0.492069,0.390839,0.531592,0.48831,0.455058,0.493541,0.42653,0.396957,0.55856,0.585778,0.540918,0.503484,0.483362,0.474823,0.499694,0.572445,0.509618,0.459581,0.458651,0.493132,0.471576,0.556729,0.411115,0.507111,0.516196,0.467008,0.529787,0.487617,0.59789,0.359458,0.633091,0.661031,0.514812,0.489193,0.484366,0.585268,0.513331,0.641373,0.637206,0.550508,0.481425,0.474487,0.321509,0.654203,0.561397,0.66258,0.486331,0.31756,0.554316,0.479856,0.422937,0.488867,0.375125,0.327208,0.600044,0.645055,0.570227,0.506006,0.471341,0.456671,0.499473,0.623181,0.516576,0.430622,0.429041,0.488162,0.451105,0.59697,0.349901,0.512257,0.5279,0.44329,0.551227,0.504865,0.461124,0.556491,0.446635,0.434785,0.49418,0.504246,0.506143,0.466227,0.494762,0.443159,0.444911,0.480102,0.507299,0.510029,0.572821,0.437715,0.475779,0.434117,0.505371,0.574565,0.478593,0.507916,0.530476,0.504374,0.549945,0.570319,0.460248,0.441604,0.472259,0.497641,0.511268,0.517056,0.500207,0.450757,0.493487,0.527402,0.528033,0.504651,0.519258,0.461497,0.560535,0.495185,0.489031,0.522358,0.479818,0.509794,0.422206,0.612279,0.393786,0.370932,0.488284,0.508548,0.512366,0.432316,0.489455,0.387043,0.390439,0.460003,0.514693,0.520184,0.643518,0.376545,0.451351,0.369656,0.510812,0.646806,0.456979,0.515935,0.56113,0.508805,0.599548,0.638785,0.420476,0.384037,0.444321,0.49525,0.522675,0.5343,0.500417,0.401825,0.486889,0.555002,0.556262,0.509363,0.538716,0.422943,0.62009,0.490306,0.477926,0.544923,0.459432,8.05553,9.00149,6.95831,8.56063,8.68209,7.84099,8.26183,7.67142,8.60309,7.83274,9.46433,8.90484,8.04052,8.02103,8.17985,7.62805,9.00665,8.10177,8.69154,8.24588,7.06868,8.42791,8.33841,8.19291,7.6965,7.98553,7.69732,9.74099,8.95163,9.05234,8.35545,9.42599,8.41744,8.44769,8.50229,8.54294,8.67156,8.05333,8.62716,8.17766,8.67008,7.59322,8.39027,8.47749,8.00392,8.41055,4,2,3,1,2,16,7,14,5,5,4,6,11,5,6,7,8,6,7,8,12,6,4,3,3,2,1,2,3,7,19,17,15,13,13,2,0,1,11,11,2,2,2,8,10,12,20,9,2,6,5,8,4,2,2,1,3,0,0,13,8,23,9,2,9,1,4,15,6,7,14,9,8,11,6,6,18,8,2,0,3,1,4,5,3,4,6,1,7,2,3,14,13,8,26,25,44,27,32,2,8,8,5,15,4,6,5,5,1,1,4,7,5,7,6,9,1,3,2,8,4,0,4,3,0,4,2,3,16,10,10,10,16,21,14,13,12,10,9,10,9,10,16,9,16,14,11,13,10,1,12,4,7,3,1,2,7,10,9,9,4,5,12,25,17,22,20,17,26,29,14,28,15,16,16,7,10,16,11,12,11,11,6,12,5,5,2,3,4,6
190.416,0.982943,0.0128217,8,255,0,-121.11,9.67424,0.471715,0.169673,0.071015,0.317922,-0.454768,0.415417,-0.621003,-0.600218,-0.0162868,-0.993662,-0.368007,0.225876,0.667256,0.982002,0.234024,0.226224,0.557825,-0.223208,-0.326651,-0.175447,0.895415,-0.00754583,-0.891067,0.46116,-0.298818,-0.665935,0.130342,-0.636027,-0.922615,0.46448,0.698941,0.315684,-0.0386172,-0.478575,-0.211512,-0.583384,0.277744,0.118482,-0.093289,0.549647,0.143827,-0.124138,0.450726,-0.93903,0.119148,-0.265869,0.0869436,-0.444951,-0.374132,0.0180893,-0.0817793,0.0078001,0.122407,0.0786757,0.300265,-0.020259,-0.313098,0.0359417,-0.0149459,0.160914,0.0196321,-0.199279,0.161112,0.827367,0.379994,-0.538168,-0.186321,0.366599,-1.08128,0.672798,0.293163,-0.0100734,0.617403,0.288611,0.477301,0.563837,0.825073,-0.495551,-0.207479,1.08495,-0.359103,0.508781,-0.114883,0.812464,0.0426728,-1.07382,0.318661,-1.86995,0.820044,-0.633619,0.183902,0.443766,0.0323539,-0.645826,-0.257772,-0.619452,1.03044,1.02502,0.188693,-0.475109,-0.364705,0.100342,0.236701,-0.693182,-0.81936,-0.894273,0.770114,-0.558237,0.920931,0.15308,0.469412,0.489544,1.47818,0.418073,0.248492,-0.467946,0.529582,0.123055,0.150754,-0.23223,-0.140829,0.183746,0.107677,-0.0968819,0.00883756,-0.116202,0.135635,-0.37798,0.100279,0.104175,0.276177,-0.195861,0.264589,-0.254219,-0.37865,0.130981,0.0861833,16.8719,0.514685,0.565383,0.407029,0.58509,0.374304,0.37834,0.496631,0.305313,0.424464,0.546585,0.634615,0.692637,0.548255,0.546656,0.613376,0.453962,0.432843,0.463774,0.677179,0.498439,0.323608,0.594247,0.438505,0.365639,0.526934,0.371397,0.317921,0.594909,0.640672,0.564928,0.492013,0.402284,0.456362,0.381621,0.557198,0.524487,0.480714,0.61177,0.529714,0.474346,0.592163,0.314984,0.524625,0.445228,0.517976,0.408991,0.506746,0.530165,0.456905,0.539382,0.441278,0.443226,0.498453,0.406709,0.465097,0.521445,0.563051,0.592221,0.522217,0.521478,0.552795,0.478808,0.469008,0.483339,0.584252,0.499283,0.416149,0.543698,0.471643,0.437073,0.51238,0.439871,0.41324,0.544011,0.566011,0.529954,0.496331,0.454661,0.479917,0.444805,0.526361,0.511254,0.491139,0.552027,0.51366,0.488209,0.542714,0.411728,0.511317,0.474764,0.508259,0.457831,0.495487,0.479806,0.528871,0.473623,0.539386,0.538073,0.501035,0.562818,0.523372,0.485648,0.457694,0.437911,0.485131,0.485626,0.464607,0.514182,0.520748,0.511149,0.443337,0.50048,0.556391,0.470725,0.518982,0.542222,0.491717,0.540335,0.558369,0.470514,0.455696,0.479948,0.502454,0.530378,0.513439,0.537009,0.482355,0.49247,0.505929,0.465124,0.49086,0.507889,0.471386,0.559398,0.492428,0.516891,0.494475,0.528249,0.493278,0.469941,0.542944,0.460756,0.558516,0.556575,0.501542,0.592969,0.53478,0.478631,0.43717,0.408098,0.477861,0.478598,0.44739,0.521117,0.530882,0.516602,0.41604,0.500714,0.58356,0.456456,0.528257,0.562707,0.487664,0.559919,0.58646,0.456144,0.43422,0.470152,0.503656,0.54518,0.520012,0.555001,0.473732,0.488786,0.50883,0.448156,0.486388,0.511749,0.457436,0.587966,0.488723,0.525147,0.49177,0.542021,8.18376,9.03541,6.98961,8.27254,6.79036,6.81523,8.27804,6.34749,7.65426,7.81025,9.46501,9.27446,7.82007,8.37102,8.96939,8.39307,7.70404,7.32593,8.6117,8.28859,7.02916,8.65377,8.29145,8.16034,7.69501,8.20208,7.86112,9.73771,8.93844,9.0432,8.25108,9.30644,8.40717,7.94963,8.10684,8.79494,8.71161,9.31382,9.14096,8.50208,8.64124,7.52628,8.44152,7.97692,8.02205,7.56176,8,6,5,5,7,11,11,8,6,9,3,0,8,12,7,22,9,8,7,9,12,11,7,11,3,5,3,5,2,0,13,4,14,19,12,1,2,5,8,5,16,11,6,7,11,15,16,1,5,8,2,0,7,3,5,1,1,0,1,9,4,15,16,3,4,8,8,7,6,2,9,8,7,7,5,6,14,3,2,1,3,10,0,2,4,0,1,1,1,5,2,17,19,9,24,26,11,18,7,2,8,1,3,2,1,1,3,4,1,3,4,2,14,3,6,6,1,3,3,1,3,2,4,0,1,6,2,0,15,4,11,17,16,19,14,15,22,12,6,21,10,15,17,18,14,17,18,2,6,3,2,5,2,7,9,9,11,15,9,3,9,11,8,15,12,15,11,16,12,7,9,11,19,16,20,10,22,10,12,11,9,3,6,9,4,8,4,4,1,6
167.473,0.822566,0.0128217,9,511,0,-104.696,9.66893,0.564909,0.2027,-0.635743,0.703002,-0.684131,-0.245076,1.28163,0.440656,-0.147135,-0.801407,0.418323,0.00243632,0.829462,0.797354,-0.161406,0.190368,-1.64753,0.289414,-0.107792,0.802361,0.668617,0.0498419,-0.94802,0.458757,0.0690175,-0.449299,-0.0773023,-0.566829,-0.67781,0.243304,0.587594,0.479279,0.0681402,-0.103672,-0.0852957,0.422972,-0.645802,0.145845,-0.611149,0.0685319,-0.818598,0.169117,0.430256,-0.442652,0.160805,0.330752,-0.438002,0.901455,0.208873,-0.0111061,-0.114792,-0.138296,-0.0917661,-0.0357537,-0.112146,0.0315855,0.277331,-0.305732,0.228696,0.0258772,-0.0165024,0.211039,0.0385794,0.958588,-0.311423,-0.337636,-0.17926,0.351795,0.651952,0.631149,0.70786,-0.621106,0.0905873,0.235606,0.589854,0.0492959,0.377134,-1.2024,-0.907217,0.827142,-1.17654,0.805002,-0.730002,0.933771,0.361201,-0.0277109,-0.529822,0.102749,0.261955,-0.292557,0.229247,0.850136,0.464994,-0.765129,-0.691948,-0.0238806,0.462654,0.716334,-0.610862,0.732846,-0.542158,0.0974849,0.586115,0.521388,-0.708548,-0.475821,0.0745916,-0.431348,0.608074,-0.125601,-0.125095,0.531252,0.851889,0.463598,-0.0143187,0.149615,-0.534668,-0.385694,-0.313817,-0.147178,-0.347684,-0.299111,-0.00844439,0.684138,0.313723,-0.435698,0.192171,-0.296215,0.0302749,-0.0404209,-0.721319,-0.253615,0.0837796,0.424363,-0.744238,0.222952,-0.00179253,24.5791,0.352192,0.662373,0.341684,0.441537,0.773566,0.604059,0.464798,0.316865,0.598928,0.500584,0.688928,0.682294,0.461397,0.545495,0.170894,0.568916,0.474191,0.683333,0.654963,0.511942,0.287254,0.608201,0.516534,0.393961,0.481483,0.367407,0.343048,0.558044,0.637207,0.612879,0.516324,0.475176,0.479571,0.599998,0.349996,0.534894,0.35759,0.516418,0.313308,0.54044,0.601672,0.395483,0.53846,0.578606,0.396549,0.703521,0.549335,0.445485,0.553063,0.519071,0.401522,0.465746,0.511453,0.562072,0.467477,0.49981,0.435778,0.438238,0.512564,0.485183,0.625528,0.477483,0.508391,0.437855,0.448132,0.49612,0.573277,0.464344,0.494627,0.534924,0.506018,0.544017,0.552576,0.481066,0.45438,0.462754,0.494695,0.508071,0.50664,0.467117,0.550111,0.488647,0.547438,0.494665,0.56339,0.486836,0.466552,0.534409,0.487483,0.474272,0.534048,0.430274,0.43296,0.574034,0.427926,0.474023,0.632714,0.546614,0.484395,0.415788,0.544264,0.500258,0.587101,0.583794,0.482883,0.520185,0.332,0.530666,0.488566,0.58431,0.570462,0.505288,0.400759,0.548517,0.507322,0.452477,0.4918,0.440153,0.428582,0.525789,0.562017,0.550673,0.507229,0.489003,0.490952,0.544753,0.431912,0.515468,0.435524,0.50727,0.414017,0.517934,0.54552,0.453176,0.517053,0.535032,0.453665,0.594487,0.616128,0.372104,0.624609,0.545473,0.278114,0.418739,0.527348,0.644841,0.42279,0.499547,0.350392,0.35585,0.529995,0.464639,0.773145,0.446359,0.520045,0.354996,0.378102,0.490727,0.669418,0.415464,0.487161,0.582826,0.514379,0.603927,0.623505,0.454854,0.392382,0.411759,0.487325,0.51928,0.515865,0.421946,0.617897,0.472891,0.611789,0.487252,0.647765,0.468576,0.420624,0.581623,0.470116,0.438769,0.58078,0.338296,7.37328,9.01982,6.95119,7.8312,9.37815,8.35468,8.09934,6.80732,8.68935,7.80667,9.55052,9.1574,7.60129,8.40466,6.28168,8.88244,8.03092,8.80107,8.63693,8.34628,6.99129,8.73965,8.23073,8.13735,7.70668,7.95386,7.81686,9.74336,8.8994,9.11903,8.36923,9.38751,8.413,8.67326,7.33306,8.32702,8.53612,8.23012,7.6442,8.35617,8.7042,7.59063,8.48536,8.6979,8.09854,9.28433,1,1,1,1,1,12,14,13,14,6,2,4,5,8,3,2,3,3,2,6,8,2,9,7,5,2,0,2,1,3,24,27,22,21,15,5,0,2,7,11,9,2,3,5,18,14,10,11,12,15,4,7,3,3,1,8,6,11,14,2,10,8,6,6,3,0,4,10,5,3,4,8,13,7,10,9,9,12,7,4,4,0,0,1,2,0,4,7,4,6,2,12,11,10,11,9,12,12,13,0,3,16,20,13,2,3,2,6,5,8,9,6,0,6,11,7,20,21,23,0,1,0,6,3,4,2,12,3,4,2,2,26,19,9,18,16,14,9,19,17,13,17,18,10,15,19,18,9,6,7,4,3,4,5,9,9,5,8,8,19,16,26,17,5,13,14,6,16,15,7,5,11,11,3,8,9,10,9,4,5,6,4,10,4,3,1,6,5,6,8
165.568,0.977581,0.0128217,9,511,0,-90.8395,9.55908,0.66891,0.0838186,0.146107,0.602804,-0.81322,0.468622,-0.231709,0.17475,-0.0226246,-0.00492163,0.550019,0.0266625,0.862018,0.659558,-0.451891,0.135546,0.384383,0.219313,-0.10769,0.491866,0.810037,0.00769667,-1.15012,0.622454,-0.0987572,-0.679038,-0.0794014,-0.603744,-0.963468,0.915016,0.713002,0.349526,-0.0680405,0.228838,-0.312856,-1.24648,-0.390677,0.668566,0.0811249,0.543651,1.55586,0.0305059,0.363017,-0.928515,0.163224,-0.327844,-0.0194751,-0.916649,0.0667155,0.0179527,0.137846,-0.00655009,-0.045267,-0.153356,0.0212592,0.0485608,-0.123202,0.0594448,-0.0599535,0.0835549,0.0772636,-0.057839,0.201687,-0.190404,0.0446314,-0.346167,-0.107661,0.366549,0.799066,0.729454,0.486048,-0.379464,0.163275,0.23086,1.29017,0.624348,0.18112,-0.693928,-0.761877,0.914354,-0.915458,0.393387,-0.083748,0.990551,0.506498,-0.962465,0.245537,-1.8651,-0.0220261,-1.1488,0.235152,1.43991,0.110109,-0.937986,-0.442846,-0.581425,0.946218,1.22213,0.0276267,-0.293747,-0.583509,-0.0113534,-0.0803853,-0.390319,-0.245627,0.479823,0.0551021,-0.628987,0.706963,-1.51808,0.26342,0.824573,1.315,0.32243,0.0854739,-0.018718,0.60467,0.0443611,-0.524025,-0.320062,-0.101066,-0.468128,0.130089,-0.0937371,-0.676414,0.453589,0.379933,-0.459796,0.302114,-0.367629,0.114761,-0.369505,0.159271,-1.02891,-0.989327,-0.0734864,0.0993184,12.0544,0.493046,0.471337,0.538633,0.477708,0.511028,0.491682,0.501077,0.500234,0.473842,0.498731,0.459059,0.468646,0.521497,0.493548,0.481711,0.489562,0.505126,0.476604,0.461518,0.499634,0.554529,0.470405,0.504701,0.532278,0.50378,0.528707,0.545734,0.456554,0.466112,0.483368,0.503239,0.489109,0.514888,0.559057,0.518588,0.468218,0.496138,0.474145,0.426476,0.498548,0.482727,0.544084,0.492231,0.515601,0.500927,0.543523,0.50163,0.506726,0.490927,0.505229,0.497415,0.50195,0.499748,0.499945,0.506137,0.500297,0.509617,0.507359,0.494958,0.501512,0.504289,0.502447,0.498798,0.505488,0.509037,0.500086,0.48717,0.506945,0.498898,0.492424,0.499114,0.493264,0.489251,0.510208,0.507955,0.5039,0.499241,0.502553,0.496509,0.486096,0.495641,0.507459,0.500905,0.506066,0.517353,0.50034,0.50405,0.489641,0.501821,0.496342,0.499783,0.489774,0.462488,0.349729,0.697776,0.38174,0.559321,0.45517,0.505819,0.501266,0.362179,0.493142,0.291742,0.336568,0.614189,0.46519,0.402395,0.443825,0.527672,0.376112,0.302915,0.49802,0.765553,0.345145,0.525381,0.667893,0.520413,0.650491,0.729349,0.280604,0.324402,0.411049,0.517495,0.441407,0.579787,0.782878,0.599161,0.334502,0.479145,0.363694,0.167864,0.492154,0.407693,0.722192,0.458113,0.58354,0.505009,0.719735,0.463926,0.355175,0.690945,0.386127,0.557059,0.456886,0.505596,0.501217,0.367223,0.493406,0.298842,0.342422,0.609942,0.466525,0.406059,0.445969,0.52661,0.380691,0.309728,0.498096,0.757284,0.350735,0.524406,0.661904,0.519628,0.645038,0.721755,0.287973,0.330618,0.414402,0.516822,0.443642,0.576767,0.774374,0.595442,0.340418,0.479946,0.368688,0.176643,0.492456,0.411167,0.714758,0.459717,0.580383,0.504817,0.712358,8.38018,8.98009,6.95976,8.40427,7.54682,7.95716,8.24119,7.77577,8.78795,7.80766,9.49283,8.89853,7.32453,8.36952,8.65209,8.84399,8.12395,8.27731,8.59851,8.2718,7.0716,8.86107,8.27183,8.22317,7.70058,8.10528,7.74213,9.672,8.95248,8.97545,8.19534,9.35072,8.30674,7.11318,7.53676,9.04648,8.76118,8.92037,10.2854,8.40232,8.59916,7.43416,8.42881,7.93305,8.05761,7.30728,2,4,3,3,1,10,4,16,8,11,4,2,23,34,22,8,17,13,9,17,5,11,6,8,15,1,2,2,3,2,6,12,21,11,9,5,3,0,7,10,10,5,4,0,9,13,11,11,6,3,1,1,7,6,3,1,0,0,0,7,9,11,4,7,5,4,5,2,5,3,1,1,9,10,12,3,11,11,3,4,1,2,2,1,1,0,4,2,5,0,3,10,10,17,10,9,10,11,11,4,6,0,4,7,2,1,4,1,1,0,3,6,4,1,3,2,6,2,5,0,2,0,6,1,4,4,9,3,11,23,10,9,10,8,16,24,9,9,5,10,15,6,9,6,12,14,18,0,8,4,9,1,5,3,4,3,2,1,3,12,6,13,13,7,4,1,4,3,8,5,9,5,7,6,5,10,13,10,5,2,6,4,3,2,8,7,2,3,3,1
171.205,0.997845,0.0128217,9,511,0,-93.204,8.38475,0.54905,0.179974,-0.6033,0.407467,-1.03253,0.162757,1.14813,-1.89691,-0.0934396,-0.157107,0.0314679,-0.257033,0.523745,0.822985,0.516511,-0.122328,0.703409,-1.10228,0.200381,0.173587,0.433142,0.0775447,-0.859151,0.273613,-0.118158,-0.568677,-0.378399,-0.3962,-0.549056,0.951089,0.54665,0.0699733,-0.141733,0.451145,-0.36234,0.202607,-0.327595,-0.569319,-0.00072066,-0.465272,0.410218,-0.0158131,0.304617,-0.821032,0.102442,0.865811,-0.183365,-0.764028,0.125039,-0.124269,-0.0863818,-0.201653,0.101585,-0.284306,-0.293799,0.108049,0.0224385,0.122243,0.0180446,-0.0900517,-0.269605,0.0342954,0.19721,0.924166,-0.0612259,-0.212336,0.016711,0.362235,-0.855073,0.600732,0.311862,-0.54236,0.233245,0.0248807,-0.388498,0.172411,0.685131,-0.199082,0.214658,0.488118,-0.571778,0.36979,-0.116548,0.593188,-0.157735,-0.638943,-0.120165,-1.21743,0.741738,-0.113993,0.613959,0.313553,-0.10563,-0.761803,-0.481922,-0.297748,1.23427,0.583843,-0.353998,-0.166174,-0.243831,0.372965,0.364701,-0.171392,-1.42852,-0.944545,0.390887,-0.24939,0.816489,-1.12779,0.166454,0.20715,0.829447,0.804101,0.13418,-0.209775,0.541481,0.0693682,0.345919,0.375021,-0.160479,0.60119,-0.359399,0.562646,0.669567,-0.53583,0.0917368,0.180277,0.000833793,0.140892,-0.213528,0.0747781,0.179363,-0.594802,0.258494,0.288231,0.0890691,12.6694,0.364115,0.593045,0.278036,0.537533,0.742893,0.147662,0.478425,0.463765,0.50727,0.440892,0.618698,0.681479,0.61712,0.471767,0.657026,0.265283,0.546164,0.54002,0.598759,0.517908,0.311311,0.562881,0.472728,0.371555,0.413454,0.409471,0.375799,0.706607,0.623679,0.516161,0.467301,0.602749,0.417058,0.546674,0.424885,0.371416,0.499833,0.394129,0.593658,0.496347,0.569918,0.318913,0.523651,0.690007,0.457736,0.330464,0.509233,0.493763,0.515799,0.497509,0.482433,0.529002,0.50143,0.502405,0.499518,0.503934,0.491984,0.487406,0.492095,0.501872,0.489235,0.516866,0.496933,0.497343,0.493371,0.498813,0.513148,0.495812,0.501809,0.508704,0.505792,0.506064,0.508403,0.485446,0.491633,0.498929,0.502169,0.493095,0.505546,0.496899,0.505014,0.508713,0.500011,0.507121,0.493721,0.500242,0.495338,0.512564,0.498432,0.486751,0.502807,0.511692,0.588761,0.439704,0.648887,0.475817,0.335612,0.755522,0.513891,0.523345,0.495321,0.538147,0.422743,0.380008,0.423793,0.518182,0.396902,0.65828,0.470238,0.47421,0.435945,0.488471,0.625047,0.459403,0.517563,0.583765,0.556032,0.558644,0.580927,0.362227,0.419422,0.489596,0.521063,0.433314,0.553673,0.469909,0.54856,0.583858,0.500107,0.568748,0.439301,0.502351,0.454827,0.619718,0.484771,0.374025,0.527239,0.611696,0.461091,0.526308,0.433668,0.510516,0.573656,0.379814,0.493962,0.489849,0.502034,0.483396,0.533795,0.552984,0.533329,0.492095,0.545332,0.429245,0.512946,0.511216,0.527962,0.505011,0.444706,0.517674,0.492365,0.463316,0.475566,0.474419,0.464578,0.561155,0.535268,0.504522,0.490842,0.529122,0.476601,0.51309,0.478842,0.463275,0.499953,0.469969,0.526485,0.498978,0.519675,0.44714,0.50662,0.555719,0.488153,0.450786,7.57141,9.01963,6.91381,8.26898,9.52611,5.92813,8.18426,7.9617,8.33908,7.84054,9.52004,9.29233,8.77767,8.15233,9.14691,7.56588,8.54409,8.36317,8.67725,8.39189,7.26652,8.63284,8.38232,8.13899,7.6937,8.18809,8.00397,9.69662,8.96232,8.97108,8.12564,9.34524,8.44678,8.77172,7.67406,7.83711,8.75766,7.96224,9.16548,8.50659,8.67038,7.53664,8.42212,9.33994,8.06603,7.37944,3,4,0,6,2,8,10,10,14,5,0,5,5,6,6,11,4,11,5,11,7,9,3,4,2,6,1,4,4,6,17,12,12,5,11,3,3,2,3,9,13,11,10,15,12,8,8,6,4,3,6,2,0,3,5,1,2,1,3,14,10,16,14,1,3,3,5,16,5,13,9,8,8,6,6,5,10,5,2,2,5,2,6,6,5,8,1,1,0,5,4,41,38,34,8,31,8,23,11,3,5,6,5,7,4,2,8,7,15,1,12,11,14,12,7,9,13,3,7,2,3,3,3,0,3,2,2,1,4,1,0,20,13,19,15,8,31,23,22,17,13,30,5,11,24,13,7,11,4,6,12,9,9,2,5,2,21,8,10,14,9,18,8,9,19,17,17,11,11,9,9,3,12,12,6,15,22,7,12,10,14,8,8,4,8,4,7,15,7,2
177.703,0.991492,0.0128217,9,511,0,-111.938,9.44845,0.708867,0.229275,-0.0957282,0.755976,-0.546341,-1.56182,-0.0735838,0.635996,-0.0811918,0.496806,-0.393528,0.280979,1.26348,0.483978,-0.532085,-0.350715,-0.32612,-0.919848,-1.85277,0.134023,1.13535,0.0155085,-1.22413,0.18273,0.173718,-0.295385,0.0909715,-0.503395,-0.855223,0.581259,0.457648,0.646329,-0.0309277,-0.324004,0.0361724,1.09351,-0.520145,0.144782,-0.150316,-0.330448,-0.991258,-0.0890669,0.177563,-0.652791,0.159652,-0.724835,-0.187996,-0.908768,0.148549,0.0232109,-0.100287,-0.078388,0.348243,-0.329323,0.0758286,0.100265,0.0345085,-0.181896,0.140258,-0.294988,0.32095,-0.111889,-0.0793586,0.442063,-0.0476727,-0.256706,-0.156631,0.360451,1.6258,0.752043,0.345523,-0.648792,0.564824,0.257488,1.25488,0.298572,0.0370724,-0.854525,-0.18677,1.18217,-0.713788,0.488881,-0.221919,1.27897,0.297041,-0.801396,-0.314134,-0.352285,0.809876,-0.349764,0.171945,0.792475,0.157917,-0.49293,-0.430354,-0.26403,0.384055,1.6168,-0.75782,0.117894,-0.17012,0.118301,1.14013,-0.334603,-1.44372,-0.188938,0.706739,-0.984671,1.21868,-0.664445,0.484958,0.465119,1.32175,0.401204,0.486741,-0.277878,-0.947081,0.340738,-0.50089,-0.125424,0.159185,-0.53013,-0.0953257,0.0447249,-0.27611,0.361238,0.183934,-0.269114,0.1827,-0.168126,-0.100109,0.0586984,0.0230006,-0.692972,-0.762832,0.0708919,0.0437059,19.8361,0.489422,0.582778,0.439913,0.333939,0.491869,0.569828,0.491028,0.554685,0.456618,0.531013,0.636115,0.553284,0.441466,0.461318,0.464021,0.39972,0.305967,0.514807,0.622905,0.501714,0.367922,0.520184,0.519189,0.467402,0.510052,0.444595,0.406594,0.563887,0.550406,0.570948,0.496582,0.464254,0.503998,0.618551,0.442768,0.515995,0.483394,0.463545,0.39217,0.490158,0.519613,0.428353,0.517637,0.420573,0.479235,0.400896,0.501141,0.490991,0.506511,0.518605,0.500877,0.492421,0.500968,0.494079,0.50469,0.496651,0.484946,0.494232,0.506341,0.50418,0.503887,0.510961,0.522067,0.498403,0.486472,0.499815,0.514585,0.497822,0.49793,0.50352,0.498916,0.505999,0.510191,0.493073,0.494546,0.492298,0.500369,0.503861,0.499569,0.48697,0.506199,0.498274,0.501791,0.503938,0.511812,0.501062,0.497884,0.507779,0.498097,0.508638,0.502241,0.510829,0.516578,0.371948,0.593535,0.746929,0.512745,0.391568,0.514062,0.414772,0.567757,0.451476,0.294099,0.416931,0.59115,0.560462,0.556259,0.654172,0.783116,0.476798,0.312863,0.497313,0.700207,0.468386,0.469941,0.550996,0.484245,0.586336,0.643972,0.400641,0.421374,0.389863,0.505358,0.555897,0.493734,0.31913,0.589148,0.474939,0.526018,0.556999,0.66528,0.515425,0.469277,0.611202,0.472369,0.622998,0.532523,0.652433,0.518248,0.359696,0.602709,0.766993,0.514029,0.381035,0.515479,0.406373,0.57449,0.446619,0.276113,0.408736,0.600102,0.566488,0.561875,0.668562,0.804294,0.474463,0.29607,0.497042,0.717846,0.465208,0.466919,0.556095,0.482658,0.594839,0.657549,0.39093,0.413599,0.379177,0.505898,0.561477,0.493102,0.302765,0.597915,0.472417,0.528635,0.562687,0.68052,0.516979,0.466189,0.621982,0.469591,0.634815,0.535791,0.666687,8.3498,9.02237,6.96484,6.54677,7.46083,8.20528,8.18266,8.05932,8.03733,7.8329,9.61242,8.95807,6.97979,8.08225,7.92565,7.32335,6.51067,7.6787,8.72839,8.28414,7.16705,8.64202,8.41167,8.20764,7.63352,8.09719,7.72836,9.7674,8.93045,8.96611,8.23541,9.34335,8.32601,9.37591,7.63714,8.3813,8.70056,7.88262,7.58587,8.1359,8.6366,7.54453,8.4354,7.5075,8.08692,7.49717,4,4,0,1,2,6,18,8,5,4,12,7,5,7,7,4,8,12,16,9,9,8,6,11,7,2,1,3,6,11,2,16,8,6,14,2,5,3,10,11,6,8,3,2,23,31,20,2,3,5,0,1,2,4,1,1,2,4,4,15,13,15,17,10,4,6,7,3,6,4,4,7,11,6,1,7,6,8,1,1,1,3,1,4,4,0,3,4,3,9,8,13,6,6,3,3,37,32,17,4,2,5,1,7,4,5,5,4,10,7,12,5,1,4,12,9,5,2,4,1,1,2,4,6,5,2,2,2,13,15,12,22,7,11,9,17,16,14,10,10,15,6,10,23,24,8,11,2,2,3,0,2,1,4,3,2,8,6,3,9,11,10,9,17,31,14,10,23,22,13,26,13,15,20,9,12,17,17,11,9,11,7,18,12,3,12,2,3,1,3
182.168,0.786852,0.0128217,8,255,0,-115.615,9.62678,0.573899,0.281871,0.414504,0.662911,-0.334468,-0.252701,0.442177,0.98646,0.230947,-0.0468797,0.464829,0.362632,1.22245,0.570475,-0.61615,0.014141,0.0585015,-1.53195,-0.757556,0.295405,1.09354,0.155573,-1.09167,0.224601,0.0812494,-0.286212,0.206185,-1.05277,-1.24745,0.62104,0.536449,0.827789,0.128923,-0.380548,0.138799,0.363602,-0.437978,0.0571093,-0.0957448,0.131353,-0.207862,0.124118,0.24898,-0.590063,0.303158,-0.0407322,-0.165711,-0.253952,-0.35156,0.209158,0.026289,-0.174552,0.142011,-0.0508575,0.364454,-0.0505271,0.0902589,0.412639,-0.166794,-0.112782,0.446882,-0.0644232,-0.0686662,0.827121,-0.0410078,-0.324873,-0.228166,0.354247,0.546689,0.697104,0.208079,-0.647498,0.458203,-0.0328681,1.05164,0.620126,0.561527,-1.01427,-0.611518,0.922047,-0.977688,0.614779,-0.46124,1.20712,0.0804857,-0.635733,0.115837,0.00157769,1.21002,-0.284942,-0.144645,0.625962,0.45996,-0.592799,-0.309445,-0.726472,1.10365,0.793655,-0.389562,0.22553,-0.780995,-0.0997538,0.149659,-0.323804,-0.963844,-0.351169,0.860836,-1.17893,1.0277,0.361104,0.354763,0.666659,1.15687,0.286333,0.412984,-0.145286,1.23678,0.370326,-0.214708,0.264009,0.116547,-0.0638245,0.333789,0.366751,0.198085,0.314387,-0.0897612,0.355038,-0.00917069,0.0143745,-0.0330719,0.0140095,0.120199,-0.313763,-0.62961,0.137152,0.00938129,18.66,0.584881,0.633743,0.431276,0.447936,0.590428,0.69337,0.547611,0.490307,0.594951,0.574428,0.733238,0.615822,0.37528,0.502924,0.512095,0.219752,0.348284,0.560782,0.711872,0.532125,0.288446,0.54631,0.516794,0.441092,0.542532,0.295095,0.262736,0.625668,0.609142,0.664783,0.526633,0.421953,0.528669,0.574624,0.410412,0.511807,0.480212,0.527135,0.457124,0.525643,0.551303,0.380352,0.562361,0.491578,0.465788,0.44768,0.495751,0.493204,0.503429,0.502591,0.495467,0.489888,0.497632,0.500481,0.495235,0.496282,0.48747,0.494152,0.506316,0.499855,0.4994,0.5157,0.507766,0.496972,0.488791,0.498405,0.51119,0.497697,0.499167,0.502934,0.497886,0.510791,0.512786,0.493633,0.494501,0.491514,0.498678,0.503901,0.498577,0.496272,0.50449,0.499415,0.500982,0.498653,0.502131,0.498728,0.497447,0.506049,0.496892,0.500418,0.501699,0.502603,0.467532,0.448187,0.526212,0.519812,0.465371,0.423233,0.481892,0.503677,0.463603,0.471586,0.405269,0.455371,0.548181,0.498891,0.495411,0.617906,0.559145,0.476845,0.415053,0.487799,0.584804,0.482389,0.493627,0.522436,0.483832,0.581837,0.596621,0.451439,0.45802,0.43543,0.489889,0.529815,0.489114,0.47151,0.534301,0.49552,0.50751,0.489698,0.516299,0.490265,0.48048,0.546153,0.476238,0.503195,0.512996,0.51991,0.435124,0.397145,0.552452,0.539692,0.430846,0.349535,0.463712,0.507378,0.427352,0.443167,0.316551,0.411159,0.595785,0.497774,0.490793,0.724029,0.617031,0.453636,0.334365,0.475532,0.665372,0.464706,0.487214,0.544929,0.467591,0.659896,0.686845,0.403473,0.416355,0.372575,0.479718,0.559614,0.478167,0.443017,0.568505,0.491012,0.515066,0.479336,0.532671,0.480473,0.46089,0.591824,0.452427,0.506411,0.52606,0.539888,8.82617,9.01643,7.03219,7.92797,7.9408,8.57046,8.3161,7.36873,8.88484,7.84799,9.559,9.00779,6.70408,8.35785,8.11421,6.37873,7.45792,7.76945,8.69289,8.22789,7.07417,8.60428,8.33779,8.2165,7.6651,8.0621,7.84057,9.73414,8.96823,9.10756,8.19668,9.29536,8.30569,8.6681,7.71158,8.30952,8.83509,8.39647,9.04138,8.388,8.6328,7.55334,8.40054,7.99796,8.0834,8.04395,1,3,4,3,3,14,5,2,16,4,4,2,3,13,8,8,11,19,8,11,4,2,5,13,11,0,1,1,3,1,11,23,14,11,10,1,2,1,7,28,13,8,0,0,9,9,8,6,7,2,5,4,2,7,2,3,3,4,2,9,19,13,4,3,6,6,6,8,9,5,6,8,7,9,9,2,3,10,1,5,4,5,4,5,7,4,5,3,4,2,3,13,4,16,9,11,12,6,8,1,5,9,10,11,1,0,2,3,4,6,3,5,2,1,4,11,4,1,6,1,3,2,3,2,5,3,6,2,11,10,10,14,13,17,32,18,19,25,17,22,6,18,24,19,13,14,14,3,0,0,0,1,3,19,9,8,9,7,7,11,14,8,7,13,17,8,11,9,19,19,7,13,13,9,18,20,6,7,15,11,10,10,4,10,5,8,3,1,3,2
178.781,0.930659,0.0128217,9,511,0,-117.321,7.64487,0.401053,0.367881,0.0319528,0.1978,-0.811958,-0.386363,-0.964818,0.33409,-0.180055,-0.207689,-0.0792783,-0.316703,-0.00145796,0.508683,-0.303284,-0.114326,-0.37425,-0.301138,-0.406056,-0.440418,0.191684,-0.1824,-0.778465,0.188808,-0.252436,-0.275191,-0.469935,-0.147577,-0.274427,0.359293,0.420698,-0.33281,-0.12926,0.307535,-0.757966,-0.285432,-0.373848,-0.345417,-0.0244566,0.0486459,-0.369721,-0.203348,0.190384,-0.647426,-0.099484,0.113912,-0.234199,-0.152841,-0.166618,0.0920482,-0.499189,0.0350633,0.183469,-0.160453,-0.358833,-0.0372208,-0.0603107,-0.0980688,0.676191,0.0245891,-0.375259,0.267705,0.774446,1.61576,0.238181,-0.204361,0.0668691,0.356849,0.500845,0.620988,0.423368,-1.15308,0.320916,0.735086,0.174965,0.712376,-0.247213,-0.740207,-0.728352,0.781071,-0.822502,0.287644,-1.20455,0.727963,-0.235481,-0.733268,0.404593,-0.554248,0.862982,-0.255769,0.526553,0.719465,0.167913,-0.655036,-0.737856,-0.330635,-0.0934768,0.82328,-0.325122,-0.282283,-0.654081,0.270666,-0.487579,0.181288,-1.28291,-0.801989,0.440058,-0.148793,0.399301,-0.415865,-0.0771351,0.183685,0.749233,0.505151,0.722959,-0.294587,1.21993,-0.354207,0.410574,-0.397057,-0.354637,0.603418,0.000732424,-0.0547033,0.0327567,-0.29643,0.965188,-0.56978,0.0921974,-0.245016,0.229439,-0.259339,0.102354,-1.02826,-0.740952,0.0455613,0.196237,17.0263,0.512904,0.579226,0.212164,0.348811,0.173802,0.631768,0.427777,0.416885,0.46802,0.374791,0.499411,0.694642,0.379886,0.45395,0.353269,0.380703,0.341619,0.329243,0.576816,0.42685,0.221351,0.575681,0.399421,0.390635,0.318798,0.440669,0.390929,0.64119,0.663682,0.368713,0.447975,0.621731,0.227112,0.386704,0.353418,0.363985,0.490122,0.51964,0.354943,0.418591,0.576303,0.259978,0.459901,0.545884,0.406511,0.438573,0.501903,0.511776,0.451802,0.47701,0.442801,0.519883,0.48928,0.487636,0.49528,0.481151,0.499913,0.530253,0.481949,0.493193,0.47773,0.482076,0.47584,0.473799,0.511412,0.489141,0.453779,0.511241,0.484973,0.48362,0.472047,0.491213,0.483665,0.521381,0.52503,0.480193,0.492304,0.518304,0.454989,0.48301,0.477754,0.479444,0.498544,0.502897,0.477999,0.487894,0.511334,0.461525,0.494076,0.506782,0.486058,0.4909,0.491787,0.449327,0.697391,0.598035,0.7295,0.414952,0.546154,0.553188,0.520368,0.580701,0.500375,0.372137,0.577338,0.529356,0.595037,0.5768,0.602893,0.61132,0.450883,0.546752,0.690074,0.451616,0.564531,0.570274,0.618507,0.537864,0.570081,0.408675,0.393509,0.584729,0.53318,0.421595,0.685548,0.572852,0.594937,0.587873,0.506287,0.487497,0.593914,0.552084,0.451215,0.660545,0.525552,0.470751,0.559915,0.539209,0.494081,0.463425,0.646027,0.571084,0.671479,0.438428,0.533304,0.538396,0.514681,0.558398,0.50027,0.406872,0.555944,0.521165,0.568885,0.555552,0.574655,0.580866,0.464552,0.533736,0.640332,0.465083,0.546625,0.5508,0.586181,0.52731,0.55066,0.433836,0.422696,0.561339,0.523926,0.443278,0.636826,0.552677,0.568811,0.563637,0.50453,0.49099,0.568061,0.537597,0.464792,0.61768,0.51842,0.478912,0.543274,0.528282,8.36347,8.97456,7.0771,7.64181,6.86012,8.91735,8.26583,8.02069,8.17814,7.84212,9.54421,9.1406,7.86396,8.11986,7.94849,9.04848,7.6425,7.64305,8.68413,8.26195,7.07051,8.62398,8.22742,8.03914,7.59624,8.11523,7.90622,9.65356,9.00135,8.99699,8.34998,9.19711,8.33704,8.17341,7.66194,8.07587,8.60187,8.72702,7.75143,8.30818,8.62659,7.60154,8.39945,8.7548,8.07397,8.05596,2,0,0,4,1,6,1,6,2,8,13,10,11,9,14,16,12,8,5,8,11,4,2,4,10,0,3,0,2,5,5,26,9,12,6,3,1,0,6,5,6,3,2,1,9,5,10,1,2,0,1,0,6,9,2,2,2,3,5,16,11,8,7,4,10,10,8,3,4,3,3,3,3,4,4,7,9,8,0,0,1,3,2,0,0,2,3,3,8,2,2,18,16,13,15,9,52,57,35,3,2,8,7,1,0,2,0,3,4,4,1,1,14,23,3,2,2,3,3,2,3,12,1,1,0,3,3,4,6,9,6,11,4,8,11,4,10,8,17,13,4,3,5,8,6,10,5,9,15,15,14,11,14,2,7,2,5,5,5,4,2,7,6,6,8,2,4,3,3,3,7,11,7,10,4,8,1,1,1,6,5,5,5,15,19,10,3,7,4,4
184.205,0.989208,0.0128217,9,511,0,-106.462,9.30841,0.499334,0.289292,-0.586541,0.894862,-0.694704,0.673949,0.243172,-0.568645,-0.120981,0.286598,0.234188,0.017061,0.974834,0.741157,0.220294,0.0704701,-0.811183,0.951735,0.387815,0.357271,0.727194,-0.0586337,-0.777765,0.502089,0.233844,-0.248158,-0.0719576,-0.0337119,-0.38294,0.688317,0.861986,0.608785,-0.158765,-0.114605,0.0656552,-0.45108,-0.233554,0.36265,0.069832,0.196439,0.332397,0.378112,0.582197,-0.437885,-0.0173709,0.921245,-0.272656,-0.508442,0.105938,-0.0149482,0.225031,0.278211,0.104954,-0.0454901,0.298595,0.230384,-0.0461309,-0.304725,-0.070169,0.173843,0.207541,0.0439986,0.26148,0.874071,-0.0128641,-0.221425,-0.226401,0.362118,-1.11621,0.71889,0.198471,-0.594369,0.774662,0.456487,-0.0220713,0.487908,0.503706,-0.992249,-0.927498,0.724534,-0.529887,0.0707538,-0.331595,0.900664,0.423789,-0.275699,-0.622578,-1.5831,0.788069,0.05107,0.467152,0.61307,-0.25335,-0.756803,-0.713415,-0.00576753,0.658597,1.72904,-0.16184,0.136207,-0.696915,0.16692,0.326724,-0.402443,-0.520443,-0.301614,-0.0156678,-0.57079,0.865168,-0.0416085,0.356577,0.285598,0.973061,0.501682,0.0150886,-0.00977437,-1.16972,0.252047,0.0129299,0.0371162,-0.0430461,-0.327804,0.00266174,0.382592,-0.136451,0.252029,-0.158671,0.189302,-0.0389311,-0.0553986,-0.239301,0.18139,0.24316,0.315802,-0.367502,0.179016,0.0580388,22.5587,0.374566,0.686148,0.352693,0.643154,0.552938,0.378237,0.473588,0.562301,0.550996,0.503728,0.701002,0.65652,0.54799,0.515394,0.329813,0.696753,0.583942,0.577442,0.653762,0.48719,0.336301,0.607988,0.550922,0.445985,0.484281,0.492634,0.417093,0.646031,0.679927,0.629978,0.465363,0.474978,0.514343,0.402688,0.449141,0.578589,0.515255,0.54282,0.572128,0.58188,0.624544,0.405466,0.496204,0.691093,0.4407,0.39069,0.501886,0.497122,0.502234,0.497833,0.499218,0.501829,0.500389,0.499078,0.499247,0.499945,0.496865,0.497616,0.499292,0.499773,0.502609,0.496939,0.498753,0.498851,0.497661,0.500189,0.502501,0.498385,0.499248,0.500798,0.500231,0.500108,0.501232,0.497786,0.497228,0.498042,0.500511,0.500369,0.499789,0.501451,0.500751,0.498834,0.499775,0.499368,0.498931,0.498784,0.498128,0.501408,0.500056,0.497037,0.500877,0.501635,0.453824,0.570183,0.445372,0.553009,0.519189,0.455225,0.49045,0.522612,0.518481,0.501347,0.576362,0.558249,0.517385,0.505563,0.436305,0.574579,0.53058,0.528177,0.557161,0.495371,0.438902,0.539557,0.518454,0.480418,0.494319,0.497338,0.469803,0.55413,0.567637,0.547916,0.487468,0.490953,0.505183,0.464447,0.481569,0.5286,0.505513,0.515504,0.526219,0.529817,0.545836,0.465484,0.498629,0.572224,0.478487,0.459944,0.553681,0.418517,0.563482,0.438395,0.477673,0.552055,0.511113,0.473693,0.478497,0.498433,0.411382,0.432324,0.479771,0.493526,0.573981,0.413439,0.464429,0.467223,0.433584,0.505387,0.570975,0.454001,0.478529,0.522784,0.506611,0.503097,0.535125,0.437096,0.42146,0.4443,0.514582,0.510528,0.493968,0.541349,0.521445,0.466731,0.493584,0.48196,0.469499,0.465317,0.446713,0.540144,0.501596,0.416159,0.52503,0.546578,7.31295,9.03573,6.94817,8.86158,8.06111,7.09656,8.27925,8.11272,8.28793,7.79198,9.46803,8.88715,8.03391,8.09309,7.46335,9.44122,8.47036,8.19663,8.63328,8.35349,7.08827,8.60566,8.25648,8.19096,7.68596,8.40674,7.99147,9.79358,9.02845,9.03989,8.23427,9.35362,8.39566,7.44196,7.78446,8.40948,8.69285,8.212,8.84235,8.42782,8.70024,7.45759,8.40263,9.51163,8.08627,7.40515,2,7,1,0,4,12,22,36,23,3,6,2,0,2,8,1,4,6,9,3,6,9,5,8,6,1,0,1,2,4,11,9,12,16,12,5,1,2,9,11,7,8,10,6,13,9,9,7,6,6,2,2,5,4,5,0,2,4,2,9,9,12,7,6,1,7,14,12,14,7,10,5,7,17,5,1,8,4,1,1,5,4,3,3,0,2,1,11,2,9,4,11,14,5,9,10,22,26,22,5,13,14,5,14,7,1,6,3,3,6,4,6,12,7,8,12,5,8,5,0,1,5,2,5,4,2,5,10,8,7,2,11,17,13,24,25,24,14,14,17,19,13,23,21,11,6,12,4,4,5,1,2,4,10,10,14,12,5,8,12,8,11,12,15,10,19,9,8,9,11,15,9,5,14,9,17,5,9,10,10,9,8,8,4,7,5,11,3,6,13
186.521,0.897963,0.0128217,8,255,0,-122.186,9.49729,0.502687,0.479725,0.579222,0.877205,-0.682787,-0.0746947,-0.0979832,0.613035,-0.18999,-0.108758,0.0652488,0.0230547,0.792389,0.922981,0.0396573,0.157985,0.443021,-1.31363,-0.309583,-0.204414,0.668515,-0.209334,-0.532609,0.395996,0.247203,0.0219972,-0.122594,0.0980232,-0.0358178,0.352531,0.756213,0.353244,-0.231573,-0.15288,-0.184814,0.326237,-0.362524,0.0875021,0.115217,-0.397999,-0.634512,0.350022,0.55486,-0.259486,-0.0162779,-1.10923,-0.245609,0.594197,-0.0678508,-0.0897469,-0.550249,0.229176,0.0241058,0.243701,-0.245425,-0.214963,-0.251433,-0.660913,0.29522,0.233587,-0.116164,0.198828,0.280298,0.880115,-0.497565,-0.364843,-0.149144,0.357782,-0.393414,0.65728,0.0596602,-0.677515,0.206654,0.164878,1.00072,0.543255,0.274127,-0.358692,-0.970643,0.899242,-0.917263,0.679212,-0.655925,1.05284,-0.24888,-0.592357,-0.130898,-1.42393,0.789289,-0.918316,0.289304,0.260572,0.60135,-0.74476,-0.506037,-0.586297,1.06609,0.513689,-0.369682,0.0166031,-1.07696,0.273619,0.896448,-0.396907,-0.84645,-0.842124,1.1456,-0.590383,1.06956,0.297505,0.0061333,0.591812,0.878293,0.528678,0.759191,-0.190308,0.0592962,-0.111342,-0.0125593,-0.123278,0.0443629,0.0776616,0.0477605,-0.00643427,0.191129,-0.04343,0.051578,-0.0562985,0.0460206,-0.046558,0.0296799,-0.104758,0.10978,0.18158,-0.304258,0.10243,0.15692,18.6518,0.624755,0.683962,0.354131,0.483571,0.478454,0.631706,0.458294,0.476088,0.514353,0.505073,0.66761,0.692606,0.508725,0.534705,0.596261,0.239368,0.432301,0.455144,0.642991,0.45407,0.38491,0.586259,0.554178,0.50484,0.473052,0.521555,0.49212,0.576951,0.660507,0.577104,0.449223,0.466413,0.459425,0.571292,0.420904,0.519243,0.525329,0.413313,0.363908,0.576412,0.619716,0.443153,0.496418,0.273636,0.446168,0.62784,0.428445,0.392583,0.584125,0.50929,0.512186,0.42433,0.523615,0.513525,0.491884,0.497132,0.402691,0.387166,0.495067,0.480358,0.445114,0.657825,0.538433,0.525405,0.417601,0.526016,0.565867,0.4509,0.469289,0.497264,0.515245,0.487809,0.504455,0.45626,0.407028,0.456172,0.528774,0.519008,0.522973,0.459508,0.544973,0.489117,0.485672,0.549346,0.578279,0.45657,0.431415,0.532233,0.502025,0.63458,0.530514,0.426621,0.52627,0.539737,0.469045,0.496609,0.495552,0.5278,0.491376,0.495063,0.502962,0.501047,0.535909,0.541801,0.5018,0.507171,0.5201,0.440649,0.48595,0.490722,0.53031,0.490498,0.475841,0.517968,0.51122,0.500999,0.494435,0.50445,0.498374,0.515998,0.534274,0.51603,0.489489,0.49306,0.491611,0.514805,0.483549,0.503972,0.50523,0.481941,0.471228,0.515884,0.525167,0.488223,0.499261,0.449816,0.488852,0.526947,0.456056,0.433669,0.55175,0.505681,0.507452,0.453505,0.514447,0.508272,0.495037,0.498246,0.440018,0.430252,0.496984,0.487985,0.466353,0.598611,0.523531,0.515544,0.449324,0.515917,0.540424,0.469915,0.481206,0.498327,0.509324,0.492544,0.502724,0.473211,0.442732,0.473157,0.517607,0.511627,0.514054,0.475205,0.527547,0.493345,0.491237,0.530237,0.548114,0.473401,0.457895,0.519727,0.501238,0.583581,0.518673,0.454925,8.64848,9.03665,6.95786,7.69878,7.68788,8.57749,8.21324,7.67436,8.00578,7.83984,9.6076,9.0725,7.86068,8.12216,9.00674,6.99773,7.53557,7.55436,8.64625,8.18898,7.25718,8.4202,8.25426,8.18099,7.65699,8.17179,8.00376,9.65292,8.8676,9.06219,8.16111,9.14861,8.38732,8.35322,7.33804,8.05395,8.71492,7.44525,7.25549,8.38298,8.61821,7.61854,8.43125,7.07626,8.04021,8.66708,3,3,4,1,3,4,8,6,9,7,5,8,30,22,27,25,22,6,7,5,10,8,7,6,10,4,4,5,4,1,15,17,16,11,10,1,1,2,14,13,9,2,0,2,18,20,12,4,3,4,3,5,6,2,4,1,1,1,1,16,7,13,12,2,1,3,1,2,5,7,8,7,11,9,6,6,6,9,5,4,6,4,2,2,7,0,3,2,2,7,4,15,24,19,8,19,5,5,10,3,4,3,11,10,0,1,2,6,7,1,3,5,7,5,7,10,3,3,4,1,1,2,0,2,1,0,2,3,9,22,7,18,16,10,11,4,18,7,10,9,7,11,12,6,5,8,4,2,2,4,2,4,6,3,7,4,3,4,4,13,13,7,4,15,11,12,2,6,8,12,15,9,15,14,9,7,18,3,6,15,2,8,6,5,15,8,7,3,5,5
195.117,0.954616,0.0128217,8,255,0,-120.033,9.79185,0.545598,0.388976,-0.675585,0.695486,-0.86385,0.0534438,-0.20458,-0.266086,-0.00335912,-0.470507,-0.259151,-0.0254019,0.806627,0.763248,-0.514758,-0.0489588,0.237285,0.124243,-0.136286,-1.08373,0.842402,0.0676817,-1.04109,0.413855,-0.110338,-0.715358,-0.158989,0.0443577,-0.143734,0.602271,0.708523,0.317364,-0.00501201,-0.481592,-0.361991,-0.244301,0.159436,-1.13102,0.125499,0.578122,0.192907,0.0186481,0.370305,-0.785885,0.100362,-0.230942,-0.247783,0.689298,0.0516164,0.354799,-0.149136,0.0704752,0.410516,-0.148719,-0.15618,-0.638505,-0.379617,-0.660926,0.333631,0.43628,0.0963141,0.478582,0.162547,0.00304994,-0.0742944,-0.540284,-0.10296,0.350793,0.4491,0.654341,0.0878738,-0.741015,0.551162,-0.272694,0.453266,0.239474,0.0922282,-0.92473,-0.590893,0.780272,-0.760281,0.428279,-0.656107,0.897485,0.0692598,-0.741311,-0.0585903,-0.63876,1.03415,-0.256777,0.378034,0.364379,0.102094,-0.838727,-0.507163,-0.206031,0.241404,1.15258,0.509177,0.0904616,-0.49704,0.00811869,0.0722584,-0.0383208,-1.41529,-0.120865,0.0523593,-0.562216,0.85697,-0.533082,0.124303,0.153222,1.00817,0.736392,0.612139,-0.261424,-0.767118,0.086615,-0.05929,0.0722838,-0.108663,-0.0492729,-0.0411628,0.133826,-0.169172,0.105425,0.179727,-0.144919,0.137869,0.118249,-0.003789,-0.111216,0.0844415,-0.444978,-0.286047,0.128121,0.0839235,20.5791,0.499485,0.50053,0.499341,0.500041,0.499844,0.499797,0.499997,0.499641,0.499802,0.499981,0.500615,0.500582,0.499608,0.499963,0.500181,0.500095,0.499896,0.499174,0.500642,0.500052,0.499206,0.500316,0.499916,0.499455,0.499879,0.500034,0.49989,0.500459,0.50054,0.500242,0.499996,0.499633,0.499724,0.499814,0.500122,0.499138,0.500096,0.500441,0.500147,0.500014,0.500282,0.499401,0.500077,0.499824,0.499811,0.500526,0.512545,0.487085,0.516039,0.499007,0.5038,0.504942,0.500062,0.508738,0.504813,0.500472,0.485023,0.485828,0.50956,0.500909,0.495593,0.497692,0.502531,0.520118,0.484359,0.498743,0.519327,0.492314,0.502049,0.513284,0.502953,0.499176,0.50267,0.488816,0.486843,0.494106,0.500093,0.508944,0.506723,0.504537,0.497039,0.520995,0.497669,0.489264,0.496417,0.499654,0.493123,0.514593,0.498136,0.504289,0.504602,0.4872,0.574594,0.423243,0.594932,0.494055,0.522743,0.529566,0.500374,0.552151,0.528797,0.502826,0.411218,0.4159,0.557015,0.505446,0.473628,0.486182,0.515156,0.618276,0.40737,0.492471,0.613787,0.454091,0.512272,0.578914,0.517679,0.495066,0.515984,0.433399,0.421827,0.464754,0.500558,0.55337,0.540183,0.52715,0.482271,0.62323,0.486043,0.436039,0.478553,0.497926,0.458899,0.586545,0.488837,0.525668,0.527537,0.423915,0.548163,0.450428,0.561463,0.496178,0.514626,0.519019,0.50024,0.533596,0.518524,0.501817,0.442571,0.445635,0.536745,0.503501,0.483038,0.491116,0.509745,0.576885,0.440048,0.49516,0.573905,0.470439,0.50789,0.550979,0.511368,0.496828,0.510277,0.457037,0.449505,0.47732,0.500358,0.534385,0.525864,0.517463,0.4886,0.580183,0.491026,0.458751,0.486208,0.498666,0.473544,0.555965,0.492823,0.516509,0.517712,0.450866,7.54765,9.07417,6.94703,7.98024,7.60721,7.54562,8.26326,7.34092,7.96466,7.78664,9.47758,8.98847,7.29661,8.17515,8.50424,8.79425,8.0877,6.72685,8.65564,8.3344,7.18165,8.6386,8.26723,8.19565,7.65287,8.0313,7.84295,9.7412,8.93367,8.98764,8.26161,9.24442,8.30735,8.13308,8.08638,7.24514,8.70196,8.95664,8.18005,8.3964,8.59499,7.59075,8.36713,8.03537,8.08783,8.91442,4,2,4,2,2,8,10,10,4,1,6,4,8,4,8,9,9,4,6,9,12,8,3,6,5,4,0,0,3,2,17,14,6,20,9,2,0,1,7,5,8,1,1,3,8,8,9,9,11,13,2,2,4,3,0,6,3,3,3,5,9,10,5,8,5,2,6,6,11,7,9,10,9,7,16,4,8,7,3,3,1,3,3,0,6,8,2,6,2,6,3,6,9,11,5,13,12,26,14,6,1,5,5,9,0,1,0,8,8,3,4,5,5,7,1,7,5,3,5,1,1,2,11,7,5,2,3,4,5,3,6,14,11,19,14,17,17,9,9,13,9,12,18,8,19,12,11,6,9,2,6,6,3,1,2,3,12,9,10,3,8,11,7,15,12,13,12,8,8,6,9,9,6,15,13,5,10,12,14,9,12,9,8,12,8,0,4,6,3,3
196.354,0.99909,0.0128217,8,511,0,-134.072,9.45637,0.467715,0.333654,0.409862,0.587706,-0.642786,0.529953,0.252447,0.664586,0.105643,0.0232292,0.423582,0.0806777,0.790964,0.622919,0.182361,-0.0966753,0.0339316,-0.0384996,-1.24899,0.624183,0.826788,0.077079,-0.925775,0.196759,-0.114401,-0.39105,-0.0209216,-0.194478,-0.391011,0.141153,0.573227,0.345709,-0.0562075,-0.282892,-0.263182,-0.199613,0.0439835,1.17704,-0.665984,-0.220189,0.0827357,-0.0569022,0.354624,-0.720053,0.27907,-0.338132,-0.2025,-0.739885,-0.486085,0.154609,-0.492754,-0.261225,0.120792,0.0188397,-0.20677,-0.143893,0.330903,-0.677547,0.502681,0.00540918,-0.0712575,0.0717974,0.0117019,0.171079,0.850925,-0.456438,-0.129473,0.361905,0.788296,0.620514,0.132094,-1.03278,0.527122,-0.0998734,0.428165,0.249891,0.200885,-0.372366,-0.917408,0.704767,-1.08619,0.85878,-0.322187,0.747946,0.222066,-0.743204,-0.15386,-1.31193,0.424982,-0.922968,0.138533,0.274236,0.548941,-0.550302,-0.438349,-0.706959,1.46439,0.986413,-0.544662,0.113267,-0.526613,0.343565,1.38664,-0.108715,-0.385993,-1.2598,0.98126,0.222225,1.06086,0.482183,0.376585,0.728959,0.925011,0.474972,0.424157,-0.355438,0.337628,-0.0378696,0.140385,0.0661217,0.0174199,0.134582,-0.154157,0.00845311,0.0292339,-0.0436733,-0.0731369,0.240418,-0.00746657,-0.0244194,-0.0346165,0.0822194,-0.0655091,-0.344416,-0.443734,0.260664,0.197759,15.2547,0.517523,0.525115,0.472536,0.522651,0.510795,0.528394,0.504518,0.500994,0.518109,0.503451,0.533778,0.526617,0.507799,0.495865,0.501451,0.498353,0.446783,0.526671,0.535303,0.503297,0.460487,0.508415,0.495107,0.483281,0.499105,0.491683,0.483283,0.506037,0.524497,0.514782,0.497596,0.487903,0.488746,0.491463,0.501881,0.550172,0.471547,0.490584,0.503539,0.497566,0.515163,0.469242,0.511934,0.485542,0.49134,0.468397,0.586317,0.622481,0.366569,0.610865,0.553498,0.637727,0.522458,0.504941,0.589146,0.517156,0.662186,0.629496,0.538716,0.479446,0.507218,0.491811,0.256776,0.629747,0.668971,0.516391,0.312649,0.541759,0.475683,0.417571,0.495549,0.458723,0.417579,0.529992,0.619582,0.573017,0.488045,0.440109,0.444246,0.457638,0.509356,0.731367,0.361998,0.453295,0.517593,0.487897,0.574872,0.351441,0.55909,0.428561,0.457028,0.347604,0.464768,0.449568,0.555122,0.454495,0.478277,0.443025,0.490905,0.498,0.463592,0.493054,0.432313,0.446569,0.484303,0.508323,0.497078,0.503315,0.605915,0.446461,0.429287,0.493364,0.579044,0.483065,0.509849,0.53362,0.501801,0.516739,0.533617,0.487849,0.450802,0.470268,0.50484,0.524339,0.522646,0.517181,0.496213,0.400018,0.557094,0.51895,0.492877,0.504899,0.469503,0.561684,0.475989,0.529082,0.517429,0.563365,0.454658,0.435171,0.570827,0.44148,0.472024,0.426805,0.488283,0.497423,0.453148,0.491051,0.413145,0.431334,0.479781,0.510723,0.496236,0.504271,0.635114,0.431196,0.409297,0.49145,0.601279,0.478187,0.512688,0.543272,0.502321,0.521561,0.543268,0.484347,0.436751,0.461724,0.506235,0.531341,0.529163,0.522129,0.495121,0.372317,0.573347,0.524407,0.490823,0.506312,0.460741,0.579205,0.469081,0.53744,0.522449,0.581349,8.7138,9.06468,6.93187,8.72804,7.99271,8.47953,8.29352,7.72049,8.73002,7.78876,9.58855,8.96515,7.90953,8.11261,8.20832,8.60805,6.76243,8.43204,8.6695,8.25958,7.13553,8.46122,8.23252,8.14819,7.66803,7.99942,7.76644,9.76422,8.90666,9.06417,8.1012,9.34044,8.34125,8.13133,8.15214,9.75095,8.65967,8.10691,8.32875,8.30084,8.64842,7.51673,8.49939,7.7666,8.05742,7.35252,2,4,2,2,3,7,10,7,4,5,4,4,10,9,10,11,11,12,5,12,2,1,2,1,3,2,0,2,2,3,27,14,11,5,14,1,4,3,10,14,11,2,7,1,13,12,11,4,9,13,1,2,1,6,3,5,4,1,3,5,11,11,9,7,1,1,4,10,7,4,3,13,13,13,11,11,10,10,3,0,2,7,3,13,5,7,6,2,1,1,0,34,28,32,24,41,27,19,17,1,2,7,11,12,3,2,2,3,6,10,7,7,10,9,16,20,5,3,3,0,3,2,1,1,1,0,0,0,22,14,8,14,11,15,13,17,10,7,8,10,17,4,12,15,8,11,12,16,5,14,3,4,6,10,11,8,16,7,10,4,12,9,4,11,13,7,13,11,6,10,19,9,6,8,13,20,9,20,19,6,5,6,6,11,5,9,10,4,4,5
194.032,0.741843,0.0128217,8,255,0,-134.496,9.84048,0.41499,0.224432,-0.083126,0.450999,-0.392533,-0.0799152,0.257332,0.0758753,0.0167547,0.085389,-0.713006,0.213336,0.546073,0.617454,-0.347457,-0.00476652,-0.125996,-0.0252295,0.299671,-0.494938,0.93357,0.0195228,-1.03787,0.273106,-0.0954631,-0.68555,0.112432,-0.451893,-0.78171,0.188752,0.410062,0.146527,-0.154358,-0.133455,-0.40506,-0.00748918,-0.458267,-0.941071,-0.681105,0.0307835,0.286249,-0.106636,0.124911,-0.70598,0.116785,0.145525,-0.0201171,0.708591,0.259069,-0.355896,-0.12038,-0.0946081,-0.0197446,-0.0430236,-0.170763,0.00868886,0.437767,-0.171014,0.486309,-0.127507,0.154657,-0.0644759,0.219832,0.896569,-0.576128,-0.49063,-0.129251,0.359549,1.33096,0.670053,0.213811,-0.293493,0.825645,-0.397341,-0.335124,-0.327059,-0.405275,-1.36289,-0.87319,1.00225,-1.21141,0.697163,-0.222211,0.400246,-0.25326,-0.603479,-0.033414,-0.815513,0.497096,-0.380188,0.603944,0.388501,-0.261773,-0.328265,-0.00447879,-1.04735,0.510575,1.38552,0.255421,0.0157555,-0.152209,0.14893,0.787687,0.152026,-0.605973,-0.801459,0.34859,-0.0996209,1.07019,-0.212862,0.147954,0.0699641,1.25379,0.595482,0.319324,-0.235144,-0.695472,0.137659,-0.165683,-0.0432724,-0.160364,0.0307286,0.381314,-0.00147329,-0.0592339,0.0739949,0.248843,-0.01271,-0.0622492,-0.179972,-0.144489,-0.0733999,-0.0380762,-0.896662,-0.646895,0.417941,0.124305,17.5976,0.481377,0.599733,0.412914,0.482095,0.557424,0.517,0.503755,0.51913,0.345414,0.547672,0.62001,0.634968,0.422744,0.498932,0.471789,0.494345,0.566768,0.390849,0.697835,0.504376,0.282819,0.560911,0.478616,0.351001,0.525179,0.400075,0.331622,0.542207,0.590891,0.532796,0.465457,0.470123,0.410194,0.498321,0.398704,0.300749,0.351909,0.506899,0.563811,0.476117,0.527969,0.34684,0.526153,0.532572,0.495491,0.65369,0.511971,0.435405,0.556298,0.511508,0.463004,0.489073,0.497587,0.487704,0.601276,0.469311,0.42199,0.411993,0.549878,0.500687,0.51814,0.503634,0.456945,0.570808,0.368687,0.497188,0.645186,0.460745,0.513746,0.597477,0.483812,0.564722,0.610726,0.47284,0.441211,0.478908,0.522218,0.519212,0.558078,0.501079,0.565624,0.632319,0.596861,0.495566,0.458864,0.515354,0.482017,0.600305,0.483186,0.479052,0.502897,0.399334,0.518625,0.400257,0.587095,0.517907,0.44257,0.482998,0.496244,0.480868,0.654601,0.452323,0.379978,0.365018,0.577264,0.501068,0.528214,0.505655,0.433225,0.609162,0.302147,0.495624,0.7172,0.439083,0.521386,0.649014,0.474818,0.599935,0.668394,0.457789,0.4091,0.467201,0.534547,0.52988,0.589815,0.501679,0.601306,0.69927,0.648105,0.4931,0.436183,0.523886,0.472028,0.653175,0.473845,0.467425,0.504509,0.346295,0.51344,0.427576,0.563143,0.512921,0.458479,0.487732,0.49729,0.486194,0.613308,0.465553,0.412594,0.40145,0.555957,0.500771,0.520365,0.50408,0.451687,0.579366,0.353447,0.496843,0.661814,0.455947,0.515434,0.609088,0.481825,0.572566,0.623794,0.469512,0.434069,0.476321,0.524943,0.521569,0.565135,0.501211,0.573575,0.647661,0.608403,0.495022,0.453839,0.517239,0.47981,0.61223,0.481122,0.476483,0.503253,0.387369,8.32341,8.99507,6.98224,7.4099,7.81542,7.5827,8.32563,7.59492,7.52018,7.75905,9.55767,9.2193,7.03983,8.42401,8.14238,8.82667,8.81447,6.8517,8.67189,8.32919,7.1139,8.78046,8.29489,8.14229,7.62962,8.14089,7.72319,9.80649,8.95555,9.04714,8.10599,9.37634,8.34002,8.40783,6.9256,7.2215,8.69544,8.45697,9.08681,8.28055,8.59048,7.51635,8.45404,8.49092,8.07075,9.33451,7,6,5,4,12,20,8,26,23,2,9,3,4,0,2,5,3,7,5,5,6,3,7,1,4,0,2,0,2,2,15,17,23,21,17,2,2,3,8,7,10,9,9,8,5,9,9,7,4,9,3,4,1,4,4,2,2,2,5,12,11,7,11,8,6,3,8,15,13,14,12,13,8,6,11,8,5,6,2,3,1,5,6,8,10,12,10,0,1,4,4,28,18,21,27,15,47,50,42,6,7,8,7,15,5,1,5,13,2,8,8,9,19,12,12,3,7,5,8,2,2,0,3,2,1,3,2,1,12,7,7,37,9,12,11,21,9,33,17,16,11,14,9,5,18,17,20,9,13,11,7,8,7,4,5,0,9,11,10,11,13,8,7,25,12,15,16,24,13,17,10,20,24,17,21,16,21,13,7,23,6,12,9,3,9,7,8,9,2,5
171.097,0.841229,0.0128217,8,255,0,-108.121,9.79438,0.468931,0.242934,-0.033053,0.426897,-0.400771,-0.808187,0.67452,-0.0804427,-0.219258,-0.411444,-0.252739,0.362268,0.521299,0.458205,-1.05877,-0.274017,0.287524,0.400207,-0.282839,-0.334617,1.08338,-0.023142,-1.13932,0.130722,-0.213822,-0.573157,0.265515,-0.378535,-0.509004,0.343751,0.407425,0.169574,-0.0264637,0.0463207,-0.374806,-0.0679537,-0.618971,-0.389553,-0.50476,0.0304696,0.19143,0.306409,0.119346,-0.753404,0.0355833,-0.384927,0.0376244,0.501769,-0.3697,-0.377311,-0.0872786,0.063668,-0.184136,-0.175461,-0.0464372,-0.144568,0.260265,-0.271858,0.314973,-0.128001,0.312018,0.0392048,0.321797,0.68597,-0.653288,-0.497772,-0.114009,0.372147,1.26367,0.639173,0.304616,-0.820533,0.633982,-0.637717,0.573035,-0.0759111,-0.242963,-1.11071,-0.926315,1.02661,-1.22396,0.895333,-0.213884,0.123606,-0.0160532,-0.347102,-0.326747,-1.3677,0.6736,-0.678822,0.457075,0.51949,-0.203979,-0.657031,0.135355,-1.32986,1.00127,1.59466,0.61105,0.0766771,-0.117317,0.106397,0.405906,0.185458,-0.573556,-2.00376,0.561092,-0.00412658,1.01779,-0.164568,0.269856,0.618318,0.888701,1.10711,0.809017,-0.0175074,-1.8144,0.182933,0.180915,-0.342038,-0.23109,0.117938,0.164249,0.230417,-0.356702,-0.300855,0.128362,-0.0403783,0.0187873,-0.0695266,-0.387662,-0.150408,-0.115609,-0.563441,-0.468422,0.406088,0.170599,19.3628,0.494332,0.572691,0.4317,0.364846,0.613655,0.486208,0.46247,0.429905,0.456765,0.561809,0.588458,0.577938,0.32601,0.453146,0.549149,0.568205,0.451647,0.442866,0.677688,0.496031,0.313988,0.522403,0.463397,0.402955,0.545408,0.435446,0.413586,0.558679,0.569419,0.529048,0.495462,0.507943,0.436075,0.488349,0.395418,0.433589,0.414292,0.505225,0.532782,0.552354,0.520456,0.373598,0.506102,0.434369,0.506452,0.58521,0.505398,0.430727,0.565083,0.629012,0.391585,0.513135,0.535749,0.566796,0.541184,0.441108,0.415674,0.425719,0.666341,0.544634,0.453179,0.435007,0.546063,0.554434,0.330094,0.50378,0.677937,0.478663,0.534865,0.592531,0.456744,0.56151,0.582374,0.444093,0.433849,0.472333,0.504322,0.492435,0.56091,0.511097,0.599736,0.563281,0.581699,0.495024,0.468776,0.450123,0.480518,0.620622,0.494189,0.562538,0.493855,0.418776,0.504656,0.440155,0.556214,0.611914,0.406114,0.511329,0.530846,0.557698,0.535541,0.449147,0.427093,0.435813,0.644868,0.538522,0.459588,0.443864,0.539757,0.546995,0.351963,0.50326,0.655192,0.481595,0.530083,0.580041,0.462669,0.553119,0.571211,0.45173,0.442861,0.476132,0.503728,0.493476,0.5526,0.509571,0.586315,0.554653,0.570625,0.495708,0.473061,0.456946,0.483195,0.604559,0.494988,0.554009,0.4947,0.429788,0.503871,0.450174,0.546795,0.593529,0.421661,0.509419,0.525654,0.548034,0.529563,0.457678,0.439255,0.446547,0.621507,0.532045,0.46638,0.45327,0.533074,0.539105,0.375785,0.50271,0.630342,0.484697,0.525019,0.56672,0.468947,0.544213,0.559326,0.459832,0.452433,0.480152,0.503099,0.494576,0.543779,0.507957,0.571981,0.545493,0.558836,0.496432,0.477598,0.464179,0.486028,0.587323,0.495833,0.544955,0.495594,0.441509,8.44999,8.99812,6.87827,6.35612,8.19172,7.26993,8.06948,6.86525,8.18116,7.81155,9.49717,9.05066,6.08162,8.15515,8.68966,9.34955,8.14436,6.95904,8.68468,8.3095,7.10729,8.65049,8.2144,8.25886,7.69333,7.99924,7.84014,9.63804,8.98872,9.06767,8.30543,9.25982,8.40165,8.39291,6.58544,7.99966,8.6382,8.51341,8.69655,8.85101,8.63657,7.55719,8.3814,7.86703,8.08479,9.10375,3,7,1,3,1,15,6,19,9,1,1,1,10,10,11,15,10,10,4,4,1,5,3,4,5,1,1,0,2,2,19,31,26,19,16,3,1,2,1,8,10,6,9,5,9,6,6,2,7,11,3,3,1,3,3,1,4,2,2,10,14,12,9,4,0,0,4,12,10,9,1,15,5,14,12,22,4,8,1,4,2,5,4,9,3,7,8,1,1,0,2,22,24,31,13,22,29,51,54,4,4,10,7,6,3,0,1,6,9,5,7,6,1,8,7,6,6,1,2,3,6,2,1,0,1,1,1,1,0,5,6,11,14,18,9,15,15,11,15,15,20,11,19,18,19,22,14,9,7,9,8,3,11,4,1,9,4,11,9,6,10,6,12,14,10,18,11,8,22,11,14,10,16,12,17,13,15,9,10,14,24,16,17,6,10,7,4,13,11,11
174.458,0.98563,0.0128217,9,1023,0,-98.1049,9.49562,0.603332,0.116235,-0.258851,0.584189,-0.317495,1.6518,-0.750124,-0.213339,0.0663555,0.415012,0.314005,0.503545,1.09315,0.865997,1.43456,0.0599437,-0.223883,-0.914372,0.434478,0.958423,1.21011,0.162304,-0.747593,0.721803,-0.214743,-0.811904,0.363605,-0.471392,-0.823493,0.975883,0.787512,0.653433,-0.0653829,-0.32656,0.076998,-0.00317529,0.219686,0.60221,-0.0198407,0.2409,-0.168962,0.228045,0.579017,-0.855005,0.250313,0.730932,0.194581,-0.615729,0.0393817,-0.00970792,-0.0748343,0.00556229,0.0617242,-0.10015,0.0119677,0.0277107,-0.193207,-0.011477,-0.273919,0.0576891,0.0100504,0.00738706,-0.139121,0.502318,0.442196,-0.585555,-0.136568,0.345715,-0.489623,0.825827,0.328489,-0.288748,0.469566,0.453664,0.562317,0.831283,0.671479,-0.763516,-0.953835,1.25702,-0.931136,0.486847,-0.0444766,1.02387,0.83076,-0.577671,-0.424669,-0.604437,1.10122,-0.580672,0.645764,1.07017,1.25063,-0.985946,-0.431598,0.0745311,0.507144,1.14158,-0.177985,0.897135,-1.23932,0.0735386,0.690093,-0.807677,-0.956838,-0.950957,0.572739,-0.660519,0.815353,0.233051,0.304882,0.9882,1.03415,0.31428,0.18642,-0.772193,2.56003,-0.0995996,-0.357196,0.179839,0.0974943,-0.172313,-0.126481,0.602601,0.153565,-0.037195,0.22944,-0.141362,-0.260592,-0.292857,0.0825025,0.48237,0.126095,0.11039,-0.0423986,0.299556,0.0354566,19.0499,0.467539,0.57284,0.460213,0.696297,0.406899,0.473235,0.508332,0.551929,0.539351,0.5629,0.633929,0.607068,0.672741,0.507527,0.471914,0.38715,0.554346,0.618086,0.647453,0.520371,0.407206,0.589664,0.473059,0.399432,0.545535,0.441078,0.398036,0.620155,0.597626,0.581329,0.49179,0.459082,0.509668,0.499601,0.52756,0.575054,0.497508,0.530215,0.478795,0.528607,0.572204,0.394249,0.531393,0.590773,0.524416,0.423288,0.471415,0.564225,0.464959,0.674897,0.417827,0.476433,0.507335,0.545751,0.534657,0.555437,0.618547,0.594582,0.653477,0.506626,0.47527,0.400272,0.547884,0.604395,0.630673,0.517935,0.418099,0.579124,0.476278,0.411197,0.54011,0.448076,0.409957,0.606239,0.586189,0.571738,0.492772,0.463962,0.508511,0.499649,0.524267,0.566183,0.497807,0.526606,0.48133,0.525189,0.563662,0.40659,0.527644,0.580108,0.521497,0.432349,0.492857,0.516117,0.491239,0.545459,0.47931,0.494113,0.501831,0.511451,0.508665,0.513893,0.530132,0.523881,0.539508,0.501654,0.493822,0.474787,0.511988,0.526425,0.533346,0.504479,0.47938,0.519909,0.494074,0.477609,0.510033,0.486994,0.477289,0.526906,0.52172,0.518025,0.498196,0.490989,0.502125,0.499912,0.506062,0.516613,0.499452,0.506648,0.495337,0.506293,0.515974,0.476422,0.506908,0.520161,0.50537,0.483014,0.502744,0.493808,0.503365,0.482499,0.50795,0.502261,0.499297,0.495601,0.496672,0.494663,0.488415,0.490822,0.484799,0.499365,0.502373,0.509691,0.495395,0.489842,0.487176,0.49828,0.507924,0.49235,0.502276,0.508605,0.496146,0.504996,0.508728,0.489657,0.491653,0.493074,0.500693,0.503461,0.499184,0.500034,0.497671,0.493617,0.50021,0.497447,0.501791,0.497583,0.493863,0.509062,0.497347,0.492253,0.497938,0.506526,7.75308,9.09292,6.93463,9.31465,6.45438,7.0504,8.22698,7.74893,8.38998,7.84726,9.52919,9.00248,8.8768,8.10754,7.90427,7.30119,8.52383,8.35151,8.62957,8.33366,7.21046,8.84271,8.20497,8.07625,7.69182,8.15886,7.76828,9.70482,8.91555,9.04235,8.08049,9.16608,8.40196,8.44021,7.73117,9.11292,8.78282,8.71158,8.49494,8.69729,8.68432,7.49431,8.4315,8.96515,8.05309,7.3567,2,5,1,0,0,12,18,7,18,3,5,0,2,6,3,3,7,4,5,0,4,2,5,4,7,5,4,3,1,7,22,16,10,21,29,1,1,1,11,15,11,1,6,4,3,13,12,11,10,9,6,1,6,3,1,2,1,5,2,8,8,17,9,1,1,1,6,13,12,11,3,6,4,10,9,6,15,19,2,1,4,6,3,2,6,6,1,6,1,1,3,7,15,12,7,7,15,22,24,4,5,22,14,10,3,1,4,4,4,7,7,8,5,5,21,13,0,12,7,1,0,0,2,5,1,4,2,2,7,6,7,11,18,20,14,17,15,9,17,14,8,9,23,17,14,25,10,5,4,2,3,10,1,18,6,8,5,8,6,14,32,19,13,19,19,9,17,22,9,28,18,13,14,11,9,12,32,16,14,8,6,5,5,3,9,6,5,3,1,3
174.584,0.792537,0.0128217,9,511,0,-100.024,9.33758,0.580043,0.185038,1.81278,0.682474,-0.450588,0.564776,0.0033362,-1.05274,0.185342,-0.0776452,0.736286,0.362387,0.917236,0.742172,-0.485702,0.119304,-0.189787,1.2622,-0.176363,-0.0664897,1.24351,0.36033,-0.945838,0.137766,-0.0109694,-0.372448,0.192019,-0.292879,-0.594097,0.722919,0.764005,0.433525,0.205081,0.526977,-0.0830844,0.0552562,-0.351923,-0.925843,-0.0249237,-0.145849,-0.17813,-0.167505,0.453482,-0.676471,0.44783,-0.958753,0.191553,-0.0976152,0.0864928,0.0464082,-0.100072,-0.10183,-0.077691,-0.0141865,0.0430093,0.0285929,0.12391,0.121774,0.470525,-0.131026,0.115604,-0.078458,0.246704,0.100902,-0.536957,-0.325787,-0.0805677,0.371745,0.141368,0.64558,0.21854,-1.07293,0.505654,0.224373,-0.177017,0.597827,0.743977,-0.657449,-0.101947,0.996793,-0.495932,0.245665,0.364403,0.923869,0.178193,-0.326933,-0.592422,-0.643343,0.925752,-0.6079,0.0387822,0.935713,-0.0819805,-0.265948,-0.109344,-0.525248,0.933139,0.688171,-0.16766,0.141453,-0.52504,0.308216,0.0396034,-1.12918,-0.608851,-0.407081,0.698385,-0.331213,1.28001,-0.801815,0.385688,0.878566,1.14325,0.769578,0.783924,-0.451465,-1.16682,0.15446,0.0592765,0.0335042,-0.324978,0.0288298,-0.484158,0.233488,0.375599,0.0941119,-0.0461652,-0.327286,0.028607,-0.270401,-0.0156733,0.151427,0.161941,-0.335536,-0.547425,0.230027,0.0114751,15.7932,0.545601,0.517209,0.488636,0.514243,0.500084,0.473469,0.504675,0.498041,0.518565,0.50914,0.523121,0.518713,0.48775,0.503009,0.495213,0.531797,0.495551,0.498323,0.531327,0.509089,0.476159,0.503475,0.499723,0.490606,0.504844,0.492613,0.485018,0.518228,0.519263,0.510934,0.505173,0.51329,0.497904,0.501394,0.491124,0.476662,0.499371,0.496321,0.495507,0.495775,0.511437,0.482942,0.511295,0.475834,0.504832,0.497538,0.274206,0.409397,0.560193,0.424761,0.499552,0.637673,0.47514,0.510422,0.402429,0.451506,0.379301,0.401669,0.564833,0.48399,0.525455,0.336765,0.523657,0.508925,0.339009,0.45178,0.624308,0.481515,0.501473,0.549831,0.474246,0.539235,0.579082,0.404156,0.398855,0.442065,0.472498,0.429727,0.511151,0.492583,0.547102,0.621786,0.503346,0.519569,0.523894,0.522471,0.439424,0.589823,0.440172,0.625933,0.474309,0.513101,0.352457,0.443,0.537725,0.452766,0.49972,0.587402,0.484458,0.506513,0.43855,0.469639,0.42366,0.438063,0.540653,0.489994,0.515915,0.395676,0.51479,0.505577,0.397176,0.469811,0.578682,0.488446,0.50092,0.531202,0.483898,0.524548,0.549671,0.439654,0.436261,0.463698,0.482804,0.45591,0.506969,0.495365,0.529487,0.577045,0.502091,0.512232,0.514938,0.514047,0.462033,0.556503,0.462505,0.579738,0.483937,0.508188,0.270445,0.407671,0.561355,0.423317,0.499543,0.640215,0.474656,0.510625,0.400577,0.450567,0.377043,0.399804,0.566083,0.483678,0.52595,0.33382,0.524118,0.509099,0.336098,0.450846,0.626628,0.481155,0.501501,0.550796,0.473745,0.539997,0.580597,0.402335,0.396939,0.440946,0.471963,0.428376,0.511369,0.492438,0.548015,0.624063,0.503411,0.51995,0.524359,0.522908,0.438255,0.591536,0.439017,0.62828,0.473809,0.513356,10.0645,9.00198,6.95213,8.37856,7.43977,6.30684,8.1804,7.35275,8.91638,7.82554,9.48002,8.92269,6.91444,8.25403,7.77729,9.8487,7.93631,7.36474,8.76931,8.36837,7.11084,8.27387,8.25734,8.0805,7.64252,8.20477,7.88139,9.76217,8.94609,8.96138,8.2016,9.32515,8.40636,8.3285,7.39384,7.27553,8.65832,8.1124,8.32805,8.08913,8.61299,7.5427,8.46233,6.95242,8.04233,8.02093,5,2,0,0,2,15,7,12,17,9,5,8,3,1,4,2,0,7,11,9,9,9,7,7,6,2,2,0,3,8,11,17,12,16,19,3,3,2,5,9,5,11,14,6,14,9,17,3,6,3,3,4,6,8,7,1,0,2,2,9,6,21,18,4,4,2,0,7,5,3,1,3,9,12,2,5,0,3,2,4,7,3,7,4,3,4,13,1,2,2,3,18,13,12,22,19,14,5,21,3,5,6,10,0,2,2,8,13,8,4,8,6,3,14,10,11,2,1,2,3,3,2,8,1,4,2,3,5,9,10,8,23,18,10,41,20,17,17,15,17,19,26,12,29,17,23,28,7,3,9,6,3,2,4,1,2,5,6,4,14,15,9,10,13,6,13,19,12,15,13,6,12,13,23,12,17,16,13,18,4,11,11,8,6,5,6,1,3,1,2
163.049,0.989664,0.0128217,9,511,0,-95.4771,9.36023,0.706332,0.207672,1.00762,0.91978,-0.470831,0.0890653,-0.653096,-1.26593,0.132299,-0.327723,0.0469876,0.238582,0.954964,0.887211,-0.273726,-0.035252,-0.673776,1.54478,-0.0974241,-0.620284,1.02097,0.258645,-0.900718,0.639369,0.308086,-0.324734,0.0509815,-0.373981,-0.532653,1.01068,0.627916,0.436144,0.201803,0.330581,0.0414412,0.398385,-1.00453,0.694109,0.205643,-0.0356936,1.41689,0.458533,0.362021,-0.356951,0.31248,-1.30075,0.179263,0.14934,-0.381784,0.0495157,0.164055,-0.0318624,-0.00417419,-0.168595,-0.191327,0.012718,-0.126622,0.0727035,-0.0620179,0.00156943,0.240502,-0.131524,0.197348,0.565485,-0.791915,-0.308209,-0.114937,0.36915,0.198701,0.61351,0.379357,-0.234691,0.577158,-0.0358864,0.325556,0.693563,0.349593,-0.689637,-0.286288,0.95341,-0.812346,0.619581,-0.334356,1.14472,-0.187915,-0.0373856,-1.40271,-1.32685,1.12514,-0.229513,0.109636,1.02106,-0.00946334,-0.375677,-0.20106,-0.206626,0.816359,1.01132,-0.195497,0.194632,-0.814025,-0.288499,0.0703951,-0.596179,-1.57439,-0.802044,0.812973,-0.345728,0.903956,-0.121777,0.329884,0.595644,1.19898,0.526547,0.720072,-0.391402,-0.535892,-0.0887963,-0.115903,-0.000693854,0.207166,0.100866,-0.784105,0.434928,-0.348102,-0.0178682,0.0728876,-0.756808,-0.311617,-0.281447,-0.0729805,0.297897,0.0885619,-0.314571,-0.776094,0.343528,0.0783536,15.7756,0.638716,0.627176,0.433828,0.512589,0.408706,0.328304,0.518695,0.453802,0.506642,0.533678,0.631817,0.62286,0.46138,0.495017,0.405883,0.705484,0.486231,0.413198,0.640456,0.5365,0.375348,0.589416,0.543445,0.454221,0.507207,0.447326,0.425262,0.639114,0.587848,0.561348,0.528498,0.546599,0.505858,0.556083,0.361688,0.596886,0.529039,0.494954,0.690237,0.564463,0.551001,0.449708,0.544061,0.323976,0.525321,0.5211,0.310464,0.325549,0.59215,0.482374,0.626492,0.731552,0.473832,0.56452,0.490699,0.452906,0.319461,0.331237,0.553981,0.506979,0.630316,0.22735,0.519278,0.620392,0.308205,0.448972,0.671128,0.376055,0.439306,0.563938,0.489908,0.573504,0.603918,0.309946,0.378186,0.414501,0.460132,0.434923,0.491796,0.421776,0.689011,0.36594,0.459377,0.507066,0.24563,0.410205,0.428814,0.570202,0.438449,0.736933,0.464569,0.470468,0.421415,0.428167,0.53696,0.492996,0.551181,0.598261,0.489597,0.52575,0.496305,0.481246,0.425459,0.430677,0.521513,0.502772,0.55279,0.38085,0.507661,0.548627,0.420391,0.479671,0.570365,0.449887,0.47579,0.525516,0.495991,0.529377,0.541792,0.421181,0.450779,0.465754,0.484135,0.474026,0.496741,0.468711,0.578348,0.445629,0.483833,0.502807,0.390381,0.464002,0.47156,0.528042,0.475446,0.600891,0.485906,0.488258,0.313887,0.328752,0.590349,0.482726,0.624071,0.727601,0.474353,0.563245,0.490884,0.453841,0.322755,0.334354,0.55291,0.506839,0.627829,0.231671,0.518894,0.618078,0.31166,0.449985,0.667975,0.378432,0.440507,0.562675,0.49011,0.572056,0.6019,0.313377,0.380525,0.416177,0.460925,0.436209,0.49196,0.423314,0.685595,0.368492,0.460185,0.506925,0.249808,0.411961,0.430218,0.568817,0.439667,0.732924,0.465275,0.471057,9.40725,9.01272,6.95378,7.92679,6.73011,5.98861,8.19755,7.13006,8.22921,7.82992,9.54704,9.26143,7.19669,8.1275,7.20376,10.2515,8.05062,6.77029,8.78729,8.35365,7.06437,8.95918,8.26359,8.24934,7.59805,8.06277,7.86754,9.79001,8.94516,8.9131,8.28345,9.34733,8.42581,8.37492,6.58422,8.73793,8.68766,7.83873,10.2507,8.44897,8.61833,7.44189,8.42009,6.44603,8.07267,8.35575,8,9,9,3,5,25,8,14,10,4,1,4,5,4,5,4,7,10,6,3,7,7,3,1,3,5,1,3,4,0,14,9,16,13,17,1,0,1,23,8,13,6,14,4,6,7,14,3,7,6,5,6,1,4,2,3,1,1,2,12,14,3,15,2,1,4,5,10,5,13,25,3,18,5,7,4,8,4,6,4,7,3,3,7,3,2,7,5,4,3,1,4,23,11,15,17,17,22,13,3,2,4,3,8,0,2,3,8,7,4,4,10,7,9,4,12,9,6,3,0,0,0,1,2,3,2,2,3,20,4,8,15,21,12,10,16,21,18,22,21,17,11,14,18,16,18,12,4,5,3,6,3,6,11,7,10,10,7,6,10,18,10,14,27,17,23,17,27,14,18,21,30,15,9,11,47,25,28,20,16,18,17,10,12,4,9,3,2,5,5
163.673,0.786035,0.0128217,9,511,0,-91.0215,8.2958,0.481601,0.21888,-0.797659,0.435469,-0.739425,0.00865907,0.675916,0.743366,-0.0171355,0.303517,-0.128102,0.0040531,1.23069,0.927658,0.402945,-0.133198,0.491603,-1.37151,-0.323168,0.668461,0.734441,0.08287,-0.867093,0.611692,-0.180782,-0.402596,-0.152684,-0.263015,-0.484064,0.960641,0.689808,0.631845,-0.00362869,0.551243,0.131242,-0.601711,0.538179,-0.153983,0.0286315,0.328973,-0.916789,-0.0799675,0.400255,-0.806293,0.22564,1.23941,-0.0793287,-0.146896,-0.350671,0.0928866,0.0506737,-0.159309,-0.131419,-0.131941,0.0681967,-0.0350682,0.21397,-0.00640028,0.150946,-0.161192,-0.128138,0.0171343,-0.258224,0.270671,0.797357,-0.200846,-0.0318666,0.357567,0.412716,0.744591,0.576483,-0.781729,0.875119,0.171583,1.30027,0.405643,0.0988759,-1.06541,-0.883073,0.927353,-1.16903,1.62089,0.0334103,0.984603,0.549139,-0.625667,0.253428,-0.805157,0.800403,-0.446376,0.312291,0.615703,0.874383,-1.22982,-0.4455,-0.695655,0.924805,0.963637,-0.341382,0.321658,-0.470221,0.47375,1.26252,-0.0158854,-0.0824457,-0.144258,1.13302,-0.0311611,1.15133,0.470594,0.456181,0.481813,1.07969,1.02647,0.209185,0.199424,0.638599,0.0458418,-0.145972,-0.179754,0.327481,-0.0745544,0.840537,-0.176605,0.401021,-0.190459,0.567702,0.565641,0.306381,-0.0719724,0.134462,-0.46137,-0.036004,-0.171416,-0.054651,0.115707,0.18756,21.8158,0.446233,0.529433,0.450131,0.500586,0.545611,0.550133,0.49884,0.520527,0.491333,0.500274,0.582517,0.562445,0.527239,0.490988,0.533217,0.408244,0.478146,0.54511,0.549535,0.505607,0.441594,0.541297,0.487769,0.472784,0.48967,0.48221,0.467291,0.564641,0.546543,0.542652,0.499754,0.537232,0.50888,0.459373,0.536353,0.489582,0.501937,0.522246,0.438279,0.494589,0.527058,0.445656,0.515264,0.58309,0.494632,0.490061,0.346147,0.585944,0.35673,0.501726,0.631567,0.643991,0.496584,0.560209,0.474486,0.500808,0.727367,0.676925,0.579639,0.473473,0.59676,0.250944,0.435934,0.630183,0.642358,0.516513,0.333726,0.619573,0.464025,0.420429,0.469602,0.447762,0.404687,0.682649,0.634141,0.623353,0.499277,0.608149,0.526138,0.382304,0.605664,0.469344,0.505707,0.565204,0.324974,0.484065,0.579116,0.344591,0.544858,0.728742,0.484192,0.470751,0.53413,0.481347,0.531645,0.499629,0.471067,0.468187,0.500734,0.486996,0.505489,0.499826,0.447455,0.46033,0.482739,0.505708,0.478945,0.558505,0.513845,0.471385,0.468568,0.496449,0.53709,0.473811,0.507747,0.517246,0.506543,0.511269,0.520732,0.458926,0.470473,0.472949,0.500156,0.476395,0.494376,0.525763,0.476953,0.506598,0.498773,0.485906,0.539207,0.503427,0.482854,0.534498,0.490332,0.447085,0.503399,0.506295,0.510896,0.494051,0.510101,0.499882,0.490766,0.489845,0.500234,0.495853,0.50175,0.499945,0.483192,0.487328,0.494495,0.50182,0.493284,0.51873,0.504415,0.490868,0.489967,0.498868,0.511845,0.491643,0.50247,0.5055,0.502086,0.503593,0.506613,0.486878,0.490576,0.491368,0.50005,0.492469,0.498207,0.50822,0.492648,0.502104,0.499609,0.495505,0.512523,0.501093,0.494532,0.511014,0.496917,0.483073,0.501084,0.502007,7.20564,9.0098,6.95711,8.14756,8.61743,8.69601,8.10359,8.18135,7.98973,7.82904,9.58237,9.22616,8.29808,7.98374,8.70151,6.55312,7.76036,8.60874,8.68562,8.22132,7.12504,8.85874,8.28506,8.19018,7.64455,8.12043,7.861,9.7612,8.94989,8.8898,8.1195,9.18839,8.30254,7.79129,8.76964,8.31659,8.80625,8.88482,7.35686,8.4037,8.61119,7.55292,8.38931,9.56805,8.06834,7.96762,4,3,2,2,3,7,10,3,5,11,6,6,17,9,8,10,23,13,3,6,6,7,8,5,5,2,2,1,0,4,11,8,15,11,9,1,3,1,10,11,6,4,2,1,17,11,10,15,5,6,7,3,2,2,1,5,3,3,2,12,12,7,15,12,2,1,7,5,13,2,5,5,7,12,17,10,13,13,0,0,1,2,1,2,2,4,0,2,2,3,2,18,20,34,31,16,31,18,17,3,4,6,8,3,2,0,2,3,13,7,3,0,7,5,13,7,3,2,1,2,8,3,2,2,5,2,2,7,15,15,9,13,16,7,9,8,8,4,6,7,8,6,5,5,5,9,12,2,4,16,5,4,10,8,4,6,8,8,5,2,1,3,4,13,19,16,12,15,6,11,8,8,8,11,15,14,19,13,16,13,8,14,18,10,3,7,2,6,0,2
160.962,0.999307,0.0128217,9,511,0,-88.7553,9.19452,0.682051,0.27767,0.364257,0.71989,-0.823102,-0.283673,-0.164388,0.207287,-0.0927889,0.575106,0.181142,-0.0753423,1.28617,0.621935,0.92014,0.214589,1.40033,-0.75791,-0.433746,-0.0154582,0.726778,0.0329804,-0.870978,0.632662,0.0925383,-0.313627,-0.223928,-0.203521,-0.432253,0.735054,0.766174,1.00784,-0.0455812,0.296734,0.214598,-0.409806,0.334136,-0.016884,-0.0682614,0.411544,-0.575924,0.0381889,0.56469,-0.620913,0.143021,0.714933,-0.33884,0.25237,-0.118171,0.233586,-0.174788,0.0257887,-0.348624,-0.15615,0.0278211,0.145514,0.124838,-0.354095,0.0173986,0.132359,-0.0322998,0.220517,-0.253156,0.553839,0.142219,-0.305782,-0.136238,0.347123,0.648985,0.727087,0.624323,-0.9489,0.900318,0.022228,0.875561,0.451461,0.124205,-1.33841,-0.889677,0.909762,-0.490739,1.66571,-0.846136,0.67539,0.467311,-0.476334,0.538328,-0.986314,0.678394,-0.162232,0.594463,0.202297,0.720724,-1.51751,-0.719806,-0.521603,0.812951,0.823815,-0.156702,0.176586,-0.527343,0.303628,1.04313,0.0568778,-0.455145,-0.20468,0.725778,0.603679,1.2049,-0.378889,0.183215,0.789025,1.30368,0.368018,0.345548,0.524048,0.191094,-0.406329,0.0373869,-0.111831,0.154262,0.187111,0.618699,-0.201427,0.998728,0.00412442,0.49413,0.814601,0.572876,0.0168598,0.249042,-0.476511,0.0169629,-0.401779,-0.765373,0.0710284,0.152222,19.3041,0.550265,0.598376,0.387967,0.460803,0.477255,0.528669,0.487155,0.578963,0.52506,0.48957,0.670916,0.585272,0.624715,0.529677,0.684722,0.396574,0.440231,0.49786,0.599292,0.504566,0.38169,0.586713,0.51281,0.456684,0.469035,0.47185,0.440435,0.600393,0.604521,0.636031,0.493689,0.540993,0.529678,0.443501,0.546133,0.497662,0.49055,0.556737,0.420927,0.505287,0.577556,0.414866,0.519792,0.597716,0.453221,0.534886,0.512948,0.525573,0.470768,0.489915,0.494155,0.50737,0.496701,0.520436,0.50644,0.497321,0.545603,0.522098,0.532669,0.507629,0.549625,0.473079,0.484583,0.49945,0.525818,0.501173,0.469072,0.522479,0.50329,0.488851,0.492039,0.492764,0.484636,0.526111,0.527214,0.535772,0.498379,0.510549,0.507629,0.485434,0.511878,0.4994,0.497573,0.514628,0.479535,0.501358,0.520067,0.477938,0.505085,0.525397,0.487955,0.508972,0.463477,0.428191,0.581931,0.528463,0.516506,0.479191,0.509319,0.442489,0.481813,0.507567,0.373611,0.437853,0.408615,0.478459,0.36294,0.575545,0.543458,0.501553,0.427513,0.496687,0.586603,0.436792,0.490706,0.531461,0.522477,0.520431,0.543309,0.4267,0.423644,0.400129,0.504578,0.47023,0.478458,0.54107,0.466488,0.501696,0.506856,0.458756,0.557592,0.496164,0.443522,0.562046,0.485638,0.428678,0.533982,0.474672,0.43075,0.365636,0.652485,0.554067,0.531413,0.46042,0.517747,0.3917,0.465395,0.514412,0.272019,0.383194,0.33087,0.459032,0.255065,0.641087,0.58224,0.502958,0.364414,0.49369,0.660747,0.381256,0.482301,0.559724,0.542743,0.538864,0.581963,0.362948,0.357459,0.316182,0.508721,0.443465,0.45903,0.577777,0.436411,0.503231,0.513058,0.421899,0.608449,0.492693,0.393601,0.616621,0.472661,0.366516,0.564474,0.45186,8.44503,8.99692,6.945,7.9087,7.65649,8.05852,8.181,8.45605,8.24703,7.7528,9.47415,8.7234,8.82816,8.2832,9.79107,7.26781,7.58205,7.81758,8.61975,8.31705,7.11019,8.73497,8.31901,8.13028,7.59209,8.11533,7.86805,9.68817,8.87902,9.17509,8.23207,9.19236,8.31895,7.77574,8.57689,8.20064,8.82095,8.66395,7.71285,8.26022,8.66159,7.54771,8.43608,9.05404,8.07049,8.32406,0,1,0,0,3,5,6,9,10,9,2,12,15,5,4,25,12,14,10,10,13,11,8,3,5,1,1,2,2,0,3,12,7,9,9,7,3,3,17,17,19,1,0,2,20,15,9,4,12,4,3,6,2,5,2,3,2,0,0,14,7,8,16,5,9,8,7,7,8,6,8,1,5,6,3,3,18,7,1,0,0,3,3,2,0,5,2,10,7,5,2,17,17,19,11,7,10,11,12,10,12,5,2,8,0,1,0,5,8,8,7,5,4,10,9,5,4,3,3,4,0,4,1,2,3,2,1,3,11,15,6,15,8,16,15,5,8,1,6,14,15,8,7,5,6,8,8,4,13,16,14,9,9,7,2,1,4,7,2,5,4,3,2,13,11,10,12,7,10,5,9,10,9,20,10,13,8,7,10,6,6,5,5,12,11,8,12,6,6,6
165.096,0.853451,0.0128217,9,1023,0,-85.0636,9.50255,0.692197,0.280441,-0.964845,0.626473,-0.736513,-0.30432,-0.0870876,-0.447458,0.0228088,0.736315,-0.0712673,0.170864,0.41895,0.684732,-0.129599,-0.112025,0.803561,0.238464,-0.807356,0.713701,0.87295,0.157718,-1.22462,0.230587,-0.0345381,-0.708647,0.0962424,-0.46677,-0.768392,1.09941,0.580289,0.108091,0.0345248,0.246728,-0.740128,0.0822599,-0.205011,-0.600796,0.309066,-0.665251,0.124327,0.274388,0.226608,-0.891632,0.282139,0.33779,-0.0158169,0.313682,-0.128509,0.438713,-0.305892,-0.217962,-0.143196,-0.18132,-0.416295,0.0880358,-0.571778,0.0555417,-0.0129804,-0.0115226,0.0324606,0.0804072,0.374911,-0.0708857,0.0418652,-0.464,-0.0491084,0.349224,-0.939637,0.732777,0.480857,-0.669322,0.568805,-0.352281,0.870009,0.190177,0.139784,-1.03758,-0.945976,0.517828,-0.81481,0.635967,-1.02385,0.906488,0.237968,-0.25608,-0.45003,-0.8097,0.538146,-0.434038,0.162525,0.227961,0.401423,-1.16113,0.180497,-0.72279,0.571427,1.23791,-0.0488067,-0.189038,-1.17557,0.090392,0.21549,-0.641097,-1.30619,-0.468196,0.860578,-0.627924,0.937304,-0.655932,0.0765677,0.406891,0.99854,0.0153682,-0.0789149,-0.481698,1.28497,0.0442209,-0.421121,-0.762715,-0.0450629,-0.0622841,-0.791622,0.279078,-1.18703,-0.0189714,0.194991,-0.866612,0.0436453,-0.111127,-0.287478,0.129813,0.211623,-0.184557,-0.390371,0.289956,0.0981273,16.5882,0.517092,0.4889,0.513049,0.505393,0.501543,0.507929,0.499596,0.486954,0.501263,0.496972,0.492576,0.487868,0.502297,0.501985,0.485764,0.495774,0.514304,0.487355,0.484535,0.497205,0.521688,0.495914,0.500612,0.512556,0.498294,0.508271,0.513614,0.480527,0.489718,0.498084,0.499388,0.495628,0.513113,0.498542,0.503633,0.510645,0.494523,0.511787,0.497797,0.495138,0.495984,0.515796,0.495,0.494014,0.50028,0.494441,0.489903,0.506556,0.492292,0.496815,0.499089,0.495317,0.500239,0.507706,0.499254,0.501788,0.504385,0.507166,0.498644,0.498828,0.50841,0.502496,0.491551,0.507469,0.509136,0.501651,0.487186,0.502413,0.499639,0.492584,0.501007,0.495115,0.491958,0.511505,0.506073,0.501131,0.500361,0.502582,0.492254,0.500861,0.497854,0.493712,0.503235,0.493038,0.501301,0.502872,0.502372,0.490669,0.502953,0.503535,0.499834,0.503283,0.5444,0.471127,0.53393,0.514037,0.504018,0.520634,0.498948,0.466079,0.503288,0.492117,0.48068,0.468449,0.505979,0.505169,0.462992,0.488999,0.537182,0.467118,0.45981,0.492724,0.556264,0.489363,0.501594,0.53265,0.49556,0.521523,0.535394,0.449448,0.473252,0.495013,0.498407,0.488618,0.534096,0.496205,0.509458,0.527692,0.485744,0.530656,0.494264,0.487343,0.489546,0.541047,0.486985,0.48442,0.50073,0.485531,0.593064,0.439164,0.571387,0.529665,0.508498,0.543558,0.497774,0.428632,0.506955,0.483331,0.459204,0.43357,0.512645,0.510931,0.422215,0.476744,0.578146,0.430795,0.415621,0.484613,0.617289,0.477512,0.503371,0.568721,0.490609,0.545428,0.574432,0.394323,0.443609,0.489453,0.496631,0.47594,0.571733,0.491973,0.519997,0.558366,0.469874,0.564561,0.487869,0.473247,0.477899,0.586149,0.472493,0.467082,0.501544,0.469425,7.42663,8.98217,6.9432,7.9096,7.59373,7.23275,8.15685,8.41853,8.32172,7.85212,9.45998,9.079,7.55114,8.28089,8.93892,9.27918,7.58438,8.39587,8.55539,8.29198,7.16642,8.62409,8.32004,8.12993,7.77737,8.23789,7.93575,9.82323,8.97438,9.14859,8.16858,9.25109,8.29893,8.43704,8.00907,7.75283,8.69971,7.68826,8.82999,8.62949,8.6201,7.4615,8.41662,8.47236,8.04863,8.70732,4,3,6,2,5,11,10,11,10,4,5,3,9,9,12,6,7,4,5,6,4,7,5,1,4,1,2,2,1,2,22,5,11,9,10,3,1,5,15,10,9,0,3,3,16,7,10,8,6,7,4,5,7,6,6,6,5,4,3,11,12,10,13,7,9,6,4,11,6,3,5,8,4,3,4,1,11,2,3,4,6,2,1,3,2,4,6,2,0,2,1,16,25,24,7,7,12,25,24,2,3,6,2,8,3,2,3,7,13,6,9,12,11,8,9,4,4,7,2,0,0,2,3,1,6,5,6,1,7,21,14,17,8,11,10,8,15,11,12,4,19,17,6,15,15,13,13,3,3,11,5,3,3,4,3,2,11,17,6,11,11,17,8,12,13,16,12,24,15,26,17,12,13,11,8,2,20,18,13,5,6,3,4,3,3,3,5,7,1,4
184.202,0.988911,0.0128217,9,511,0,-94.4493,8.31913,0.480327,0.384335,0.189172,0.379743,-0.916904,0.271689,0.225565,0.0821065,-0.351031,-0.341887,0.487084,-0.120676,0.566005,0.75306,0.544566,0.121374,-0.273297,-0.625051,-0.361437,-0.23609,0.514951,-0.224607,-0.898442,0.486275,-0.164957,-0.661057,-0.216377,0.0671637,-0.106667,0.271139,0.693631,0.153871,-0.33475,0.192384,-0.45281,-0.58597,0.0454116,0.631524,0.0233035,0.599687,0.36198,-0.136497,0.376433,-0.900156,-0.145028,0.0727724,-0.373448,0.0932587,0.271532,-0.08389,0.499832,-0.119953,0.352043,-0.00145565,0.0303112,-0.342522,-0.0665043,-0.766816,0.565755,-0.861951,-0.465935,-0.404515,0.272741,0.892844,-0.0375755,0.102569,-0.0368197,0.368605,0.731267,0.70767,0.504476,-0.568154,0.264299,0.298271,0.446442,0.131116,0.0331918,-1.4863,-1.15288,0.537791,-1.41154,-0.0112381,-0.753613,0.480941,-0.142194,-1.37237,-0.693671,-0.764113,0.580769,-0.992122,0.381276,0.629832,-0.00518273,-1.07018,0.0758273,-0.315238,0.736926,0.46271,0.160646,0.193113,-0.647229,0.185552,0.372254,-0.584,-0.339039,-0.75706,-0.0547542,-0.708409,0.378336,-0.196156,0.11279,0.368991,0.94608,0.873608,0.193665,-0.855406,0.231198,-0.138377,-0.603337,-0.308047,-0.505134,-0.0328511,-0.466476,0.422931,-0.85929,-0.000547457,-0.133986,-0.350056,-0.250476,-0.37796,-0.0693458,0.159141,0.139278,-0.882659,-0.725952,0.275292,0.0453005,26.7402,0.542125,0.58396,0.30605,0.560348,0.550179,0.518319,0.422281,0.424274,0.607041,0.47309,0.623717,0.662033,0.619214,0.527066,0.439298,0.363993,0.420016,0.447496,0.61296,0.450033,0.309562,0.606868,0.463246,0.356584,0.451852,0.514987,0.476209,0.560227,0.65006,0.534292,0.425831,0.542837,0.400282,0.372109,0.510135,0.637343,0.505201,0.630748,0.580102,0.46957,0.583242,0.309235,0.467673,0.516238,0.417406,0.520804,0.498223,0.496433,0.508612,0.497448,0.497881,0.499229,0.503297,0.503212,0.495425,0.501134,0.494683,0.492926,0.494885,0.49886,0.502567,0.505871,0.503395,0.502218,0.495163,0.50211,0.508439,0.495432,0.50155,0.50621,0.502033,0.499369,0.501002,0.497453,0.493484,0.498555,0.503145,0.498193,0.504254,0.505504,0.499573,0.494068,0.499781,0.494367,0.4966,0.501282,0.496464,0.508455,0.501362,0.499316,0.503508,0.499124,0.458353,0.41698,0.691963,0.440333,0.45039,0.48189,0.576846,0.574875,0.394143,0.526604,0.377637,0.339686,0.382095,0.473243,0.560016,0.634531,0.579087,0.551909,0.388285,0.549401,0.688479,0.394314,0.536336,0.64187,0.547602,0.485184,0.52352,0.440453,0.351548,0.466098,0.573335,0.457649,0.59861,0.626496,0.489981,0.364145,0.494858,0.370676,0.420796,0.530084,0.41769,0.688803,0.531959,0.483947,0.581669,0.479433,0.465721,0.431514,0.660524,0.450851,0.459154,0.485103,0.563365,0.561732,0.41251,0.521887,0.398698,0.366634,0.402435,0.477986,0.549438,0.611532,0.565223,0.542743,0.407616,0.540673,0.657512,0.412652,0.529902,0.617723,0.539189,0.487813,0.519349,0.45095,0.376708,0.472103,0.560456,0.465141,0.581448,0.604771,0.491759,0.387352,0.495771,0.392851,0.43468,0.524752,0.432104,0.657792,0.526297,0.486796,0.567364,0.483081,8.42818,8.98705,6.88964,9.1687,8.25049,8.07853,8.21035,7.57042,8.78416,7.8353,9.57489,9.09933,8.63124,8.34691,8.3033,8.15152,7.76835,7.69699,8.59603,8.36159,7.13254,8.78319,8.33438,8.22421,7.7206,8.1078,7.89929,9.72604,9.02919,9.08277,8.2298,9.35995,8.35623,7.83185,8.89751,9.28659,8.62906,9.24885,8.46086,8.3685,8.65222,7.46142,8.45695,8.71819,8.07363,8.3132,1,6,5,2,2,17,13,18,13,4,3,6,9,6,5,3,4,5,7,7,5,4,7,3,4,2,3,1,2,0,9,12,18,13,15,3,2,1,8,13,14,8,7,2,7,8,8,6,3,3,2,0,3,3,2,4,1,1,3,5,1,9,11,1,2,2,6,6,6,7,4,5,5,6,6,11,12,7,6,4,2,2,6,7,7,10,5,4,5,4,3,15,12,17,11,18,13,15,23,7,9,14,13,11,3,8,3,2,3,11,7,6,14,8,24,14,0,2,3,3,1,3,6,7,6,7,7,8,9,3,11,16,32,20,15,23,17,10,16,19,13,10,23,23,21,13,12,0,8,7,4,5,6,11,5,11,9,9,11,12,16,23,22,9,4,9,10,15,10,6,8,10,7,9,5,9,8,11,8,16,15,17,12,14,9,1,3,2,2,2
186.36,0.948606,0.0128217,9,511,0,-113.77,8.72541,0.429671,0.456086,-0.0604098,0.675565,-0.54048,0.244373,0.27524,-0.311784,0.206154,0.026363,0.220549,0.0879604,0.513629,0.0201845,0.326697,-0.315966,-0.51202,-0.122471,0.11401,-0.429153,0.777468,0.359715,-1.18054,0.0288088,0.263658,0.237932,-0.0546608,-0.0769108,-0.158077,0.692793,0.246192,0.0588729,0.365501,0.249692,-0.342276,-0.626836,0.0124774,0.342554,-0.111149,0.279661,0.369853,0.115175,0.0116541,-0.342722,0.488192,0.327982,0.106814,0.0695862,-0.11714,0.0425645,-0.480703,-0.144496,0.0888063,-0.0652213,0.186217,0.0332038,0.375126,-0.295352,0.321949,0.146538,0.841901,-0.0231486,0.780053,1.15387,-0.364834,-0.248839,-0.129955,0.369022,0.232578,0.751166,0.414888,-0.888646,0.414346,0.269078,0.863619,0.502163,0.588495,-1.46885,-0.97845,0.396698,-0.640912,1.23014,-0.835303,1.00753,-0.3559,-0.821921,0.102247,-1.39361,1.18406,-0.248538,0.538198,-0.268933,0.0809611,-1.27471,-0.997939,0.00293288,0.521774,0.885152,0.140403,0.143508,0.324667,0.387851,0.303071,0.0976769,-0.674397,-0.934731,0.242983,-0.225878,0.792445,-0.669715,0.214715,0.311744,0.646363,0.906206,0.366003,0.379538,-0.0828219,0.210238,0.551922,-0.0244881,0.0174589,0.410592,0.694422,0.0439502,0.636028,-0.332402,0.76626,0.413941,0.343784,0.360684,-0.0492001,-0.334213,0.0376516,-0.234678,0.16128,-0.132249,0.177931,17.7989,0.482581,0.685575,0.348953,0.57003,0.578737,0.411018,0.55919,0.507604,0.56328,0.525352,0.643976,0.505822,0.593141,0.40985,0.35645,0.46473,0.532841,0.378672,0.710353,0.602302,0.203884,0.50831,0.575476,0.568208,0.484237,0.477828,0.454526,0.689845,0.570545,0.516976,0.6039,0.571534,0.402528,0.32667,0.503599,0.597549,0.467981,0.57998,0.6051,0.533175,0.503362,0.402404,0.637218,0.593499,0.530773,0.520063,0.50551,0.438693,0.549137,0.477726,0.474917,0.528407,0.481206,0.497595,0.479895,0.491978,0.453289,0.498159,0.470238,0.528787,0.546565,0.511169,0.489603,0.539063,0.42956,0.467238,0.606041,0.497372,0.475971,0.478312,0.504985,0.507014,0.514414,0.437146,0.47756,0.494631,0.466713,0.477242,0.531178,0.556925,0.498862,0.468797,0.510136,0.474515,0.466317,0.489497,0.498937,0.531218,0.45559,0.470121,0.490259,0.493653,0.503544,0.460448,0.531667,0.485667,0.483857,0.518284,0.487907,0.498453,0.487063,0.49484,0.469902,0.498816,0.480842,0.518529,0.530004,0.507185,0.493311,0.525157,0.454512,0.478908,0.568822,0.49831,0.484536,0.486044,0.503207,0.504512,0.509273,0.459443,0.48556,0.496546,0.478569,0.485355,0.52007,0.53671,0.499268,0.479913,0.506521,0.483598,0.478314,0.493243,0.499316,0.520097,0.471389,0.480767,0.493734,0.495917,0.497564,0.527212,0.478222,0.509852,0.511096,0.487432,0.508311,0.501063,0.508892,0.503546,0.520698,0.500814,0.513169,0.487263,0.479367,0.495062,0.504597,0.482704,0.531306,0.5145,0.452544,0.501162,0.510629,0.509592,0.497796,0.496899,0.493627,0.527904,0.509925,0.502374,0.514733,0.510066,0.486203,0.474748,0.500503,0.513808,0.495519,0.511274,0.514908,0.504644,0.50047,0.486185,0.519674,0.513221,0.504307,0.502806,8.56028,8.95692,6.91515,8.14639,8.02309,7.22302,8.11053,7.68386,8.9437,7.76799,9.49681,8.67037,8.09287,8.21231,7.13458,8.63277,8.7985,7.06444,8.69373,8.31893,7.08189,8.68216,8.40438,8.10918,7.57318,7.97015,7.85939,9.80336,8.97858,8.88043,8.32676,9.26885,8.33389,7.19726,7.83013,8.51136,8.63629,8.42611,8.57861,8.20215,8.65872,7.57814,8.49195,8.27599,8.10194,8.73785,2,2,0,3,3,6,8,3,5,8,9,8,45,29,46,26,33,7,15,17,8,11,16,11,13,0,0,0,1,1,7,4,3,9,8,4,3,4,13,10,9,0,1,3,20,15,35,3,2,3,1,0,1,3,2,3,0,0,0,14,22,19,29,2,4,2,1,6,5,7,3,6,4,2,6,3,5,13,1,2,0,1,1,0,0,2,0,8,9,14,5,8,13,10,8,17,20,17,19,5,6,9,4,8,2,4,3,4,3,5,3,3,10,3,4,2,2,1,3,8,3,5,3,1,1,1,2,1,5,7,3,20,8,10,6,8,9,10,10,5,4,6,8,6,8,11,9,6,2,7,10,8,3,4,1,2,7,3,5,2,5,5,3,10,4,3,4,3,6,2,4,6,10,3,1,8,0,2,4,4,9,8,3,6,3,3,4,6,7,10
177.703,0.919143,0.0128217,9,767,0,-110.327,9.24049,0.471496,0.292245,-0.129124,0.489164,-0.921391,0.0529778,0.158486,-0.559882,-0.400476,0.272631,0.337621,-0.0992731,0.829306,1.00732,0.394201,0.0573142,-0.544706,-0.218234,0.146736,-0.739548,0.747995,-0.355622,-1.05051,0.252782,-0.327445,-0.999171,-0.165078,-0.600448,-0.765277,0.964726,0.796775,0.212655,-0.501166,0.322704,-0.33562,-0.524585,-0.11964,0.804327,-0.13392,0.481743,0.160152,-0.350714,0.459217,-0.871865,-0.169345,1.03244,-0.281869,0.0524544,-0.0517347,-0.103126,0.0607801,0.102166,-0.203037,-0.393657,-0.37642,-0.372552,-0.159348,-0.221474,-0.132727,-0.0899258,-0.330459,0.14289,-0.0374842,0.054433,0.352986,-0.388167,-0.0367671,0.370433,-1.47313,0.866693,0.177701,-0.381854,0.475551,0.26179,0.696214,0.388348,0.578985,-1.7862,-1.11199,0.889749,-0.539012,0.0188869,-0.501605,0.950557,-0.143608,-1.05388,-0.899162,-0.849483,1.03594,0.229128,0.0897212,0.789684,0.600815,-1.41551,-0.812557,-0.0354697,0.693426,0.850988,0.469871,0.35271,-0.959489,0.106565,0.641207,-1.23895,-0.611001,-0.694131,0.376593,-0.49757,0.763237,-1.02569,-0.290666,0.625282,1.0333,0.664578,0.334908,-0.110528,0.50664,-0.0863575,0.245175,-0.0547249,0.0705539,0.0631721,0.361434,-0.115801,0.152275,0.0196993,0.234296,0.0357273,-0.00748289,-0.325198,0.122784,0.400675,0.237352,-0.0394854,-0.251505,0.0917252,0.172624,14.9348,0.498243,0.506656,0.487464,0.500721,0.502157,0.492382,0.49455,0.50371,0.504594,0.498649,0.511283,0.513704,0.505364,0.50078,0.492588,0.49703,0.501997,0.489937,0.510177,0.495161,0.485708,0.50344,0.495544,0.486406,0.497754,0.49183,0.489587,0.513125,0.510841,0.502894,0.49318,0.504391,0.495433,0.492862,0.498372,0.510944,0.498178,0.506555,0.502179,0.495228,0.506249,0.488138,0.497696,0.514046,0.496164,0.500714,0.488607,0.54306,0.4194,0.504675,0.513982,0.450753,0.464718,0.52404,0.529759,0.49124,0.572665,0.587967,0.534731,0.505058,0.452079,0.480751,0.512946,0.435106,0.565627,0.468659,0.408344,0.522292,0.471136,0.412729,0.485437,0.44721,0.432875,0.58432,0.569853,0.518757,0.455889,0.528447,0.470417,0.453839,0.489444,0.570506,0.488184,0.54241,0.514129,0.46909,0.540436,0.423663,0.48506,0.590114,0.475147,0.504629,0.501275,0.495171,0.509094,0.499477,0.498436,0.505527,0.503953,0.497309,0.496667,0.50098,0.491814,0.490058,0.496109,0.499434,0.505377,0.502154,0.498552,0.5073,0.492617,0.50351,0.510368,0.497505,0.503232,0.509862,0.50163,0.505927,0.507554,0.490478,0.492135,0.497901,0.504947,0.496815,0.503313,0.505178,0.501181,0.492061,0.501322,0.495245,0.498419,0.503462,0.495467,0.508606,0.501672,0.48981,0.502782,0.499482,0.508118,0.469282,0.557676,0.496669,0.490036,0.535145,0.525159,0.482865,0.478784,0.506242,0.448045,0.437,0.475234,0.496396,0.534196,0.513718,0.490775,0.546366,0.453107,0.522345,0.56567,0.484111,0.520577,0.562496,0.510378,0.537682,0.54797,0.439638,0.450069,0.486632,0.53147,0.479721,0.52109,0.532936,0.507522,0.449599,0.50842,0.469747,0.489932,0.522037,0.471158,0.554601,0.510646,0.435446,0.517715,0.496702,8.06712,9.00912,6.92896,7.98123,8.04302,7.3018,8.2051,8.1608,8.54874,7.77704,9.60154,9.23947,8.28624,8.2595,8.0563,8.52078,8.35177,7.11648,8.6512,8.25138,7.11672,8.4612,8.16651,8.2158,7.70914,7.91454,7.74453,9.68372,9.02238,8.9654,8.10122,9.29303,8.39966,7.96312,7.8031,9.3342,8.72421,9.00146,8.69932,8.14251,8.67419,7.60493,8.44358,9.68334,8.05199,8.25449,3,3,4,2,1,3,8,4,10,8,2,6,11,17,18,17,15,2,5,7,6,7,7,7,9,0,2,0,0,1,9,4,14,14,8,5,5,0,9,16,9,2,4,3,7,13,18,1,3,1,1,2,1,5,2,0,4,0,1,10,20,11,10,12,9,4,8,9,2,1,5,9,6,4,3,3,17,9,1,2,1,2,2,2,3,4,3,5,9,4,9,14,5,19,8,11,21,24,12,10,18,10,4,6,4,3,8,6,5,4,1,3,7,7,17,16,1,0,1,6,5,9,1,1,3,1,0,0,7,10,4,14,2,10,6,10,11,7,10,9,8,14,5,15,12,12,11,4,3,4,11,7,1,2,0,1,4,4,6,11,6,8,7,10,9,24,8,15,7,3,9,13,10,7,12,11,9,9,14,8,3,13,4,20,14,9,5,7,4,3
181.373,0.997503,0.0128217,8,255,0,-112.065,8.72891,0.588135,0.20983,0.41297,0.300912,-0.627672,-0.495199,0.373366,-0.108322,-0.318951,0.835485,0.837103,0.0735483,0.476238,0.715887,0.198123,0.101703,-0.0155365,0.772291,-0.544933,0.329908,0.655361,-0.258074,-0.737945,0.499849,-0.382856,-0.769167,-0.142096,-0.517622,-0.576074,0.522842,0.659182,-0.0393103,-0.367443,0.116581,-0.371459,0.617335,-0.637766,-1.22639,-0.273997,-0.289257,-0.322532,-0.101611,0.354067,-0.694845,-0.120407,0.382029,0.126782,0.714392,-0.326135,-0.196795,-0.144685,0.146451,-0.235188,-0.245277,-0.425714,-0.143208,-0.0320283,0.000334355,0.123204,0.0158213,-0.455337,-0.112142,0.126742,0.638,1.10237,-0.498907,-0.0321061,0.37037,0.228965,0.564449,0.268215,-0.695281,0.441161,-0.1341,0.597159,0.328123,0.435473,-0.670779,-0.648385,0.750453,-0.811139,0.121443,-0.298067,0.952571,0.421694,-0.735038,-0.714686,-0.830237,1.0215,-0.236786,0.0156974,0.609134,0.663969,-0.877195,-0.624878,-0.0419543,0.513029,0.825662,-0.258094,-0.0931208,-1.48892,-0.0751253,0.274203,-0.814363,-0.464962,-0.843215,0.593841,-0.712065,0.948891,0.0867875,0.129557,0.325007,0.785951,0.314687,0.0338642,0.174008,-0.671539,-0.387951,0.207332,-0.203015,0.0479503,0.102528,-0.253407,-0.298455,0.000297518,0.0787292,0.367288,-0.141193,-0.0148223,-0.393585,-0.0846836,-0.00626484,0.0789251,0.0532432,-0.0823644,-0.0330732,0.147568,21.2501,0.56549,0.547849,0.401203,0.421666,0.559272,0.48273,0.449302,0.630192,0.630432,0.511729,0.575381,0.61224,0.531559,0.516216,0.497522,0.620747,0.413948,0.552427,0.603033,0.45893,0.384425,0.579057,0.439236,0.379722,0.477351,0.418182,0.409137,0.582629,0.603617,0.49373,0.44166,0.518586,0.441028,0.597211,0.399657,0.313795,0.456408,0.453994,0.448737,0.483799,0.556235,0.390952,0.480805,0.560634,0.520211,0.612013,0.611886,0.582177,0.333604,0.366818,0.601469,0.470183,0.412994,0.715249,0.715612,0.520258,0.628314,0.687654,0.554385,0.527999,0.495718,0.700851,0.354179,0.589931,0.673147,0.429353,0.307147,0.634372,0.396026,0.299872,0.460919,0.361096,0.346367,0.640231,0.674073,0.489168,0.400098,0.532085,0.399035,0.663858,0.331135,0.205554,0.425057,0.420952,0.412037,0.472026,0.596358,0.31735,0.466865,0.603756,0.534883,0.6873,0.505497,0.504005,0.491646,0.493409,0.50497,0.498558,0.495755,0.511119,0.511141,0.500979,0.506339,0.509528,0.502637,0.501354,0.499793,0.510278,0.492747,0.504391,0.508722,0.496565,0.490179,0.506653,0.494904,0.489763,0.498109,0.49311,0.492333,0.506959,0.508773,0.499477,0.495109,0.501552,0.495056,0.508216,0.491512,0.483682,0.496353,0.49615,0.495707,0.498647,0.504713,0.490752,0.498397,0.505085,0.501688,0.509508,0.491497,0.493804,0.512922,0.510195,0.492313,0.50223,0.506567,0.482803,0.48277,0.498486,0.490195,0.485263,0.495921,0.497906,0.50032,0.484103,0.511219,0.493207,0.486509,0.505314,0.51519,0.489709,0.507883,0.515833,0.502926,0.510657,0.51186,0.489236,0.48643,0.500809,0.507565,0.497599,0.507648,0.487291,0.513129,0.525231,0.505642,0.505956,0.506641,0.502092,0.49271,0.514304,0.502479,0.492134,0.497389,0.485294,8.65235,8.99948,6.94112,6.95529,8.33829,7.66305,8.18405,8.97109,9.23226,7.91862,9.63869,9.06862,8.09347,8.21717,8.60942,10.0437,7.31368,8.27775,8.72722,8.2691,7.04998,8.77267,8.04121,8.1538,7.61563,8.0352,7.95475,9.67654,8.99144,8.91766,8.11646,9.18067,8.45253,9.43744,6.75934,6.90767,8.70178,8.1717,8.30595,8.43466,8.57043,7.61168,8.46208,9.16635,8.11472,9.06659,1,2,5,2,5,5,8,5,3,8,2,3,13,19,18,22,12,15,8,11,8,12,7,1,7,0,1,2,4,2,9,5,9,9,7,2,5,5,2,5,5,1,4,6,9,22,10,3,8,1,2,3,1,4,6,3,2,2,1,22,11,24,18,7,3,5,4,3,3,3,7,9,4,5,3,4,3,2,1,1,2,1,4,3,1,2,4,8,5,8,8,9,17,17,14,13,22,11,14,5,2,1,4,2,2,1,2,4,3,8,6,5,4,2,9,6,3,1,1,8,9,5,4,2,1,3,3,0,22,16,6,10,7,9,18,8,15,14,9,4,5,5,13,7,12,12,12,6,6,5,5,7,6,8,6,8,10,3,5,5,4,5,6,12,14,5,6,7,9,10,1,5,7,9,11,14,10,14,4,6,3,8,3,3,10,9,4,5,0,7
200.2,0.977238,0.0128217,8,255,0,-125.474,9.52255,0.457305,0.234166,-0.619257,0.40389,-1.06777,0.38683,-0.140352,0.402656,-0.116712,-1.2893,0.0298835,-0.243294,0.717196,0.812604,-0.00698701,-0.0126568,-0.680795,0.457911,-0.226957,-0.593381,0.583247,0.0364954,-1.11248,0.218892,-0.324912,-0.566971,-0.449785,-0.503282,-0.591946,0.416024,0.643628,0.14411,-0.14327,-0.127035,-0.377965,-0.658402,0.500271,0.229406,-0.263038,1.10529,0.239512,-0.315872,0.366716,-1.09411,0.0857954,-0.374041,-0.389031,0.0360079,0.275144,0.00538627,-0.0848459,-0.122186,0.0719805,0.185892,0.271405,0.040635,0.0596763,-0.487028,0.211114,0.203325,0.0374848,0.039508,0.198648,0.324571,0.159551,-0.309542,-0.141768,0.339907,1.38887,0.685029,0.214147,-0.496783,0.338207,0.569479,0.635111,0.408615,0.0812031,-1.46093,-0.112699,0.829172,-0.573569,0.711428,-0.685098,1.08486,0.0699199,-0.535617,-0.470373,-0.632917,0.897496,-0.537693,0.387129,0.308923,0.121074,-0.633982,-0.48007,-0.280591,0.838262,0.995779,0.174975,0.369215,-0.606197,0.127086,0.752244,-0.328423,-1.26566,-0.389441,0.429463,-0.424588,0.628593,-1.16002,-0.0273948,0.763108,1.033,0.455173,0.210946,0.00939168,0.886625,0.327736,-0.23202,0.00141134,0.0492653,-0.0583074,0.178284,0.274621,0.00537833,-0.0515416,0.146073,0.123791,0.20282,-0.0789625,-0.0478892,0.0024309,0.0143596,-0.00416519,-0.918442,0.030259,0.0600546,20.3209,0.44992,0.532726,0.414215,0.531347,0.488613,0.532626,0.490531,0.396883,0.502425,0.480269,0.557934,0.565557,0.499433,0.498973,0.444982,0.537088,0.481592,0.452,0.547185,0.502961,0.410699,0.517754,0.47366,0.454124,0.463568,0.459253,0.452115,0.533706,0.552037,0.511691,0.488377,0.489694,0.469369,0.446778,0.540504,0.518606,0.478669,0.588737,0.519425,0.474392,0.529721,0.412142,0.506961,0.469687,0.468475,0.502922,0.475319,0.516105,0.457512,0.515425,0.494402,0.516056,0.495345,0.448753,0.501192,0.490297,0.528576,0.532368,0.499721,0.499495,0.472871,0.518257,0.490948,0.476349,0.523248,0.501456,0.455742,0.50873,0.487043,0.4774,0.482067,0.479936,0.476406,0.516588,0.52565,0.505748,0.494286,0.494933,0.484928,0.473762,0.519944,0.50915,0.48951,0.543974,0.509552,0.487403,0.514623,0.456469,0.503422,0.485085,0.484487,0.501436,0.500645,0.499579,0.501112,0.499597,0.500146,0.499581,0.500122,0.501343,0.499969,0.500253,0.499253,0.499154,0.500007,0.500013,0.500709,0.499523,0.500236,0.500618,0.499393,0.499962,0.501158,0.499772,0.500338,0.50059,0.500468,0.500524,0.500616,0.499567,0.49933,0.49985,0.500149,0.500132,0.500394,0.500686,0.499479,0.499761,0.500274,0.498849,0.499751,0.500329,0.499618,0.501139,0.499911,0.500389,0.500405,0.499963,0.638475,0.408311,0.727243,0.412102,0.532182,0.408585,0.526773,0.765693,0.493139,0.555632,0.341031,0.321622,0.501604,0.502906,0.651416,0.396382,0.551924,0.632972,0.369193,0.491621,0.735313,0.449909,0.574054,0.627319,0.601831,0.613544,0.632665,0.405622,0.356374,0.466959,0.532849,0.529135,0.585924,0.646732,0.387112,0.44752,0.560104,0.265974,0.445226,0.572023,0.416585,0.732016,0.480311,0.585049,0.588387,0.491733,7.65897,9.0524,6.97792,8.57361,7.93537,8.49611,8.19913,6.74936,8.32928,7.82906,9.46196,9.13746,8.07309,8.28535,7.61668,9.19426,8.06404,7.46757,8.68258,8.35735,7.14989,8.52446,8.29979,8.16001,7.61584,7.88325,7.7917,9.72469,8.96303,8.87022,8.1717,9.3753,8.33109,7.95546,8.69074,8.87222,8.75475,9.77643,8.6503,8.30913,8.67711,7.50575,8.40826,7.9334,8.04753,8.3356,1,8,1,3,0,15,12,4,9,5,9,8,3,7,8,7,11,3,8,9,7,3,11,5,5,1,0,0,3,3,14,9,8,11,13,2,4,5,9,11,3,6,1,3,22,8,23,10,8,9,3,1,8,6,2,2,4,1,1,9,18,9,17,1,1,4,4,9,6,3,10,7,6,6,4,4,8,4,1,2,3,3,1,5,2,3,3,3,3,3,2,15,22,8,4,11,5,16,11,4,1,4,2,5,5,2,0,3,4,10,4,5,6,12,10,5,4,2,1,0,0,1,3,3,4,3,3,2,11,3,8,11,9,16,11,9,16,17,15,12,8,10,18,21,7,18,11,4,4,5,7,5,3,3,2,0,4,3,1,15,14,26,13,10,14,19,14,10,3,9,18,11,8,13,6,12,6,12,10,4,6,9,5,5,2,4,1,4,6,4
191.472,0.567896,0.0128217,8,255,0,-111.296,9.66945,0.551363,0.213856,0.338058,0.420705,-0.86059,0.265586,-0.83158,0.610905,0.0310464,0.333577,0.610312,-0.288802,0.63785,0.606025,-0.328367,-0.14031,-0.159581,-1.27597,-0.0990082,0.777089,0.488073,0.145533,-0.928213,0.354941,-0.0624545,-0.918824,-0.304875,-0.0228478,-0.224467,0.436919,0.501004,0.424781,0.19834,0.00955656,-0.22733,-0.184402,0.108902,-1.027,-0.124041,-0.162693,0.460836,-0.0191729,0.231519,-0.794402,0.222103,-0.370683,-0.366626,0.673379,-0.122173,-0.00659997,0.290705,-0.270198,-0.145633,-0.25283,0.0585164,0.0222797,-0.117286,-0.633944,0.229011,0.29447,0.070171,0.227245,0.07598,0.596463,-0.618861,-0.355401,-0.111677,0.373841,0.381263,0.688131,0.0989682,-0.72119,0.728468,0.0816875,0.734756,1.0527,0.311258,-1.07806,-0.944835,0.493811,-1.17898,0.844267,-0.519829,1.03709,0.46225,-0.091619,-0.105949,-1.37274,0.830053,-0.450031,0.399477,0.123572,0.536551,-0.52616,-0.0564624,-0.0550569,0.774163,0.740421,-0.590365,-0.0684981,-0.374025,0.120036,0.631582,-0.352551,-1.1112,-0.959491,0.727992,-0.773852,1.00008,-0.477124,0.204098,0.28463,1.05236,0.547366,0.733214,-0.395995,-0.0448035,-0.236042,-0.044846,-0.225519,-0.0400244,0.000196298,-0.0599331,-0.0400143,-0.0310707,0.176948,0.190561,0.0804804,-0.247484,-0.0413564,0.0466421,-0.19917,0.0585257,-0.296176,-0.509675,0.173505,0.13365,18.4266,0.55024,0.562407,0.374418,0.53952,0.378479,0.590101,0.504629,0.549578,0.590015,0.457041,0.593983,0.589397,0.451191,0.47909,0.476222,0.318414,0.485241,0.613845,0.57227,0.521688,0.365019,0.552731,0.490688,0.366318,0.454663,0.496593,0.466578,0.564785,0.574157,0.563005,0.529541,0.501425,0.466153,0.47253,0.516233,0.351474,0.481512,0.475759,0.568289,0.497141,0.534468,0.38371,0.533071,0.444949,0.445547,0.599083,0.447887,0.435276,0.630086,0.459002,0.625892,0.406594,0.495197,0.448573,0.406682,0.544563,0.402577,0.407322,0.550629,0.521695,0.52467,0.687756,0.515313,0.382037,0.425057,0.477499,0.639786,0.445305,0.509661,0.638446,0.547029,0.503535,0.534673,0.432811,0.423102,0.434656,0.469352,0.498521,0.535114,0.528499,0.483158,0.653751,0.519182,0.52515,0.429181,0.502966,0.464242,0.620489,0.465691,0.5571,0.556481,0.3973,0.47499,0.46889,0.563379,0.480345,0.561264,0.454889,0.497701,0.475321,0.454933,0.521371,0.452911,0.455248,0.524294,0.510388,0.511814,0.593369,0.50733,0.442714,0.463924,0.489226,0.568299,0.473743,0.504624,0.567617,0.522559,0.501692,0.516614,0.467694,0.462972,0.468589,0.485318,0.499292,0.516826,0.51365,0.491937,0.575462,0.509183,0.512044,0.465931,0.50142,0.482864,0.558551,0.483561,0.527419,0.52712,0.450305,0.457031,0.446599,0.60793,0.466211,0.604401,0.422782,0.496044,0.457598,0.422856,0.536732,0.419434,0.423389,0.541743,0.517871,0.520322,0.657085,0.512613,0.402259,0.438129,0.481465,0.616114,0.454897,0.507957,0.614982,0.538769,0.502911,0.52857,0.444557,0.436507,0.446085,0.474749,0.498782,0.528934,0.523479,0.486127,0.627951,0.5158,0.520718,0.441549,0.502443,0.470534,0.599861,0.47173,0.547092,0.54658,0.415031,8.75453,9.03885,7.09276,8.34649,7.12679,8.83121,8.17087,8.50373,9.07601,7.76676,9.38745,9.07096,7.71995,8.18805,7.94506,7.13277,8.23697,9.02676,8.68632,8.30648,7.25902,8.7745,8.46688,8.12288,7.74774,8.14092,7.90213,9.70647,8.94708,9.13605,8.36901,9.19307,8.364,8.32244,8.16097,7.33012,8.68739,8.34815,8.71338,8.51815,8.62846,7.60253,8.39715,7.69523,8.06063,9.15029,5,0,2,5,5,9,8,13,10,2,4,4,8,13,7,12,19,9,6,9,12,9,2,5,4,1,4,2,1,2,17,13,6,14,2,0,1,1,5,15,9,6,5,3,13,11,6,9,7,10,2,2,4,2,0,0,1,1,5,10,12,13,16,1,2,2,7,9,7,7,10,3,16,10,5,10,16,14,0,2,1,8,2,5,7,4,1,2,0,4,3,18,5,10,20,13,11,27,8,1,2,3,6,1,3,4,1,3,8,4,3,2,7,7,7,4,2,7,1,1,0,1,4,0,4,4,0,2,9,7,5,12,10,8,15,10,12,17,20,20,12,10,11,7,10,10,7,5,1,6,2,0,5,1,0,1,9,7,9,9,2,6,3,11,6,16,13,8,5,10,9,12,10,10,7,16,10,17,11,8,4,5,6,9,10,5,4,4,5,2
174.024,0.971674,0.0128217,8,255,0,-108.688,9.78636,0.53386,0.403133,0.339886,0.664093,-1.23931,0.708722,-0.910139,0.65274,0.192376,0.642076,0.0733402,-0.344042,0.879081,0.485007,-0.237565,-0.149273,-0.315912,-1.68454,-0.530486,0.364237,0.244235,0.195831,-1.09403,0.3804,-0.205606,-0.851786,-0.589132,-0.170408,-0.484745,0.156392,0.664792,0.257353,-0.0955744,-0.238495,-0.225887,0.15762,-0.255191,-0.390647,-0.0414803,-0.23419,-0.136223,0.300736,0.357956,-0.745618,0.363084,-0.753963,-0.554806,0.199897,0.16737,-0.0266587,0.427744,-0.30098,0.109875,-0.260493,0.272469,-0.301485,-0.134123,-0.638712,0.422456,0.325779,0.144142,0.0901545,0.254587,0.326416,-0.185402,-0.217546,-0.195563,0.363301,1.06087,0.681538,0.151681,-1.38955,0.460464,0.118357,0.644194,0.578497,0.0583669,-1.6016,-0.449922,0.622571,-0.925249,0.879172,-0.360973,0.894225,0.43745,-0.347885,-0.176717,-1.63483,0.887219,-0.220791,0.249391,0.0785307,0.321193,-0.577621,-0.200926,-0.429082,0.602561,0.727186,-0.403805,-0.509874,-0.235715,0.293913,0.427383,-0.673913,-0.718481,-0.728425,0.503277,-0.604202,0.990158,-0.36637,0.0856845,0.534136,0.89697,0.570886,0.682943,-0.339619,0.406969,-0.218884,-0.0969958,-0.0704093,-0.117812,0.0593346,0.325002,0.0370282,-0.33641,-0.234523,0.0482589,-0.0670875,0.0429583,-0.105284,0.234526,-0.221715,0.0291123,-0.327448,-0.225901,0.0468736,0.085891,18.1196,0.527708,0.553981,0.400224,0.557578,0.42627,0.553066,0.515694,0.552205,0.505985,0.471954,0.571248,0.539496,0.480623,0.487821,0.474243,0.365897,0.456818,0.529688,0.51992,0.515975,0.411659,0.531002,0.483228,0.430935,0.452072,0.486098,0.460525,0.512759,0.554038,0.520989,0.492201,0.480548,0.481575,0.51286,0.479187,0.468165,0.496615,0.480898,0.488885,0.524522,0.529177,0.439453,0.529594,0.438782,0.454849,0.516307,0.484251,0.469258,0.557191,0.467198,0.542086,0.469782,0.491084,0.470275,0.496601,0.515941,0.459344,0.477535,0.51101,0.506918,0.514639,0.577451,0.524569,0.483124,0.488682,0.490924,0.550536,0.482376,0.509529,0.539399,0.527279,0.507898,0.522453,0.492752,0.469225,0.488074,0.50443,0.511053,0.510468,0.492695,0.511826,0.518099,0.501923,0.510853,0.506314,0.486064,0.483415,0.534505,0.483177,0.53489,0.525693,0.490736,0.472205,0.445849,0.600082,0.442242,0.573959,0.446768,0.484257,0.447631,0.493997,0.528134,0.42853,0.46038,0.519438,0.512217,0.525838,0.634506,0.543318,0.470218,0.480017,0.483974,0.588614,0.4689,0.516825,0.56928,0.548079,0.513946,0.539599,0.4872,0.445793,0.478945,0.507823,0.519514,0.518483,0.4871,0.520878,0.531936,0.503396,0.519162,0.51115,0.475401,0.470731,0.560736,0.470312,0.561409,0.545293,0.483642,0.480814,0.462565,0.569537,0.46006,0.55122,0.463203,0.489137,0.463802,0.495858,0.51942,0.450516,0.472636,0.513413,0.508429,0.517834,0.594003,0.529924,0.479441,0.48621,0.488942,0.561473,0.47853,0.51161,0.547957,0.533222,0.509623,0.527349,0.491169,0.462526,0.48547,0.505397,0.513466,0.512754,0.491099,0.514408,0.522048,0.502343,0.513223,0.507693,0.483022,0.479795,0.54201,0.479506,0.542478,0.531292,0.488713,8.63467,9.0207,6.96652,9.04312,7.30699,8.92466,8.32831,8.91363,8.35875,7.89284,9.53864,8.78489,8.00307,8.12829,7.80212,6.88609,7.73369,8.62605,8.50183,8.33188,7.15058,8.67661,8.12044,8.12517,7.63916,8.14942,7.82404,9.80602,8.97096,8.89518,8.03021,9.3975,8.39492,8.49646,8.04535,7.92889,8.72575,8.09085,8.18481,8.64461,8.65338,7.56151,8.50502,7.34874,8.11117,8.48976,1,3,1,1,1,12,8,5,13,8,9,9,15,7,8,8,9,6,9,16,7,9,8,0,8,2,0,1,4,2,6,6,13,9,13,0,0,2,18,5,6,2,7,6,15,16,7,5,7,3,5,2,3,0,3,1,1,0,0,16,19,11,10,2,6,5,3,7,5,3,2,2,4,9,6,8,9,10,1,4,3,2,1,3,1,4,0,0,4,8,5,13,10,16,9,16,9,20,10,5,1,3,2,4,4,5,1,5,3,3,2,1,6,8,5,8,2,1,2,3,4,2,5,2,2,3,1,2,4,4,13,10,19,16,6,13,14,7,11,22,11,11,13,16,13,23,17,3,1,2,6,0,8,6,1,1,6,6,6,12,8,12,9,16,5,6,6,14,10,20,8,9,5,12,8,3,12,5,5,11,3,4,11,8,10,14,3,2,7,2
178.627,0.839421,0.0128217,8,511,0,-110.115,9.77102,0.546879,0.308882,-0.314535,0.577854,-1.0922,0.689692,-0.580551,0.386409,0.0370388,0.809511,-0.447898,-0.403126,0.680201,0.464596,-0.020545,0.0522034,0.00649847,-1.77579,0.0692874,0.544725,0.590543,0.184489,-1.05993,0.352648,-0.0153308,-0.836566,-0.469049,-0.220347,-0.418776,-0.0907554,0.693402,0.350662,0.239259,-0.38095,-0.37392,0.107667,-0.25008,-0.217013,-0.233257,-0.353834,-0.168108,0.239621,0.432175,-0.813998,0.256369,-0.763784,-0.421323,-0.716381,0.00769397,0.137082,0.477131,-0.138709,0.308769,-0.250652,0.389951,-0.0781047,0.0753838,-0.635863,0.769455,0.424476,0.179913,0.0684878,0.482612,0.304946,-0.366758,-0.237714,-0.19128,0.355971,1.01466,0.682572,0.174205,-0.955131,0.548456,0.213497,0.197304,0.523307,-0.0386202,-1.04169,-0.39249,0.590599,-1.06857,0.659202,-0.516663,0.734616,0.480251,0.0763212,-0.340615,-1.41989,0.720045,-0.103175,0.135681,-0.0304763,0.362549,-1.0234,-0.306114,-0.461111,0.482825,0.732432,-0.190016,-0.513426,-0.493303,-0.0456527,0.289921,-0.569069,-0.889506,-0.597876,0.556671,-0.997707,1.02216,-0.997251,0.0507369,0.567554,1.0679,0.804352,0.508876,-0.0345341,0.513536,-0.234494,-0.102871,-0.184924,-0.139703,-0.241074,0.276614,-0.0992215,-0.311441,-0.0462445,0.260891,0.0516209,0.0549637,-0.0757209,-0.201077,-0.1462,0.0665055,-0.269675,-0.675639,0.0424595,0.0900872,19.4168,0.476039,0.54394,0.417496,0.552387,0.455856,0.529424,0.502824,0.561403,0.465907,0.469306,0.551671,0.53536,0.498434,0.50398,0.500495,0.367834,0.505282,0.541433,0.5449,0.514061,0.419891,0.526859,0.498831,0.436567,0.464302,0.483208,0.468117,0.493082,0.552667,0.526708,0.518232,0.47099,0.471524,0.508207,0.480944,0.483462,0.482225,0.473051,0.487187,0.51826,0.5329,0.43826,0.519535,0.442034,0.467924,0.445602,0.528808,0.447214,0.598826,0.437098,0.55303,0.46463,0.496604,0.426317,0.540975,0.536895,0.437954,0.457504,0.501884,0.495214,0.499404,0.6573,0.493647,0.45022,0.446064,0.483091,0.595979,0.467711,0.501406,0.576108,0.542901,0.520193,0.538322,0.508321,0.436763,0.467892,0.478076,0.534872,0.534231,0.490129,0.522914,0.519887,0.521374,0.532397,0.515409,0.478043,0.460457,0.574086,0.476511,0.569577,0.538554,0.565309,0.521193,0.46112,0.573107,0.453635,0.53906,0.473972,0.497503,0.44564,0.53016,0.527151,0.45427,0.468718,0.501385,0.496481,0.499562,0.617484,0.495329,0.463341,0.46027,0.487565,0.570976,0.476243,0.501034,0.556162,0.531581,0.514851,0.528203,0.506118,0.453387,0.476376,0.483875,0.525661,0.525188,0.492742,0.516854,0.514627,0.515721,0.523837,0.511332,0.483851,0.470896,0.554659,0.482723,0.551312,0.528375,0.548148,0.552929,0.403616,0.676544,0.385568,0.596823,0.4351,0.493744,0.366575,0.575082,0.567674,0.387088,0.422163,0.50347,0.491183,0.498902,0.768488,0.488299,0.409015,0.401554,0.468878,0.671754,0.440715,0.50259,0.637659,0.578571,0.53715,0.570267,0.515325,0.384974,0.441045,0.459675,0.563993,0.562825,0.481822,0.542141,0.53659,0.539318,0.559483,0.528365,0.459614,0.427516,0.634128,0.456805,0.626222,0.570689,0.618695,7.86467,8.96774,7.03989,9.03752,7.58004,8.60185,8.19768,9.04876,7.72375,7.76748,9.46379,8.68804,8.17178,8.25225,8.16541,6.87129,8.2703,8.76912,8.81752,8.35352,7.07752,8.56976,8.34093,8.08228,7.69783,7.96119,7.75151,9.7562,8.92973,9.11566,8.4114,9.31516,8.34991,8.47092,8.04449,8.12778,8.61836,7.9832,8.0164,8.61037,8.65379,7.49714,8.42948,7.35156,8.05713,7.44015,1,1,1,1,0,6,9,2,4,6,5,8,5,4,12,2,14,14,7,10,10,4,4,2,4,2,0,0,5,9,12,6,12,6,5,4,2,2,13,14,7,5,6,2,10,11,14,6,5,6,5,3,2,3,2,4,1,2,4,13,12,19,13,6,2,6,5,4,7,1,5,4,5,5,5,6,6,8,3,0,1,2,8,1,4,4,3,3,3,2,3,21,25,6,12,5,12,16,8,3,3,2,5,4,3,2,2,8,3,2,5,10,4,4,10,6,5,2,1,2,0,0,0,2,2,2,1,5,19,12,12,9,8,21,12,6,13,13,15,12,14,10,14,17,11,21,10,1,2,4,4,3,3,1,1,0,9,6,4,13,7,7,7,6,12,12,11,15,10,6,8,10,19,9,13,3,11,5,14,10,17,11,8,6,5,9,6,0,4,4
168.596,0.739518,0.0128217,8,255,0,-112.355,8.78936,0.50635,0.254424,-0.117976,0.498334,-0.526628,-0.938374,0.37651,-0.0732249,-0.0565001,-0.632408,-0.178071,0.199645,0.266375,0.658491,0.572507,-0.445451,-0.186289,1.14562,-0.441316,-0.471806,1.04842,0.0890595,-1.3447,-0.113598,-0.0250822,-0.882727,0.174957,-0.36699,-0.544959,0.73988,0.223209,-0.188541,0.149469,0.188609,-0.748046,-0.30704,0.132137,0.670765,-0.129303,0.928382,0.655777,-0.218559,-0.0320401,-0.760534,0.253139,0.637959,0.46383,0.829071,0.0221545,-0.243154,0.230582,-0.121876,0.182977,0.127898,-0.211273,-0.641376,0.165706,-0.138152,0.290618,-0.197858,0.383248,-0.375759,0.731642,0.395545,0.539692,-0.383999,-0.0439727,0.365247,-0.2431,0.65946,0.283809,-0.599416,0.386077,-0.264504,0.229835,-0.0957605,0.217344,-0.631116,-1.30477,0.583697,-0.789456,0.0372385,-0.767299,0.498387,-0.624001,-1.34401,-0.70158,-0.821626,0.60297,-1.12275,0.390851,0.561585,-0.641519,-0.297311,-0.218747,-0.454267,0.977542,1.16089,-0.0224242,0.200877,-1.21536,0.304277,0.414679,-0.607056,-0.561237,-1.04432,0.517555,0.0322709,0.566811,0.266766,0.48643,-0.040243,1.19296,0.199319,0.0663582,-0.819406,-0.161597,0.262411,-0.0166451,0.129553,-0.0913426,0.198071,-0.368382,0.234151,0.392868,0.139021,0.0728219,-0.0678175,0.0575538,0.060919,0.162806,0.410893,0.118429,-0.362407,-0.643489,0.377493,0.113177,20.9886,0.488336,0.549119,0.448111,0.408259,0.537163,0.49276,0.494413,0.437788,0.482399,0.519732,0.526316,0.56475,0.556372,0.456065,0.481587,0.611386,0.45647,0.45348,0.602213,0.508806,0.370077,0.488769,0.49752,0.413587,0.517294,0.463773,0.446319,0.572646,0.522058,0.481365,0.514776,0.518642,0.426564,0.469675,0.513064,0.565943,0.487217,0.590786,0.564486,0.478401,0.496832,0.425356,0.525011,0.562753,0.545738,0.581257,0.484088,0.566834,0.42942,0.37603,0.550626,0.490122,0.492377,0.415492,0.475993,0.526911,0.535878,0.587922,0.576636,0.440186,0.474887,0.649827,0.440736,0.436684,0.637799,0.512014,0.326134,0.484678,0.496616,0.383102,0.523588,0.450646,0.426998,0.598521,0.53008,0.474583,0.520156,0.525426,0.40042,0.458668,0.517821,0.589526,0.482561,0.622704,0.587567,0.470546,0.495677,0.398803,0.534101,0.585235,0.562257,0.610031,0.510687,0.454972,0.547569,0.584208,0.46594,0.506634,0.505119,0.557048,0.516128,0.48192,0.475885,0.440621,0.448315,0.540271,0.516872,0.397671,0.539899,0.542643,0.406138,0.491932,0.619477,0.510291,0.502272,0.579301,0.484154,0.533201,0.549214,0.433364,0.479788,0.517076,0.486461,0.482918,0.567362,0.52779,0.48803,0.439525,0.511713,0.416672,0.440864,0.519791,0.502903,0.568473,0.477081,0.442456,0.458075,0.425445,0.51897,0.420512,0.583918,0.646533,0.439725,0.511778,0.509088,0.600356,0.528615,0.467927,0.457252,0.395624,0.408927,0.571174,0.529933,0.323619,0.570522,0.575323,0.337458,0.485677,0.703767,0.518267,0.504035,0.638307,0.471884,0.558766,0.586781,0.383172,0.464154,0.530294,0.475973,0.469695,0.618069,0.549234,0.478756,0.393737,0.520789,0.354938,0.396042,0.535102,0.505154,0.619964,0.459367,0.398788,0.425932,0.369701,8.55307,8.97789,6.96682,6.5413,7.9706,7.47065,8.11481,6.84944,8.48626,7.77404,9.58279,9.4158,8.18823,8.18914,7.97051,10.5572,8.19373,7.02769,8.71528,8.27666,7.19432,8.55794,8.39616,8.20265,7.74659,8.0076,7.80997,9.74068,8.93241,9.07701,8.34383,9.3644,8.45581,8.08271,7.72979,9.16922,8.82983,9.45457,9.1441,8.18106,8.64862,7.57938,8.45908,8.88642,8.14134,9.60484,5,3,5,1,6,5,14,5,6,6,1,4,3,6,4,5,5,4,5,7,2,8,6,8,8,2,1,3,1,0,16,18,11,11,18,2,1,3,15,7,6,8,4,4,9,16,9,5,4,3,1,1,7,3,5,2,3,2,5,14,11,10,8,3,0,2,12,8,6,13,6,18,12,9,15,16,6,4,6,6,5,4,9,9,8,2,9,3,3,5,0,27,16,19,22,25,25,20,21,3,12,11,7,18,2,3,3,6,8,8,10,7,14,17,11,10,6,2,3,1,3,2,1,3,1,3,5,2,8,11,10,18,16,10,13,19,10,21,11,14,11,14,19,5,13,15,14,14,9,5,7,13,7,6,6,11,23,20,17,5,11,6,3,20,12,25,11,18,13,20,13,18,16,13,14,23,11,6,19,5,8,8,8,8,18,11,5,6,9,5
170.418,0.990899,0.0128217,9,511,0,-91.7932,8.78281,0.639155,0.650437,-0.487809,0.732952,-0.434815,0.136432,-1.35464,-0.744815,-0.189681,0.33609,-0.848558,0.363154,0.241617,0.297349,0.4803,-0.2363,-1.083,-0.702331,-0.869229,1.10673,1.0467,-0.0331095,-1.30743,0.0594168,0.102865,-0.411992,0.192468,0.0141878,-0.297925,1.04511,0.300343,-0.203261,-0.134503,0.461912,-0.761567,-0.645357,1.11466,-0.9885,-0.0149626,0.433349,-0.092069,0.295734,0.0252701,-0.724721,0.165009,0.457579,0.502336,-0.00224777,-0.784724,0.386508,-0.373104,0.177073,0.218356,0.427358,-0.41472,-0.0541816,0.0765664,-0.131047,0.347098,-0.081814,0.385201,-0.198609,0.786578,0.457783,-0.216228,-0.432952,0.00495289,0.3552,-0.394157,0.644843,0.213461,-0.94125,0.231687,-0.185586,0.263409,0.800532,0.254963,-0.601788,-0.351926,0.909762,-0.852021,0.519409,-0.913269,0.531278,0.220038,-0.0580229,-0.796181,-1.12513,0.430575,-0.913571,0.0786313,0.24672,-0.150591,-0.865384,-0.119518,-0.737982,0.7868,1.12769,-0.953459,-0.202226,-1.15984,-0.127976,0.285294,-0.449267,-0.408478,-1.55674,0.379956,-1.25997,0.605765,-0.589421,-0.29702,0.610592,1.13129,0.48737,-0.0465309,-0.397053,-0.258898,-0.139683,0.0917075,-0.301251,-0.162655,-0.104725,0.362929,0.05431,-0.288246,-0.000555178,-0.084306,0.0854665,0.0518203,-0.16133,-0.118332,-0.0453864,0.243767,-0.282347,-0.708469,0.180389,0.0599198,16.6083,0.444403,0.583105,0.450401,0.515609,0.349751,0.415575,0.478305,0.538388,0.404089,0.541466,0.527624,0.533978,0.554748,0.472983,0.378533,0.420306,0.401813,0.624019,0.61755,0.496211,0.354682,0.5068,0.51177,0.452989,0.522013,0.501624,0.465957,0.617377,0.534319,0.476754,0.484612,0.552668,0.413714,0.426674,0.624871,0.388762,0.498288,0.549433,0.489465,0.533794,0.502892,0.417811,0.518876,0.552177,0.557238,0.499743,0.526345,0.460462,0.523488,0.492625,0.572709,0.540176,0.510252,0.48184,0.545742,0.480379,0.486942,0.483932,0.47406,0.512771,0.558278,0.537893,0.54685,0.440457,0.443659,0.50179,0.570209,0.496788,0.49444,0.522256,0.489597,0.499233,0.516099,0.443744,0.48377,0.510986,0.50727,0.475051,0.541075,0.53483,0.440035,0.553233,0.500809,0.476592,0.504977,0.484019,0.498634,0.539096,0.491081,0.475285,0.472872,0.500122,0.534378,0.448447,0.530654,0.490371,0.594471,0.552381,0.513386,0.476294,0.559612,0.474389,0.482952,0.479023,0.466149,0.516673,0.575855,0.549413,0.56105,0.422509,0.42665,0.502337,0.591254,0.495806,0.49274,0.529048,0.486418,0.498999,0.521017,0.42676,0.478812,0.514344,0.509493,0.467441,0.55355,0.545428,0.421963,0.569326,0.501056,0.469449,0.506498,0.479137,0.498216,0.550978,0.488355,0.467746,0.464601,0.500159,0.58555,0.373022,0.57641,0.475854,0.723066,0.628942,0.533545,0.440752,0.645926,0.436032,0.45731,0.447528,0.415742,0.541755,0.68293,0.62189,0.649268,0.31344,0.322665,0.505864,0.716319,0.489478,0.481789,0.572457,0.465963,0.497487,0.552573,0.322911,0.447004,0.535939,0.523805,0.41891,0.631707,0.612353,0.312232,0.668259,0.50265,0.423844,0.516301,0.447811,0.495524,0.625613,0.470807,0.419657,0.411955,0.500398,8.06796,9.0289,7.00507,8.04878,6.02852,6.67551,8.08188,7.82526,7.68456,7.85404,9.50249,8.90329,7.97864,8.33549,7.13251,8.4984,7.66261,8.64405,8.58036,8.24848,7.19778,8.65014,8.35881,8.1015,7.67246,8.15254,7.82045,9.742,8.90648,9.02913,8.14059,9.3431,8.43546,7.5629,9.0884,7.19842,8.68147,8.71039,8.03948,8.56401,8.61381,7.47855,8.45929,8.77052,7.99979,8.58452,1,2,1,2,6,13,13,6,15,5,1,4,4,10,11,4,9,6,9,5,6,6,9,4,2,2,3,5,3,3,17,7,9,19,13,7,2,1,15,8,14,3,3,2,9,5,10,3,8,9,3,4,3,0,1,1,2,3,1,6,16,7,16,1,2,2,3,7,8,2,11,9,3,4,5,8,6,7,1,4,7,6,9,4,7,6,5,6,4,3,1,17,11,11,13,13,12,34,21,3,8,6,6,10,2,0,1,1,9,6,2,2,3,6,7,4,4,7,2,7,4,7,2,1,2,4,5,0,3,6,8,19,21,23,17,7,13,10,16,9,16,10,3,12,7,14,14,5,1,1,2,4,4,5,3,1,0,6,11,17,7,12,5,18,15,20,15,12,11,20,11,8,13,25,7,22,13,11,16,20,11,16,7,11,5,4,3,3,4,2
164.275,0.865633,0.0128217,9,511,0,-96.2814,10.6495,0.871486,0.171356,0.114287,0.132374,-1.0347,-0.917258,2.08415,0.95242,-0.373825,1.01871,0.860083,-0.349935,0.814218,0.535428,-0.514845,-0.0393842,0.899325,0.889073,0.955256,-1.05105,0.558455,-0.227786,-1.06249,0.20311,-0.474244,-1.14786,-0.316354,-1.20426,-1.46282,-0.215624,0.556013,0.330051,-0.333105,-0.818415,-0.221308,0.599056,-1.43356,0.848004,-0.927082,-0.644801,-0.144438,-0.459072,0.301696,-1.21414,-0.101596,-0.0742957,-0.926054,0.206516,0.249543,-0.488415,-0.0120377,-0.293313,-0.262874,-0.0171062,0.170365,-0.0820317,0.0815395,-0.253054,0.044684,0.0411556,-0.19376,0.173102,-0.279956,0.53964,-0.014293,-0.453651,-0.233685,0.359365,0.777256,0.650128,0.289732,-1.09048,0.971853,0.042662,0.790458,0.35226,0.0794902,-1.01717,-0.80565,0.532758,-0.284748,0.954432,-0.787354,0.905081,0.00056343,-0.697348,-0.691803,-1.18688,1.05527,-0.846647,0.35015,0.165156,0.265141,0.113409,-0.239074,-0.0811842,0.691997,0.906261,0.508579,0.401168,-0.70334,0.241108,0.667115,-0.191671,-0.700158,-0.624752,0.446154,0.0813767,1.2925,-0.70276,0.558609,0.638889,1.39231,0.897987,0.55644,-0.444326,-0.24582,-0.0041388,-0.161733,0.539888,0.190325,0.436594,-0.118757,0.156349,0.0287278,-0.364469,0.581014,-0.286006,0.243704,0.228286,0.229678,0.000725026,-0.00148456,-0.412619,-0.422025,0.180022,0.098497,20.8933,0.515414,0.517851,0.363926,0.378719,0.754858,0.625735,0.449738,0.634074,0.613995,0.45293,0.608112,0.571736,0.430986,0.494687,0.619001,0.617696,0.626093,0.361885,0.574776,0.469308,0.360461,0.527374,0.436367,0.349911,0.457424,0.343019,0.312299,0.470943,0.574454,0.54441,0.455181,0.391348,0.470179,0.580122,0.315699,0.612449,0.377472,0.413877,0.480524,0.438381,0.540612,0.341819,0.486297,0.489978,0.377603,0.527832,0.499592,0.499527,0.503697,0.503278,0.492553,0.496597,0.501336,0.49636,0.496927,0.50125,0.497091,0.498087,0.50184,0.500141,0.496787,0.496823,0.496587,0.503756,0.498005,0.500814,0.503796,0.499274,0.501695,0.504101,0.50113,0.504303,0.505227,0.50077,0.498013,0.498821,0.50119,0.502924,0.500791,0.497859,0.505122,0.49697,0.503313,0.502304,0.500516,0.50164,0.498922,0.504338,0.500363,0.500265,0.503309,0.499262,0.488213,0.486348,0.605142,0.593506,0.297347,0.402999,0.538486,0.396436,0.412198,0.536035,0.416791,0.444992,0.55291,0.504063,0.40828,0.409303,0.402717,0.606753,0.442646,0.52348,0.607879,0.47906,0.548765,0.616242,0.532587,0.621731,0.646476,0.522228,0.442895,0.466006,0.534307,0.58363,0.522813,0.438517,0.643713,0.413406,0.594484,0.566125,0.514895,0.547214,0.468919,0.622689,0.510479,0.507663,0.594381,0.47871,0.487944,0.486037,0.607465,0.595586,0.293268,0.400845,0.539359,0.394146,0.410239,0.536853,0.41493,0.443748,0.554107,0.504155,0.406238,0.407282,0.400558,0.60911,0.441351,0.524014,0.610258,0.478584,0.549869,0.618792,0.533328,0.624391,0.649614,0.522734,0.441605,0.465234,0.535087,0.5855,0.523332,0.43713,0.646799,0.411473,0.596584,0.567614,0.515234,0.548284,0.468212,0.625368,0.510717,0.507838,0.59648,0.478225,8.4586,8.95247,6.91472,6.99436,10.2447,9.04322,8.145,9.11401,9.25764,7.64755,9.52002,8.91016,7.47079,8.29374,9.50956,9.60005,9.35934,6.89726,8.62174,8.30161,7.19815,8.55389,8.30185,8.13414,7.68355,8.01325,7.73811,9.68564,8.93221,9.00145,8.18866,9.26401,8.41001,9.45278,6.44402,9.71919,8.72483,8.11915,9.14733,8.31811,8.65962,7.5109,8.43697,8.46626,8.02392,8.55754,3,3,1,1,1,15,10,7,9,2,3,2,11,5,8,7,6,3,8,5,3,4,5,5,4,0,1,0,1,3,6,6,5,8,9,4,4,3,9,3,5,3,5,3,13,11,17,9,11,4,2,2,1,1,1,2,2,2,0,9,5,14,11,0,1,1,3,3,11,5,4,3,6,3,9,6,9,6,2,5,3,2,5,5,7,3,4,6,7,3,7,14,14,13,8,10,17,17,19,4,5,9,9,5,2,4,0,9,4,5,7,3,11,7,7,10,3,0,2,0,0,1,2,1,2,2,2,5,2,8,4,11,15,14,13,16,10,17,12,11,15,14,18,10,11,8,13,13,9,13,5,7,6,3,4,1,9,6,22,10,12,24,9,20,22,25,19,25,17,7,11,14,17,11,17,11,14,30,11,22,26,11,10,7,9,7,3,3,1,3
169.815,0.965388,0.0128217,9,511,0,-89.9189,9.76928,0.7275,0.166776,0.6414,0.888474,-0.78209,3.08416,-0.0258979,0.0953847,-0.330134,0.0341982,0.752364,0.0906608,0.779602,1.06427,0.182497,-0.212479,1.0275,-0.192733,-0.0411696,0.043802,0.744903,-0.297274,-1.29167,0.228713,0.113294,-0.744263,-0.0996456,-0.839977,-1.17129,0.439408,0.52176,0.444178,-0.420978,-0.257918,-0.310587,1.10376,-0.40069,0.467285,-0.278587,-0.351626,0.242103,0.00467037,0.248098,-0.60006,-0.134516,-0.328033,-0.321963,-0.275303,0.203096,0.0912177,-0.0121837,0.116899,-0.0374545,0.154579,-0.235166,0.00324987,-0.119823,0.0207526,-0.0227831,-0.0257545,0.0771806,-0.0100349,0.0917753,0.158116,0.37758,-0.358884,-0.165125,0.360184,0.917716,0.812399,0.210359,-0.543151,0.654463,-0.264384,0.563184,-0.022574,-0.00875674,-0.547907,-1.11589,0.631692,-1.85595,1.01051,-0.115644,0.590593,-0.153169,-0.0515421,0.420289,-1.21572,0.198514,-0.335167,0.834306,0.0739801,-0.424764,-1.43817,-0.698274,-1.04652,0.979367,0.714234,1.03095,-0.194069,-0.0765054,0.388722,0.542549,0.00399138,-0.655292,-0.628501,0.81455,-0.277143,0.881648,0.59348,0.089792,0.145089,0.790517,0.776583,0.154235,-0.88496,0.635036,0.0892857,-0.118125,0.136326,-0.242945,0.0923493,0.345499,0.214557,-0.0684484,0.464262,0.149466,-0.528202,0.0928166,-0.000389203,-0.0538402,-0.298647,-0.108979,0.0429435,0.12884,0.290934,0.147689,20.3187,0.525332,0.535063,0.469124,0.619554,0.498976,0.50377,0.486953,0.501352,0.529705,0.503584,0.530778,0.54197,0.507213,0.491602,0.540527,0.492382,0.498373,0.501731,0.529411,0.488251,0.449118,0.50904,0.504478,0.470614,0.496061,0.466845,0.453832,0.517362,0.520613,0.517551,0.483365,0.489806,0.487725,0.54352,0.484166,0.518463,0.48899,0.486104,0.509569,0.500185,0.509806,0.476298,0.494683,0.487036,0.487276,0.489119,0.560251,0.58309,0.426706,0.762153,0.497555,0.509003,0.468877,0.503228,0.570546,0.508557,0.573064,0.599131,0.51722,0.479954,0.595792,0.481815,0.496114,0.504135,0.569855,0.471968,0.380433,0.521576,0.510693,0.430204,0.490595,0.421368,0.391204,0.541383,0.549093,0.54183,0.460345,0.475673,0.470716,0.602707,0.462249,0.543995,0.473727,0.466857,0.522837,0.500441,0.523402,0.443598,0.487305,0.469075,0.469646,0.474036,0.506886,0.509537,0.491604,0.533063,0.499722,0.501024,0.496456,0.500367,0.508077,0.500973,0.508369,0.511424,0.501959,0.497719,0.511029,0.497931,0.499558,0.50047,0.507996,0.496809,0.486136,0.502455,0.501216,0.49201,0.49893,0.490983,0.487428,0.504717,0.505601,0.504768,0.495481,0.497231,0.496666,0.511848,0.495698,0.505017,0.497009,0.496225,0.502599,0.50005,0.502664,0.493558,0.498556,0.496478,0.496544,0.497044,0.520648,0.528587,0.47483,0.598054,0.499166,0.503072,0.489368,0.501102,0.524215,0.50292,0.52509,0.534226,0.505878,0.493156,0.533048,0.493792,0.498674,0.501411,0.523975,0.490426,0.458491,0.507366,0.503649,0.476046,0.49679,0.472971,0.462344,0.51415,0.5168,0.514303,0.486444,0.491693,0.489997,0.535492,0.487097,0.515047,0.491028,0.488676,0.507797,0.50015,0.507991,0.480682,0.495667,0.489436,0.489631,0.491133,9.03386,9.09696,7.0034,11.477,7.79106,7.91743,8.27253,7.85368,9.1494,7.9125,9.49632,9.47404,8.00819,8.14433,9.68655,8.48346,8.32281,7.86368,8.59398,8.30676,7.02084,8.60399,8.28961,8.16155,7.71423,8.16673,7.82197,9.68174,8.90926,9.14701,8.17789,9.34752,8.36067,9.32099,7.8575,8.65838,8.69885,7.80523,9.29388,8.17643,8.62419,7.54646,8.47632,8.27471,8.11839,8.07888,2,2,6,4,3,11,12,8,10,4,5,4,4,7,7,4,5,3,8,5,6,3,7,3,2,3,2,2,2,3,4,19,14,7,13,2,0,0,9,12,7,8,3,4,19,15,10,11,5,10,4,2,1,2,5,6,2,2,0,9,10,11,9,3,3,2,5,10,9,10,12,19,7,6,12,5,5,7,0,6,1,3,4,3,8,5,3,2,5,0,1,24,17,19,12,19,17,11,14,3,3,6,4,6,1,4,5,4,3,9,5,5,16,7,2,1,7,3,9,0,1,3,4,1,5,0,4,3,18,12,18,12,9,7,9,6,19,18,15,18,19,12,18,16,9,17,13,4,7,5,7,6,4,9,5,7,5,8,9,8,7,7,12,10,12,7,11,10,8,9,11,8,6,8,11,8,8,12,12,5,6,7,8,9,3,7,5,3,4,3
164.823,0.99792,0.0128217,9,511,0,-87.2857,10.3012,0.805368,0.162404,1.75927,0.381612,-0.801277,2.37031,0.0248986,1.36299,-0.182904,-1.35143,-0.539496,-0.00568096,0.791053,0.737723,-1.01038,0.0220382,0.48352,-0.759444,-0.865001,0.452054,0.697455,-0.103163,-1.07361,0.313763,-0.225117,-0.751692,-0.177866,-1.1584,-1.34244,0.3329,0.677988,0.37958,-0.110021,-0.505282,-0.226743,-0.669342,-0.373789,0.606798,-0.693533,0.589172,0.0634429,0.0621836,0.461262,-0.984028,0.0630601,-0.811418,-0.359392,-0.25485,-0.130043,-0.0955153,-0.0201952,-0.0906997,0.102746,-0.187853,0.152399,-0.137206,0.278368,0.0929464,0.144072,0.0235446,-0.104637,0.0224646,0.0418639,0.247542,-0.589133,-0.397758,-0.17052,0.35932,1.34868,0.740945,0.444643,-0.680211,0.380411,-0.756368,0.431846,0.08735,-0.562142,-0.605617,-1.62387,0.69067,-1.13465,1.11618,-0.76041,0.442265,0.125206,-0.328127,0.0999159,-0.478734,0.455657,-0.745449,0.246578,0.141619,0.558207,-1.61659,-0.531023,-0.955512,0.794076,1.50197,-0.285464,0.237264,-0.37901,0.486862,0.654022,0.265307,-1.69339,-1.35338,-0.00986311,-0.950156,0.609257,-0.0135527,-0.16088,0.512922,0.54477,1.03175,0.660396,-0.516162,-0.250471,-0.779955,-0.359557,-0.0696266,-0.700611,0.0765904,0.285528,0.314043,0.350577,-0.239185,-0.423118,-0.128654,0.00528994,-0.297451,0.0937133,-0.582192,-0.0330852,0.237144,-0.359993,0.253702,0.0644183,23.1031,0.607185,0.523599,0.450575,0.64262,0.501541,0.583558,0.488683,0.417137,0.466663,0.499648,0.548799,0.545528,0.437796,0.501364,0.529887,0.453139,0.446673,0.527946,0.543055,0.493616,0.433947,0.519408,0.486072,0.453615,0.488994,0.428799,0.417679,0.52059,0.541859,0.523473,0.493192,0.468771,0.485972,0.458672,0.476884,0.537482,0.457185,0.536397,0.503926,0.503848,0.528514,0.439402,0.503902,0.449953,0.477773,0.484234,0.261836,0.444031,0.615871,0.198383,0.496333,0.309388,0.526913,0.689155,0.578796,0.500837,0.385555,0.393024,0.644569,0.496754,0.429263,0.610024,0.624713,0.433811,0.398698,0.515189,0.653056,0.453919,0.533107,0.608937,0.526173,0.664285,0.688019,0.451126,0.401451,0.444326,0.516199,0.573875,0.533346,0.597325,0.554831,0.411569,0.600748,0.414086,0.490657,0.490842,0.432479,0.641004,0.490713,0.617283,0.552736,0.537465,0.602813,0.522609,0.452638,0.63694,0.501476,0.58011,0.489158,0.420558,0.468059,0.499663,0.546761,0.543625,0.440383,0.501307,0.528635,0.455097,0.448897,0.526775,0.541255,0.493884,0.436691,0.518593,0.486657,0.455553,0.489457,0.431752,0.421078,0.519726,0.540109,0.522489,0.493478,0.47008,0.486561,0.4604,0.477854,0.535913,0.458976,0.534873,0.503761,0.503687,0.527319,0.441924,0.503739,0.452042,0.478706,0.484896,0.346756,0.465709,0.571618,0.298742,0.497759,0.379736,0.516455,0.619283,0.548402,0.500511,0.429284,0.433994,0.589943,0.498017,0.456594,0.567926,0.577226,0.459405,0.437558,0.509283,0.595438,0.471792,0.520249,0.567241,0.516002,0.602769,0.618519,0.470075,0.439283,0.465891,0.5099,0.54535,0.520395,0.55995,0.53359,0.445605,0.562095,0.447173,0.49429,0.494404,0.458582,0.587646,0.494325,0.572511,0.5323,0.52292,10.1,9.0019,6.92028,10.616,7.8295,9.29803,8.19875,6.31868,7.57969,7.7958,9.52109,8.98587,6.69111,8.19814,8.9329,7.81467,7.22218,8.30003,8.56985,8.28662,6.99372,8.51957,8.3334,8.15773,7.60605,7.86035,7.65957,9.78567,8.92026,9.06873,8.27906,9.26339,8.40068,7.84456,7.62087,9.24964,8.66772,9.23027,9.20307,8.65,8.68195,7.49937,8.46981,7.50741,8.05347,7.89303,2,4,4,1,2,20,13,9,7,7,1,4,7,10,6,7,10,6,5,9,9,3,3,4,5,4,3,2,1,0,15,9,10,13,11,1,2,2,7,10,7,5,4,3,6,10,15,8,6,7,3,1,6,9,0,5,7,3,5,16,14,11,10,2,5,4,11,6,4,7,8,8,13,10,10,8,12,21,0,0,1,3,3,6,6,6,6,4,1,3,4,12,13,10,20,21,20,34,23,8,2,9,8,11,1,2,0,10,6,2,2,9,21,10,4,7,9,15,5,2,1,1,1,2,3,2,5,4,7,6,3,11,13,23,15,9,16,13,17,18,16,9,20,13,16,16,14,1,3,2,3,1,4,10,14,11,5,6,4,12,21,20,13,9,4,14,4,11,13,5,6,5,4,2,12,6,9,4,7,13,15,4,7,9,15,12,4,3,3,4
190.501,0.975941,0.0128217,9,511,0,-94.9091,9.425,0.548857,0.113676,-0.505353,0.82196,-0.52024,-0.186255,-0.0624715,0.400278,-0.223685,0.143566,0.685647,0.254452,0.952806,0.97931,0.528454,0.0767345,-0.0376831,-0.553393,-0.440253,-0.803517,1.08141,-0.160318,-0.922098,0.462603,-0.118535,-0.438735,0.00247518,-0.675564,-0.771354,0.842443,0.669125,0.573567,-0.173914,0.0864223,-0.0769327,-0.28655,-0.509591,-0.746463,-0.33829,0.800585,0.354074,0.051481,0.401543,-0.663927,0.000603444,1.34086,-0.0816292,-0.200437,0.0740674,-0.0290564,-0.0650855,0.154605,-0.166595,0.184341,0.0210194,0.0305624,0.0349676,-0.0783745,-0.0573137,-0.0154874,0.155047,-0.0244473,0.0865476,0.409327,0.210278,-0.354376,-0.156629,0.361487,-0.567274,0.518719,0.233134,-0.936806,-0.362038,0.354169,0.282927,0.552934,0.192434,-0.828664,0.104534,0.482976,-0.699178,0.383976,-0.347056,1.09382,-0.223709,-0.804498,-0.0714448,-1.33568,1.22333,-0.567738,0.400384,0.47599,-0.508722,-0.784237,-0.348219,-0.128856,1.05197,0.787408,0.132694,-0.161931,-0.610373,-0.0799016,0.666601,-0.337568,-0.519192,-0.159275,0.143419,-0.00627743,0.332448,-0.536464,-0.444613,0.147454,0.429523,0.195489,-0.139083,-0.203008,0.126761,0.466774,0.358682,-0.204083,0.171046,0.122519,-0.136332,0.394889,-0.258517,0.186573,0.363805,0.361889,0.0558679,0.0311689,-0.0769858,-0.0494849,0.123159,-0.671882,-0.136792,0.0555379,0.224888,14.5036,0.44847,0.583328,0.446963,0.480949,0.493608,0.54087,0.477126,0.514687,0.569707,0.526015,0.596285,0.598894,0.553868,0.507852,0.496144,0.443611,0.45507,0.418508,0.60889,0.4836,0.406745,0.547198,0.487872,0.455224,0.500253,0.431306,0.421715,0.585364,0.568048,0.558426,0.482211,0.508843,0.492128,0.47071,0.448041,0.424202,0.465437,0.5812,0.53617,0.505268,0.540998,0.432474,0.500062,0.633869,0.491648,0.4795,0.473459,0.543103,0.472678,0.49021,0.496716,0.52103,0.488243,0.507547,0.535982,0.513373,0.549922,0.551301,0.527752,0.504034,0.498019,0.470941,0.476873,0.45786,0.556605,0.491573,0.451677,0.5243,0.493769,0.476952,0.50013,0.464545,0.459539,0.544171,0.535118,0.530116,0.490858,0.504543,0.495956,0.484941,0.473237,0.460839,0.482224,0.541987,0.518605,0.502706,0.521096,0.465154,0.500032,0.570025,0.495709,0.489465,0.584078,0.36534,0.586506,0.531245,0.510492,0.433168,0.537502,0.475904,0.386826,0.457363,0.345207,0.341193,0.412156,0.487114,0.506329,0.591897,0.573415,0.631782,0.325946,0.526903,0.650114,0.422916,0.5199,0.573165,0.499584,0.611566,0.626741,0.362155,0.389462,0.404833,0.529179,0.485488,0.51292,0.547984,0.58477,0.62282,0.556579,0.368677,0.440805,0.491354,0.432959,0.609707,0.499899,0.288866,0.513708,0.533617,0.517275,0.47192,0.517784,0.506369,0.502136,0.486315,0.507649,0.49509,0.476569,0.491299,0.467462,0.466559,0.481936,0.497376,0.501289,0.518916,0.515051,0.527451,0.463085,0.505482,0.531492,0.484185,0.504054,0.514999,0.499915,0.523087,0.526354,0.471222,0.477133,0.480395,0.505947,0.497045,0.502631,0.509798,0.51742,0.525505,0.511567,0.472649,0.487894,0.498239,0.486271,0.522689,0.499979,0.454273,0.502792,0.506854,7.67546,9.06538,7.04648,7.70624,7.5284,8.01561,8.16893,7.74534,8.92924,7.86209,9.4384,9.23807,8.15052,8.28829,8.36477,7.8531,7.74398,6.74844,8.73206,8.23565,7.23706,8.69452,8.07544,8.17494,7.59678,7.9604,7.85963,9.79421,8.91185,9.0395,8.22133,9.28663,8.35468,7.89854,7.36586,7.41452,8.52338,9.0429,9.04433,8.25445,8.63025,7.50135,8.40508,9.81483,8.09161,7.99645,1,6,0,2,3,7,5,7,0,7,6,6,17,12,22,10,12,15,7,10,7,7,7,6,11,0,1,1,7,8,13,16,9,11,8,1,2,3,2,5,10,10,7,5,18,21,24,4,4,8,1,2,3,0,1,2,2,2,0,11,18,24,16,13,9,3,2,1,13,5,2,5,7,6,6,3,6,7,2,2,4,1,1,2,5,0,2,3,4,3,4,20,27,13,25,12,18,22,8,9,4,12,4,12,1,3,0,5,3,3,4,2,7,8,10,7,3,2,3,7,4,5,4,9,2,3,3,6,3,9,2,10,18,9,9,13,9,6,4,9,15,14,11,5,8,10,6,8,6,6,3,11,4,2,3,3,4,4,2,9,6,7,7,2,7,12,3,8,4,7,10,3,6,4,6,6,5,3,2,4,2,1,3,3,5,7,6,8,6,2
192.577,0.985398,0.0128217,9,511,0,-122.119,9.24417,0.56403,0.0735354,0.809363,0.47308,-0.791562,0.395512,0.442658,-0.420401,-0.159649,-0.357982,-0.385698,0.0149365,0.809365,0.780718,0.568104,0.0881963,-0.287047,0.118992,-0.630635,0.979675,0.768747,0.0717415,-1.10167,0.375068,-0.0183701,-0.559503,-0.142318,-0.240022,-0.514819,0.878804,0.75307,0.436239,-0.0967017,0.272053,-0.171912,-0.25432,0.13691,1.04116,-0.00461413,0.506772,-0.479137,-0.2138,0.436119,-0.820113,0.105649,-0.793102,-0.108939,0.246067,0.0256026,-0.0468048,0.0158603,-0.00825484,-0.0172799,-0.0309703,-0.078933,-0.00738248,-0.163302,-0.181175,0.0601943,-0.0203282,-0.124412,0.042287,0.0438043,0.369983,-0.40216,-0.305191,-0.0608195,0.356677,0.0322144,0.640504,0.442641,-1.28416,0.0601288,0.343591,0.0637338,0.207262,0.621777,-1.1535,-1.0162,0.367498,-0.577886,0.489213,-1.12591,0.943685,-0.212041,-0.152218,-0.166711,-0.564569,0.177892,-0.314837,-0.116443,0.344871,-0.0947519,-1.46063,-0.278594,-0.159077,-0.00070536,0.496242,-0.96127,-0.470653,-0.564716,-0.0463752,-0.232144,-0.0379222,-1.64659,-0.987956,-0.423195,-0.353063,0.291479,-0.413141,-0.247568,-0.153909,0.651207,0.484387,0.576611,-0.488274,-0.22515,-0.42734,-0.154185,-0.136702,-0.0213132,-0.103382,0.0267404,0.624461,0.241003,-1.12399,0.445714,-0.739153,0.0755952,0.448486,-0.0294776,-0.285193,0.239814,-0.0602004,-0.581148,0.088037,-0.0305597,20.1479,0.574308,0.543646,0.427303,0.536518,0.540853,0.461193,0.485237,0.466937,0.464385,0.501382,0.574308,0.571715,0.552355,0.508157,0.473474,0.511005,0.441932,0.589636,0.57063,0.506635,0.399488,0.534637,0.498301,0.448432,0.486839,0.477814,0.452525,0.580577,0.569209,0.540263,0.491056,0.525143,0.484104,0.476494,0.512661,0.59513,0.499573,0.546737,0.455798,0.480235,0.540252,0.42472,0.509771,0.427163,0.489925,0.522744,0.419338,0.45258,0.578918,0.460319,0.455612,0.542167,0.516046,0.535929,0.5387,0.498498,0.419337,0.422145,0.44313,0.491134,0.528828,0.488039,0.563066,0.402758,0.42332,0.492788,0.608984,0.462362,0.501847,0.556016,0.514305,0.524113,0.551576,0.412553,0.42486,0.456253,0.509721,0.472675,0.517277,0.525547,0.486239,0.396825,0.500464,0.449225,0.548024,0.521482,0.456265,0.581715,0.48938,0.579069,0.510951,0.475281,0.487821,0.492881,0.511911,0.494048,0.493338,0.506327,0.502403,0.505387,0.505805,0.499775,0.487821,0.488252,0.491451,0.498673,0.50432,0.498209,0.50949,0.48526,0.488432,0.49892,0.516574,0.494355,0.500276,0.50842,0.502142,0.503612,0.507747,0.486777,0.488668,0.493435,0.501455,0.495906,0.502587,0.503827,0.49794,0.484336,0.500069,0.492374,0.507211,0.503218,0.493437,0.51234,0.49841,0.511934,0.50164,0.496297,0.384531,0.431697,0.613018,0.442789,0.43604,0.560777,0.523178,0.551823,0.555803,0.49783,0.384531,0.388478,0.418204,0.487189,0.541608,0.482719,0.590611,0.36139,0.390132,0.489578,0.654806,0.445722,0.502669,0.58058,0.520665,0.534816,0.574243,0.375026,0.392302,0.436957,0.514046,0.460556,0.524956,0.536882,0.480119,0.353185,0.50067,0.4269,0.569166,0.531022,0.436975,0.616946,0.484655,0.61323,0.515822,0.46431,9.03481,8.94448,6.99609,8.36134,8.32191,7.39457,8.15324,7.46162,7.75107,7.86234,9.41878,9.00407,8.45663,8.26029,8.01635,8.67736,7.48803,8.89823,8.672,8.4019,6.98283,8.56853,8.41644,8.23297,7.69335,8.15517,7.85997,9.69009,8.97441,9.01822,8.22088,9.25206,8.36475,8.16289,8.08349,9.55404,8.59684,8.98067,7.89829,8.20643,8.63411,7.55536,8.43834,7.47295,8.07211,8.42994,2,6,1,1,3,18,10,12,9,2,5,5,4,3,5,6,2,7,8,8,11,10,6,5,8,5,1,1,2,0,9,4,15,4,18,1,1,4,2,9,12,1,3,3,23,15,11,9,6,11,4,6,8,5,2,1,2,3,2,9,7,7,5,4,10,6,5,8,5,7,4,13,7,8,5,10,10,4,0,1,0,5,3,3,9,5,4,3,1,6,3,13,11,10,9,6,13,6,23,4,1,13,6,7,5,0,2,5,4,3,6,6,9,4,6,4,9,12,17,1,0,0,4,3,3,2,1,2,0,4,2,23,9,18,10,13,14,26,21,20,24,12,10,17,22,16,15,6,9,7,6,7,6,6,7,4,9,4,5,9,7,5,9,11,11,2,6,10,7,10,12,16,8,6,3,7,11,5,5,4,11,6,18,8,5,2,3,5,6,6
187.957,0.689105,0.0128217,9,511,0,-120.345,8.38982,0.585976,0.0590925,-1.35153,0.624366,-0.757507,-0.490097,-0.0436127,0.997579,-0.00406089,-0.842953,0.622585,0.0985759,0.992648,0.644761,0.967855,0.0608814,0.137802,-0.269744,-0.0982864,-0.23573,0.828572,0.0828007,-0.863769,0.371549,-0.188047,-0.502939,-0.0850961,-0.281119,-0.677832,1.14353,0.707419,0.660781,0.0398652,0.528329,-0.0210206,-1.78179,-1.2838,-0.449652,0.0808779,0.269903,0.758314,0.237317,0.441468,-0.859074,0.16156,1.02718,0.16991,0.0889218,-0.037342,0.0500086,0.1034,0.0447505,0.0252875,-0.0527876,-0.0321645,-0.0234194,-0.0503389,0.0328878,0.0325602,-0.0552552,-0.0155151,-0.124479,0.00184477,0.290043,0.65417,-0.259314,-0.0327148,0.352711,0.00965345,0.622281,0.321788,0.0395051,0.477924,0.0201409,0.333133,0.553811,-0.29707,-1.13477,-1.01353,1.05678,-0.635725,0.524278,0.0787715,0.511285,0.338673,0.0129087,-0.127917,-0.793517,1.15619,-0.454556,0.315045,0.450753,0.55305,-1.02188,0.0234922,-0.369011,0.587455,1.08677,-0.66991,0.0724032,-0.85754,0.40236,1.05881,0.250705,-0.156103,-0.382494,0.580517,-0.530887,0.976495,-0.381445,0.307349,0.288839,1.22941,1.01389,0.482231,0.340324,-0.0563391,0.499403,0.0666166,-0.012668,-0.0364055,0.136846,-0.478981,0.598886,-0.522035,0.255064,0.542224,0.296723,0.382167,0.0374063,-0.534505,0.125845,0.145517,-1.08325,-0.0437797,0.164709,0.0431367,20.1836,0.403235,0.54515,0.445292,0.464522,0.496838,0.571835,0.499706,0.43918,0.545022,0.507147,0.571485,0.546616,0.569723,0.504414,0.509991,0.480451,0.492874,0.482914,0.559793,0.506004,0.437693,0.526915,0.486368,0.463596,0.49383,0.479627,0.451008,0.582167,0.551116,0.547768,0.502891,0.538235,0.498476,0.373602,0.407972,0.467441,0.505864,0.519561,0.554765,0.517201,0.531968,0.438028,0.511713,0.573935,0.512318,0.506447,0.292322,0.600714,0.37859,0.420528,0.492868,0.657593,0.499336,0.365532,0.600435,0.516116,0.656866,0.60391,0.653202,0.509955,0.522521,0.456,0.483932,0.461524,0.632284,0.513538,0.362379,0.560467,0.469285,0.418482,0.486087,0.454154,0.390927,0.678757,0.613672,0.606414,0.506519,0.585554,0.496562,0.237653,0.301572,0.426988,0.513224,0.544026,0.621535,0.538734,0.571701,0.363089,0.526397,0.66194,0.527759,0.514538,0.812151,0.337078,0.694357,0.629692,0.511809,0.253388,0.5011,0.71364,0.337509,0.47333,0.254399,0.332159,0.259527,0.483519,0.462751,0.572535,0.526592,0.563494,0.289554,0.477592,0.718226,0.400717,0.55075,0.63293,0.523029,0.575548,0.675739,0.224657,0.317278,0.328321,0.489206,0.360703,0.505692,0.873263,0.8007,0.61942,0.478111,0.427423,0.305457,0.436083,0.382672,0.717195,0.456359,0.24737,0.454116,0.475937,0.514788,0.493167,0.50829,0.505364,0.500477,0.489083,0.500044,0.509225,0.493186,0.498921,0.489137,0.492944,0.489408,0.499334,0.498492,0.502952,0.501076,0.50258,0.490932,0.499094,0.509453,0.495934,0.502058,0.505504,0.500931,0.503077,0.507418,0.487487,0.492258,0.492768,0.499564,0.494218,0.50023,0.519492,0.514047,0.504921,0.499115,0.497046,0.491701,0.497403,0.495168,0.509401,0.498232,0.48876,0.49814,0.499027,6.66457,9.08776,6.91706,7.38068,7.72066,8.89136,8.23988,6.8213,8.88137,7.88105,9.48653,8.90628,8.85815,8.2487,8.39989,8.06633,8.06916,7.504,8.70231,8.33786,7.20815,8.59893,8.17232,8.17304,7.67387,8.09414,7.64777,9.7493,8.97663,9.11478,8.28943,9.28712,8.34682,6.39435,6.49276,7.87756,8.58718,8.68879,9.26487,8.65206,8.67767,7.4178,8.42668,9.39902,8.07158,8.28032,5,1,2,2,2,5,14,10,18,1,2,3,2,4,1,2,6,7,10,6,15,5,8,7,7,3,1,1,0,0,9,26,18,18,15,3,3,1,9,9,6,4,9,7,10,15,17,7,6,1,4,5,2,5,2,2,1,3,3,13,18,6,13,1,2,2,5,6,7,5,5,4,2,4,5,4,10,18,2,1,2,2,5,3,0,3,4,0,1,3,0,12,13,6,8,10,20,13,14,1,2,3,2,9,1,2,1,2,5,4,6,8,8,3,16,12,8,6,11,1,3,1,2,3,4,3,2,4,7,2,9,17,29,24,15,23,28,8,22,20,23,13,21,16,21,18,15,3,2,2,10,2,5,6,5,2,6,12,8,6,8,12,14,6,8,7,6,3,5,12,8,8,17,12,10,5,16,5,5,11,15,12,14,2,5,4,10,5,5,7
186.02,0.887135,0.0128217,9,511,0,-121.3,9.4736,0.727087,0.0574956,-0.089503,0.800606,-0.55375,-0.547557,0.429639,1.24729,0.10627,0.212042,-0.175339,0.288464,1.30044,1.35117,-0.534062,0.487818,1.0983,-0.582323,0.210458,-1.96037,1.02444,0.181049,-0.71424,0.670385,0.225082,-0.525203,0.0201154,-0.53394,-0.819808,0.867582,0.96749,0.84652,0.1722,0.107716,0.182395,-0.229517,-0.400614,0.852564,0.0444769,-0.988301,-1.01914,0.106242,0.677824,-0.643062,0.342747,-1.52729,0.0790192,-0.781092,0.00322449,-0.0308968,0.0307557,-0.0668527,-0.0226613,0.0464076,0.021317,0.0190743,0.0146208,-0.0143685,0.0403032,-0.0472629,-0.113602,-0.12133,-0.0508219,0.0523146,-0.159294,-0.310202,-0.122692,0.363804,1.0246,0.573272,0.40165,-0.576259,0.553561,0.176557,0.284643,0.240388,0.211348,-0.411903,-0.204132,0.759808,-0.883902,0.790796,-0.895746,1.16262,0.158099,-1.02731,0.093959,-0.869343,1.14687,-0.624199,0.393177,0.802186,0.295697,-0.417201,-0.721877,-0.45339,0.493055,0.54471,0.15849,0.328081,-0.14344,0.0865732,-0.0477911,-0.410221,-0.741974,-0.907897,0.225394,0.0473164,0.787967,-0.325862,-0.0259099,0.841795,0.805851,0.191548,0.455712,-0.632518,0.0909183,-0.384336,0.026751,0.142784,-0.0718825,-0.010726,0.498897,0.0381672,0.398661,-0.668428,0.348471,-0.132793,0.0562657,-0.484542,0.139659,-0.601875,0.018454,0.301328,-0.464003,0.0159625,0.0991203,15.956,0.498829,0.510469,0.492758,0.492839,0.505619,0.516307,0.50139,0.502773,0.497707,0.503773,0.517001,0.517664,0.493016,0.50638,0.51436,0.492385,0.502752,0.474383,0.513395,0.502368,0.49066,0.508767,0.502944,0.493131,0.500263,0.493017,0.48928,0.511345,0.512651,0.51107,0.502252,0.501409,0.502385,0.496998,0.494761,0.511149,0.500582,0.487077,0.486674,0.501389,0.508864,0.49159,0.504483,0.480036,0.501033,0.489786,0.503564,0.46816,0.522038,0.521792,0.482897,0.450491,0.495768,0.491557,0.506982,0.488514,0.448396,0.446399,0.521255,0.480583,0.456373,0.523174,0.49162,0.577441,0.459293,0.49279,0.528413,0.473328,0.491037,0.520903,0.499199,0.521251,0.532601,0.465505,0.461547,0.46634,0.493143,0.49571,0.492737,0.509139,0.515948,0.4661,0.498229,0.539277,0.540497,0.495769,0.473033,0.525587,0.486354,0.560524,0.496853,0.531066,0.493258,0.56002,0.458381,0.458845,0.53232,0.59287,0.508005,0.515968,0.486794,0.521717,0.59673,0.600403,0.459855,0.536682,0.58199,0.456245,0.515849,0.356471,0.576566,0.513635,0.446402,0.55033,0.516949,0.460518,0.501515,0.459864,0.438554,0.564987,0.572371,0.563426,0.512969,0.508114,0.513737,0.482717,0.469858,0.563874,0.50335,0.426095,0.423824,0.508003,0.550885,0.451708,0.525797,0.386935,0.505952,0.441429,0.510381,0.408183,0.563884,0.563177,0.450326,0.359221,0.487675,0.475423,0.520328,0.466588,0.353565,0.348204,0.561636,0.443653,0.375284,0.567142,0.475606,0.712922,0.383352,0.479011,0.582102,0.422856,0.473914,0.560624,0.497667,0.561622,0.593968,0.400697,0.389618,0.403046,0.480035,0.487507,0.478855,0.526599,0.546338,0.402372,0.494841,0.612676,0.616066,0.487678,0.422014,0.574047,0.460325,0.670106,0.490835,0.589628,7.8431,9.00793,7.04618,7.31919,8.03648,8.85985,8.23511,7.81735,7.75666,7.89431,9.55754,9.29386,7.06601,8.42448,9.23409,7.66158,8.14517,5.62977,8.63545,8.31041,7.21398,8.60833,8.42837,8.11118,7.62408,8.04765,7.75978,9.68368,8.90751,9.10045,8.3015,9.19338,8.43167,7.97058,7.46716,9.06025,8.75937,7.20647,7.55905,8.30869,8.61582,7.55413,8.47325,6.59012,8.08311,7.14666,0,2,4,1,4,9,10,4,10,7,2,7,12,14,14,7,4,9,12,5,7,7,17,6,12,1,3,2,5,6,9,8,9,10,6,4,5,3,5,6,7,2,2,0,16,9,13,8,4,2,0,1,5,5,6,1,1,1,0,26,7,14,24,7,2,1,5,7,7,5,9,3,12,10,11,6,1,6,3,2,5,6,2,6,5,5,2,1,5,8,7,7,15,6,12,10,19,10,12,5,8,7,3,10,3,1,0,5,3,4,6,5,2,7,4,3,4,2,2,3,4,3,1,4,4,0,3,6,3,3,4,17,10,15,8,16,12,11,13,16,7,11,9,8,14,20,10,6,10,7,6,8,16,0,4,0,6,5,1,10,12,20,8,15,10,13,10,7,8,6,7,9,9,11,14,7,7,8,9,4,9,8,3,10,9,9,1,0,0,5
183.629,0.985705,0.0128217,9,511,0,-106.931,8.92384,0.872531,0.0800703,0.55692,0.840028,-0.18822,0.802189,-0.486646,2.24894,0.302434,-1.66857,-0.38568,0.750758,1.18049,1.131,-1.07407,0.309984,-0.750977,0.0363272,0.215743,0.18799,1.44521,0.297249,-0.791976,0.952187,0.173032,-0.435952,0.545255,-0.283454,-0.475542,1.08832,0.994238,0.623319,0.326137,0.284787,0.148329,0.147808,-0.0441199,-0.184053,-0.0122881,-0.405962,0.0898168,0.190589,0.680292,-0.583808,0.452245,0.840409,0.396569,0.088547,-0.0389261,0.0204879,0.000967927,0.00904487,-0.00537256,0.0157245,0.0120772,0.0224557,0.105987,-0.0790773,0.0294394,-0.141224,0.0367197,-0.110303,0.106531,0.417286,0.467997,-0.442319,-0.112636,0.35589,-0.17974,0.878808,0.358938,-0.562259,0.220916,-0.214421,0.305031,0.750323,-0.222068,-1.58541,-1.33124,1.27895,-1.38224,0.748057,0.0228234,0.701847,0.233632,0.122973,-0.271485,-0.899334,0.678819,-0.539822,0.233928,0.394406,0.356894,-1.38342,-0.329755,-0.441195,0.949015,0.9606,-0.659199,0.169292,-0.663385,0.380714,0.648194,0.191566,-1.16137,-0.640537,0.423636,-0.233903,1.01604,-0.579512,0.170255,0.200655,0.895508,0.905777,0.377878,-0.456425,-0.362346,0.616271,-0.260942,-0.300575,-0.199381,0.315876,-0.248945,0.224952,-0.30753,0.0160775,0.302426,0.215682,0.150574,-0.32641,0.0591542,-0.332343,0.123704,-0.50314,-0.593658,0.23972,0.138065,24.512,0.557839,0.586747,0.480375,0.582913,0.449406,0.718787,0.531509,0.33264,0.459852,0.577686,0.620719,0.615845,0.38979,0.532293,0.422292,0.50379,0.522491,0.519601,0.646358,0.53097,0.418124,0.598047,0.518043,0.454646,0.556638,0.470464,0.450553,0.611623,0.602258,0.564661,0.533971,0.529675,0.515469,0.515415,0.495397,0.480809,0.498718,0.45775,0.509369,0.519872,0.570496,0.439396,0.547039,0.586785,0.541276,0.509236,0.564793,0.597036,0.477993,0.592768,0.443308,0.741254,0.535326,0.314129,0.454998,0.586945,0.634707,0.629321,0.376915,0.536204,0.41303,0.50425,0.52522,0.521981,0.662925,0.534722,0.408386,0.609597,0.520234,0.44917,0.56345,0.466885,0.44459,0.62465,0.614271,0.572415,0.538084,0.533271,0.517347,0.517287,0.494838,0.478479,0.498562,0.452645,0.510507,0.522284,0.578928,0.432117,0.552716,0.597079,0.546265,0.510358,0.430403,0.395882,0.523658,0.400445,0.560909,0.243878,0.462032,0.698365,0.548361,0.406673,0.355729,0.361456,0.631907,0.461088,0.593354,0.495431,0.472889,0.476371,0.325821,0.46268,0.598321,0.382469,0.478249,0.554617,0.431842,0.535594,0.559532,0.366426,0.377484,0.422232,0.459069,0.464239,0.481351,0.481417,0.505549,0.523135,0.501546,0.550887,0.488704,0.476045,0.415255,0.572911,0.443358,0.395836,0.450282,0.488864,0.41809,0.377849,0.527906,0.383144,0.571727,0.208317,0.455235,0.729198,0.556992,0.390385,0.331633,0.338177,0.654218,0.454123,0.609646,0.494609,0.468024,0.472128,0.297765,0.455998,0.615422,0.362328,0.474342,0.564343,0.419776,0.54197,0.570112,0.343871,0.35658,0.408532,0.451747,0.457834,0.478,0.478077,0.506548,0.527289,0.501824,0.559961,0.486673,0.471744,0.400385,0.585789,0.433281,0.377795,0.441414,0.486861,8.48604,9.05968,6.89038,8.361,6.5628,9.55023,8.28356,5.27169,7.45117,7.92095,9.56423,9.11452,5.91942,8.21506,7.12734,8.31022,8.11159,7.30354,8.67962,8.27787,7.00564,8.91905,8.32807,8.13618,7.69567,7.98665,7.77582,9.76362,8.96505,8.95451,8.30958,9.28688,8.43322,8.30037,7.43234,7.93591,8.68756,7.69229,8.39657,8.34735,8.62131,7.49718,8.44799,8.8735,8.04566,7.97191,2,4,2,4,6,12,10,5,6,4,6,6,2,6,6,3,6,10,12,8,10,11,9,12,7,0,1,1,3,2,20,9,13,14,13,2,1,3,13,4,12,3,7,3,3,2,8,4,5,10,3,5,4,1,3,0,1,2,1,8,8,6,6,5,3,2,4,6,9,4,1,6,8,6,6,7,10,5,2,1,1,3,0,2,2,3,4,2,4,2,3,27,27,11,27,19,23,29,34,3,5,2,11,8,1,2,0,8,8,5,7,4,14,15,3,8,11,6,4,3,2,2,3,5,2,6,0,1,7,10,5,10,10,9,24,15,12,12,18,16,13,4,11,11,20,19,21,6,17,7,6,12,8,1,1,4,11,10,4,5,9,4,12,11,5,7,7,4,11,10,10,3,4,11,8,9,15,6,15,12,11,13,9,8,9,9,4,2,4,5
185.149,0.939086,0.0128217,8,511,0,-116.736,8.67474,0.779379,0.051476,0.509673,0.89166,-0.0822544,0.927146,-0.0278033,2.17705,0.344863,-1.45168,-0.479812,0.489154,1.23697,1.02464,-0.754448,0.25972,-0.736548,-0.549272,0.00375874,0.395193,1.37157,0.460287,-0.619162,0.87929,0.246706,-0.388441,0.415126,-0.304021,-0.443704,1.13264,0.971676,0.709034,0.310874,0.485686,0.180064,-0.0754272,0.211376,-0.301835,0.239157,-0.2817,0.0775029,0.180263,0.719337,-0.428264,0.482175,0.895355,0.375953,0.550822,0.0270593,-0.013488,0.0383558,0.00958306,0.0316517,-0.0157316,-0.0306763,-0.0849507,-0.0488748,0.070894,0.121934,-0.0259604,0.0246053,-0.034141,0.0271395,0.67446,0.236081,-0.409696,-0.0908619,0.363103,-0.588976,0.938147,0.202233,-0.490092,0.16235,-0.517835,0.282024,0.717233,-0.253029,-1.26736,-1.02583,1.0897,-1.46223,0.941848,-0.228392,1.07546,0.322671,-0.378999,-0.0506023,-1.02425,0.676496,-0.351273,0.452717,0.212366,0.556637,-1.66346,-0.589919,-0.207571,1.00625,0.910792,-0.87199,0.217734,-0.490264,0.424455,0.927039,0.137989,-0.832132,-0.63243,0.304862,-0.19004,0.898115,-0.155991,0.600812,0.327742,0.827963,0.959798,0.399127,-0.585338,-0.563014,0.481074,-0.200073,-0.2761,-0.0942636,0.316121,-0.229862,0.272886,-0.0491501,-0.0706826,0.153172,0.247397,0.0619105,-0.337816,0.0817317,-0.0666206,0.128984,-0.198333,-0.465516,0.243128,0.154494,23.5272,0.585102,0.645974,0.486134,0.651428,0.495312,0.812804,0.557888,0.273071,0.419795,0.581739,0.697261,0.666207,0.375464,0.543681,0.3783,0.408429,0.500634,0.566244,0.716073,0.576994,0.397091,0.644064,0.541503,0.434875,0.569543,0.448916,0.425738,0.682205,0.658216,0.617326,0.552227,0.581169,0.530324,0.487285,0.535581,0.449281,0.540238,0.452643,0.513065,0.530358,0.618967,0.428286,0.580593,0.646544,0.563054,0.591823,0.530045,0.552432,0.495145,0.554503,0.498359,0.625734,0.520343,0.415151,0.471712,0.528838,0.572492,0.560181,0.45559,0.515324,0.456638,0.467627,0.500222,0.523307,0.58025,0.52714,0.463522,0.55171,0.514556,0.47709,0.524481,0.482064,0.473836,0.566453,0.557098,0.54175,0.51834,0.528634,0.510626,0.495548,0.512473,0.482193,0.514111,0.48338,0.504574,0.510638,0.542354,0.474745,0.528427,0.552648,0.522174,0.532464,0.47475,0.455903,0.504078,0.454158,0.501379,0.393701,0.482907,0.571486,0.523773,0.475765,0.438973,0.449369,0.537338,0.487125,0.536456,0.527208,0.499814,0.480415,0.432409,0.477193,0.530662,0.456512,0.48777,0.519251,0.479428,0.51507,0.521986,0.444075,0.45197,0.464902,0.484591,0.475937,0.491073,0.50374,0.489521,0.514962,0.488144,0.513964,0.496157,0.491063,0.464393,0.521222,0.47611,0.455722,0.481368,0.472716,0.440961,0.397694,0.509572,0.393744,0.503236,0.266305,0.459951,0.662796,0.555609,0.443318,0.359893,0.382964,0.58691,0.469811,0.584889,0.563578,0.499563,0.454137,0.345589,0.446636,0.571563,0.399074,0.47132,0.545084,0.451838,0.535323,0.551455,0.371155,0.388807,0.418224,0.463884,0.443716,0.479057,0.508777,0.47542,0.53507,0.472196,0.532737,0.490981,0.479034,0.417058,0.549677,0.444119,0.397282,0.456358,0.436245,8.40582,9.06674,7.1253,8.44911,7.1867,9.63576,8.27903,5.59329,7.29107,7.76914,9.51591,8.9826,6.36912,8.12445,7.06146,7.5101,7.83589,7.66343,8.7543,8.40895,7.13447,8.82032,8.34238,8.12069,7.68586,7.98067,7.82341,9.78053,8.92352,8.9268,8.24075,9.3631,8.3318,7.97919,7.64528,7.724,8.69145,7.74668,8.41077,8.2675,8.64123,7.58165,8.43357,8.89695,8.03844,8.45207,5,5,3,6,4,5,8,4,12,2,4,3,3,6,5,5,6,7,9,13,8,5,3,2,2,3,3,2,0,1,15,7,13,4,7,0,0,2,9,25,13,3,3,9,8,12,11,2,8,8,2,3,9,2,3,1,2,0,1,12,7,14,7,4,7,3,9,7,12,10,11,3,9,1,5,3,8,8,1,2,3,1,3,4,3,2,1,3,6,6,2,20,19,34,28,24,22,22,19,0,1,1,7,9,3,1,3,6,10,2,4,7,12,20,9,11,6,10,5,3,2,0,1,3,5,3,4,3,11,3,11,10,15,13,16,9,11,15,14,5,20,18,7,17,12,12,15,5,7,9,6,9,5,5,7,4,4,18,8,5,5,5,4,9,7,6,8,11,10,7,15,5,19,17,10,5,13,11,10,21,19,12,9,11,9,8,3,3,7,2
176.166,0.94076,0.0128217,8,511,0,-105.391,8.97951,0.685858,0.0863043,0.806879,0.893835,-0.155906,1.14006,-0.149981,1.97828,0.398251,-1.56013,-0.705062,0.569081,1.17742,1.0145,-0.145832,0.0793577,-0.628616,-0.584515,-0.265392,0.530824,1.32786,0.353211,-0.65905,0.833575,0.219784,-0.286216,0.384457,-0.397809,-0.520978,0.957131,1.10982,0.727504,0.236692,0.514227,0.170471,0.0490898,0.444444,-0.324225,0.182721,0.14553,-0.232786,0.17999,0.74844,-0.42467,0.499614,0.737088,0.456264,0.432977,-0.0174731,-0.11749,0.0548997,-0.034989,-0.101558,-0.0998063,-0.00266993,0.0596855,0.0430681,0.0268651,0.109348,-0.00151047,0.0640828,-0.111662,0.163807,0.72802,-0.169022,-0.410599,-0.116548,0.368391,-0.739904,0.90653,0.250923,-0.51691,0.0952061,-0.567946,0.333965,0.674016,-0.282859,-1.15615,-1.13129,1.02704,-1.55473,0.769308,-0.0971709,0.883742,0.230736,-0.344652,0.168155,-0.962542,0.6765,-0.142157,0.273601,0.257065,0.492708,-1.58196,-0.706975,-0.248343,0.656175,0.924021,-0.458584,0.11406,-0.139636,0.344709,0.979988,0.0768664,-0.92125,-0.540211,0.277388,-0.157887,0.734742,-0.154349,0.608444,0.304799,0.852479,0.943323,0.81023,-0.422865,-0.521445,0.31838,0.0358528,-0.109077,-0.19087,0.145256,-0.321915,0.255845,0.200548,-0.0223092,0.175905,0.282292,-0.176271,-0.279169,-0.03647,-0.199304,0.152799,-0.0649448,-0.288818,0.26231,0.131553,21.9435,0.642774,0.657175,0.471655,0.696352,0.47273,0.80849,0.57198,0.243091,0.37442,0.602119,0.702072,0.676685,0.473483,0.514439,0.387545,0.395192,0.451847,0.595428,0.724464,0.563934,0.382299,0.647224,0.539917,0.448095,0.56952,0.428099,0.4063,0.66748,0.691677,0.629399,0.542973,0.592514,0.530987,0.508934,0.580193,0.441262,0.533207,0.526463,0.457733,0.532712,0.632947,0.423318,0.589943,0.631025,0.582287,0.578158,0.465958,0.462302,0.506588,0.451975,0.506337,0.417177,0.483178,0.565545,0.529758,0.475972,0.450411,0.457236,0.506162,0.496647,0.526538,0.524679,0.511212,0.477585,0.444125,0.485079,0.52782,0.464835,0.490714,0.512092,0.48376,0.516803,0.522,0.459644,0.453241,0.469298,0.49,0.478285,0.492797,0.497926,0.481229,0.513697,0.49228,0.493851,0.509835,0.492395,0.468416,0.517937,0.478901,0.468894,0.48073,0.481712,0.486902,0.485492,0.502531,0.481498,0.502435,0.467924,0.493534,0.525309,0.511446,0.490761,0.480892,0.483534,0.502368,0.498712,0.510205,0.509489,0.504309,0.491382,0.478454,0.494265,0.510699,0.486469,0.496432,0.504647,0.493758,0.506459,0.508458,0.484465,0.481989,0.48819,0.496157,0.491652,0.497232,0.499203,0.492784,0.505264,0.497033,0.497637,0.503779,0.497078,0.487851,0.506895,0.491889,0.488035,0.492593,0.492971,0.442002,0.435817,0.511255,0.418419,0.510828,0.360923,0.471276,0.61078,0.550733,0.459002,0.415795,0.427268,0.510528,0.49427,0.545265,0.542105,0.519153,0.461747,0.40528,0.474519,0.547443,0.440101,0.484136,0.520654,0.472269,0.528692,0.537546,0.431328,0.420545,0.447663,0.482916,0.462939,0.487694,0.496456,0.467953,0.523393,0.48681,0.489494,0.516802,0.487007,0.446169,0.530625,0.463988,0.446979,0.467103,0.468778,8.73807,9.01797,7.02842,8.61328,7.03517,9.42294,8.29343,5.44783,7.01998,7.85356,9.56305,8.97186,7.0399,7.91194,7.12496,7.56515,7.51916,7.81016,8.7068,8.24221,7.07206,8.7682,8.25375,8.21158,7.64389,7.87966,7.73974,9.6683,9.07877,9.05704,8.1096,9.37218,8.42439,8.05928,7.82816,7.63404,8.74503,8.16917,8.06743,8.20843,8.67207,7.51981,8.40859,8.67767,8.10019,8.31447,1,5,5,4,4,5,6,3,7,2,2,0,9,8,5,10,7,8,4,4,7,6,4,3,4,3,1,1,2,2,13,10,8,15,4,0,0,2,7,16,6,2,8,15,8,16,9,2,9,7,1,6,7,2,4,3,1,2,2,9,8,10,9,6,5,6,5,8,6,6,7,6,6,5,16,8,9,14,3,2,0,2,4,3,1,6,2,6,3,6,6,8,27,17,15,5,18,13,21,10,8,8,7,3,2,2,7,14,2,3,2,4,17,12,11,13,2,7,3,2,1,3,1,2,6,3,3,0,6,8,7,11,7,10,13,12,12,13,11,16,10,16,11,15,14,16,12,9,9,7,9,5,6,4,9,3,8,10,12,26,6,6,10,12,7,9,10,8,12,13,21,10,13,15,12,12,18,15,7,10,10,8,10,12,12,13,2,5,1,3
181.954,0.862184,0.0128217,9,511,0,-101.791,9.33061,0.557648,0.0363048,-0.625478,0.489623,-0.413296,-1.11055,0.00566374,-1.18316,0.0662174,1.08193,0.248781,0.423709,1.07144,1.05884,0.0328816,-0.0427003,0.218001,0.546667,0.0391752,-0.0837303,1.26682,0.251333,-0.813835,0.69183,-0.185564,-0.79663,0.348381,-0.452126,-0.76443,1.28239,0.898615,0.624905,-0.161995,0.208924,-0.0641613,-0.352935,-0.505368,0.559751,-0.144391,-0.524456,0.0718191,-0.654614,0.581666,-1.03242,0.350035,-0.655846,0.39706,-0.663893,-0.0167156,-0.0745603,-0.0156372,0.0014559,-0.0522419,0.00455206,0.0285094,0.0378769,0.042697,0.0551568,-0.0353213,0.00722038,0.011501,0.0348311,0.026008,0.147174,-0.0936592,-0.515555,-0.0545744,0.352102,2.66484,0.605691,0.261624,-0.508757,0.469193,0.485555,0.19352,0.653127,0.504803,-0.847009,-0.689297,1.39269,-0.214792,1.45465,-0.151888,0.795555,0.293691,-0.739795,-0.610274,-1.05518,0.786959,-0.354306,0.494931,0.258606,0.395995,-0.683939,-1.22874,-0.389869,0.642804,0.41559,0.508926,0.747856,-0.923764,-0.0796796,0.582318,-0.482644,-1.12765,-1.01775,0.494135,-0.464612,0.845384,-0.0172881,-0.307811,1.07508,0.562191,0.511507,-0.243781,-0.173083,-0.214754,-0.463412,0.365087,-0.21516,0.0838462,-0.0921618,0.483445,0.361905,-0.198682,-0.279624,0.159685,-0.321146,0.145196,-0.28497,0.155039,-0.121046,-0.10243,-0.303888,-0.309795,-0.0868437,0.0180738,17.046,0.477003,0.518007,0.484798,0.45923,0.500208,0.456577,0.502436,0.539724,0.509153,0.515585,0.53934,0.53888,0.50121,0.498429,0.50802,0.520103,0.501441,0.496919,0.546476,0.509246,0.470092,0.525433,0.493173,0.470723,0.512815,0.483371,0.471904,0.547044,0.533015,0.522976,0.49404,0.507686,0.497639,0.487017,0.481414,0.520584,0.494688,0.480713,0.502642,0.475933,0.521389,0.462086,0.512876,0.475888,0.514605,0.475592,0.514641,0.488538,0.509676,0.52598,0.499867,0.527675,0.49845,0.474688,0.494175,0.49008,0.474934,0.475228,0.49923,0.501,0.494896,0.487203,0.499083,0.501961,0.470372,0.494115,0.519047,0.483807,0.504345,0.518644,0.491843,0.510585,0.517891,0.470009,0.478972,0.485372,0.503793,0.495108,0.501502,0.508263,0.511831,0.486897,0.503381,0.512278,0.498318,0.515323,0.486384,0.524155,0.491805,0.515352,0.490704,0.51554,0.547376,0.462871,0.531358,0.583579,0.49957,0.588931,0.494969,0.418536,0.481109,0.467854,0.419312,0.420245,0.497502,0.503244,0.483444,0.458564,0.497024,0.506361,0.404928,0.480915,0.561515,0.447633,0.514094,0.560228,0.473557,0.534295,0.557816,0.403788,0.432152,0.452667,0.512305,0.484133,0.504874,0.526788,0.538319,0.457577,0.510968,0.53976,0.494544,0.549569,0.455924,0.577798,0.473432,0.549662,0.469871,0.550267,0.548291,0.462152,0.531966,0.585172,0.499561,0.590622,0.494872,0.416982,0.480742,0.467231,0.417772,0.418722,0.497453,0.503307,0.483123,0.457762,0.496966,0.506484,0.403127,0.480544,0.562699,0.446623,0.514368,0.561387,0.473045,0.534959,0.558929,0.401966,0.430849,0.451753,0.512544,0.483825,0.504969,0.527307,0.53906,0.456756,0.511181,0.540529,0.494438,0.550526,0.455072,0.579285,0.472917,0.55062,0.469287,0.551237,7.48592,9.08236,6.95303,6.26121,7.37518,6.17733,8.16319,8.45962,8.36682,7.79641,9.54886,9.18303,7.40261,8.07313,8.31613,9.02011,8.15562,7.28511,8.64591,8.34971,7.29613,8.81324,8.40204,8.15858,7.7205,8.02568,7.711,9.77739,9.02159,9.09894,7.93324,9.13686,8.40463,8.2334,6.87098,9.15303,8.66994,8.06057,8.55361,7.92943,8.70224,7.54875,8.44917,7.43564,8.12118,7.44721,4,0,1,0,5,7,6,13,9,6,14,6,8,10,19,18,17,5,11,10,7,7,7,9,18,3,4,4,3,0,14,7,9,12,13,3,4,6,24,10,14,2,2,2,10,16,11,4,2,4,0,3,2,1,2,0,0,3,1,28,15,6,13,2,5,7,9,10,6,4,2,9,3,6,3,3,11,7,3,7,2,0,0,3,1,0,0,0,3,6,9,7,9,14,10,7,10,10,10,3,2,6,11,4,0,0,0,8,11,5,5,4,4,3,7,13,5,2,1,3,5,1,3,2,4,2,2,0,4,6,3,10,8,13,8,11,9,20,22,13,9,8,16,22,13,13,14,1,4,5,4,2,2,2,6,5,1,1,1,12,25,17,19,2,8,2,5,6,9,7,2,10,10,7,7,10,19,3,7,3,7,8,7,1,5,3,3,0,3,3
174.13,0.995335,0.0128217,8,255,0,-90.6177,9.89322,0.556923,0.117734,0.495128,1.0668,-0.379246,0.843208,-0.216291,1.84477,0.281715,-0.221553,-0.33324,0.363282,0.980803,0.743733,0.740321,-0.0450162,0.254122,-0.0241557,-0.260517,-0.340865,1.11607,0.323772,-1.05196,0.266089,0.324015,-0.45261,0.240146,-0.443819,-0.703259,0.738879,0.738203,0.571944,0.0289251,-0.30433,-0.0537865,0.416748,-0.40626,0.724169,-0.10751,0.603546,-0.123288,0.335904,0.449657,-0.365859,0.508734,0.671913,-0.178615,0.634153,0.0553869,0.0637248,-0.0560662,-0.184858,0.231162,0.0329992,-0.122594,-0.0153386,0.00714646,-0.248186,0.00884234,0.0201217,0.215756,0.0334011,0.151125,0.134665,-0.137077,-0.405398,-0.184573,0.371767,1.95614,0.751737,0.119062,-0.574097,0.774858,-0.780414,0.592387,0.0182322,-0.132367,-1.54573,-0.861071,0.465584,-1.65154,0.0222742,-0.338205,1.03872,0.20654,-0.476803,-0.11313,-1.15097,0.729757,-0.398977,-0.117809,0.559329,0.648118,-0.840247,-0.679369,-0.461085,0.712188,1.05862,-0.0734931,0.148169,-0.189788,0.229218,0.0879279,-0.144548,-0.308967,-0.765476,0.744494,-0.164099,1.23471,-0.465606,0.689604,0.321435,1.19698,0.324836,0.527717,-0.694097,-0.0390216,0.335437,-0.052776,0.141205,0.0346602,0.0683628,-0.0720444,-0.0972234,0.250941,-0.0195711,0.103649,0.0401198,0.21845,-0.0412728,-0.0624349,0.0984924,-0.127656,-0.5637,0.046591,0.173165,0.0919476,16.8306,0.516663,0.535853,0.487235,0.528357,0.492719,0.561789,0.509483,0.492542,0.488783,0.512228,0.532972,0.525018,0.524903,0.498484,0.508555,0.499187,0.49123,0.488526,0.537503,0.510898,0.464643,0.508957,0.510907,0.484767,0.508084,0.485063,0.476342,0.524855,0.524832,0.519246,0.500974,0.489756,0.498189,0.514027,0.486326,0.524361,0.496381,0.520308,0.495849,0.511307,0.515134,0.487685,0.51712,0.522605,0.493987,0.521337,0.483039,0.463507,0.512994,0.471136,0.507412,0.437116,0.490347,0.507592,0.511418,0.487553,0.466439,0.474535,0.474651,0.501543,0.491292,0.500828,0.508927,0.511679,0.461828,0.488906,0.535988,0.490882,0.488898,0.515506,0.491771,0.515205,0.524082,0.474701,0.474724,0.48041,0.499009,0.510428,0.501843,0.485722,0.513919,0.475204,0.503684,0.479329,0.504225,0.488491,0.484595,0.512535,0.482573,0.47699,0.506121,0.478282,0.430674,0.354034,0.553243,0.383359,0.530443,0.26117,0.460382,0.531182,0.546824,0.448983,0.365197,0.396698,0.397158,0.506344,0.464249,0.503404,0.536647,0.547889,0.347708,0.454499,0.644051,0.462572,0.454465,0.56344,0.466209,0.562221,0.597829,0.397353,0.397444,0.42009,0.495924,0.542783,0.507579,0.441538,0.557003,0.39934,0.515146,0.415756,0.517367,0.452804,0.436969,0.551377,0.428794,0.406427,0.52515,0.411572,0.505767,0.512423,0.495583,0.50982,0.497481,0.521474,0.503281,0.497419,0.496119,0.504231,0.511422,0.508662,0.508622,0.499476,0.50296,0.499719,0.496966,0.49603,0.512997,0.503771,0.487749,0.503099,0.503774,0.494728,0.502797,0.494831,0.491809,0.508605,0.508598,0.506661,0.500337,0.496455,0.499374,0.504854,0.495268,0.508434,0.498748,0.507029,0.498564,0.503912,0.505237,0.495739,0.505925,0.507826,0.49792,0.507386,8.64571,9.02088,7.06416,8.72125,7.22862,9.30862,8.26477,7.22331,7.8097,7.81354,9.41353,8.8966,8.19406,8.10058,8.23692,8.39931,7.88309,7.1029,8.57326,8.30722,7.08435,8.41456,8.27126,8.16266,7.68927,8.05362,7.79179,9.75693,8.89102,9.00091,8.00965,9.38475,8.36941,8.36485,7.46026,8.6751,8.75017,8.55337,8.37711,8.28326,8.59982,7.57502,8.49389,8.65857,7.97428,8.78602,3,3,3,4,1,7,11,7,9,2,5,6,10,6,6,5,5,3,3,7,7,3,4,7,5,2,0,2,1,2,5,17,15,10,11,0,0,0,5,4,4,5,4,3,15,13,22,9,6,5,1,6,5,5,7,1,3,1,4,17,9,20,13,3,2,8,2,1,2,0,6,4,9,20,14,8,12,20,1,0,1,3,3,3,1,3,5,3,3,4,2,7,17,4,23,9,18,13,18,5,2,10,6,6,5,2,6,3,7,8,7,2,5,8,2,6,4,4,2,4,5,5,3,4,3,2,1,1,7,16,17,11,15,35,13,3,15,11,13,11,12,11,17,8,21,15,10,7,14,7,3,4,5,1,1,3,6,16,15,5,7,6,4,27,22,13,17,25,7,21,16,22,21,18,30,19,29,17,19,4,5,5,7,6,15,4,2,2,2,6
186.184,0.996085,0.0128217,8,511,0,-111.812,9.04564,0.616382,0.110642,0.167771,0.391205,0.00389103,-1.04975,0.421359,-1.57265,0.401089,0.103828,-0.654503,0.669723,0.939323,0.754127,0.183801,0.0781894,-0.202851,-0.87895,0.844946,0.115957,1.41786,0.462838,-0.695175,0.400722,0.0122639,-0.660019,0.593728,-0.26399,-0.453255,0.86019,0.682033,0.643072,0.258202,0.420846,0.0604367,-0.401714,-0.347195,-0.0785818,-0.0482271,0.0315801,0.126712,0.0459585,0.426456,-0.703179,0.510861,-1.02207,0.585127,-0.666804,-0.00615342,-0.0558046,0.0442513,-0.131316,-0.275652,-0.102517,-0.0398818,0.0194917,-0.110495,0.0715077,0.110854,-0.0829246,0.169431,0.0285924,-0.0265511,1.06647,-0.47507,-0.652465,-0.0491502,0.360981,0.71973,0.628464,0.198107,-0.723208,0.68413,0.495648,-0.00263993,0.366716,0.375765,-0.460759,-0.80431,1.21655,-0.898148,1.1308,-0.494732,0.402075,-0.259064,-0.58378,-0.397382,-1.17552,0.590849,-0.956049,0.604627,-0.0230245,0.0559411,-0.54914,-0.0381698,-0.598842,0.502383,0.613257,-0.628783,0.249529,-1.2604,0.00496063,0.555858,-0.329467,-0.904561,-1.1747,0.587966,-0.466356,1.16164,-0.24603,0.10723,0.360893,1.18937,0.687269,0.0605039,-0.710896,-0.0817574,-0.370045,0.0269174,-0.144846,-0.176331,-0.102894,0.1287,0.333841,-0.298083,-0.160401,0.0568078,-0.0216023,0.0494946,-0.0099909,-0.028401,0.145441,0.0683383,-0.407953,-0.162956,0.318801,-0.00166678,20.1107,0.544612,0.602815,0.501037,0.2461,0.610489,0.157469,0.605336,0.527654,0.332254,0.671337,0.731404,0.690884,0.548848,0.520835,0.446126,0.281431,0.711177,0.530877,0.819372,0.620955,0.322702,0.605242,0.50327,0.33095,0.653213,0.430077,0.381454,0.714505,0.674227,0.665036,0.568409,0.610358,0.516108,0.394505,0.408475,0.479061,0.487145,0.508419,0.533732,0.512251,0.61178,0.320839,0.632932,0.251616,0.651132,0.32935,0.480085,0.453671,0.499538,0.622154,0.450123,0.67855,0.452507,0.487671,0.577113,0.421123,0.390254,0.41138,0.478184,0.490715,0.524073,0.6029,0.400974,0.486232,0.337695,0.44525,0.581822,0.452551,0.498543,0.577753,0.429948,0.531312,0.553625,0.399236,0.419698,0.424213,0.469372,0.450183,0.492823,0.547566,0.541142,0.509332,0.505728,0.496249,0.484955,0.494542,0.449523,0.582747,0.439622,0.619059,0.43095,0.578539,0.482896,0.460186,0.499603,0.605455,0.457132,0.655107,0.459185,0.489412,0.566358,0.432118,0.405355,0.423689,0.481263,0.492026,0.520677,0.588694,0.414669,0.488176,0.359297,0.452936,0.570428,0.459222,0.498749,0.56691,0.439741,0.526898,0.546095,0.41316,0.430886,0.434788,0.473691,0.457184,0.493836,0.540879,0.535351,0.508014,0.504918,0.496779,0.48708,0.495313,0.456616,0.571228,0.448086,0.602755,0.440606,0.56759,0.493166,0.484068,0.499841,0.542661,0.482841,0.56372,0.483666,0.49577,0.526638,0.472743,0.461808,0.469316,0.492513,0.496815,0.508263,0.535746,0.465632,0.495276,0.442494,0.481153,0.52829,0.483681,0.4995,0.526863,0.475831,0.510753,0.518457,0.465014,0.472243,0.473826,0.489483,0.482862,0.497538,0.51636,0.514141,0.503201,0.501965,0.498713,0.494838,0.498128,0.482634,0.528615,0.4792,0.541542,0.476181,0.527138,8.2875,8.98436,6.86472,5.58197,7.42239,4.83673,8.25163,6.99868,7.19266,7.74943,9.52282,9.0625,7.10576,8.16752,7.4439,7.12364,9.1799,7.01493,8.69507,8.33348,7.13957,8.5982,8.47794,8.15581,7.64991,7.93845,7.68674,9.56257,8.96869,9.13966,8.06135,9.16728,8.3656,7.92467,6.49617,8.35615,8.50795,8.50383,8.46173,8.52311,8.63234,7.52793,8.39695,6.37211,8.09838,7.17659,4,1,2,4,3,13,17,11,11,7,6,2,2,1,3,2,1,4,6,4,4,2,7,5,6,5,3,3,2,1,14,15,21,25,44,1,2,2,12,17,39,0,5,4,9,5,10,7,4,5,1,6,1,5,4,1,1,4,2,6,6,8,12,4,2,0,9,15,16,5,22,3,8,9,3,2,11,6,5,5,1,12,8,10,6,7,9,4,1,2,2,15,11,11,8,12,13,8,23,1,6,18,9,10,1,0,3,4,3,4,4,8,5,6,11,17,2,6,7,1,1,5,5,1,1,2,3,2,12,10,6,27,16,20,17,26,26,19,17,10,30,20,19,15,25,17,14,4,7,3,5,3,11,3,5,4,9,3,8,13,9,20,6,16,29,12,13,25,19,20,24,18,18,21,19,20,12,16,17,7,9,24,14,5,0,4,3,2,1,0
181.552,0.997424,0.0128217,8,255,0,-116.437,9.18742,0.622274,0.0782672,0.27536,0.434639,0.0432859,-0.917909,0.396446,-1.59889,0.380171,0.0405166,-0.427028,0.683498,0.977513,0.778275,0.271227,0.0584142,-0.0266911,-0.891523,0.918169,0.034435,1.37997,0.459446,-0.692695,0.389116,-0.066189,-0.764122,0.600064,-0.178319,-0.441593,0.922063,0.657308,0.644553,0.312064,0.496177,0.0432854,-0.324327,-0.407612,-0.108765,0.00959007,0.263166,0.270348,0.0425037,0.405169,-0.65216,0.483555,-1.07366,0.491173,-0.5447,0.0438162,-0.0425342,0.0877507,-0.157589,-0.238463,-0.0905044,-0.111929,-0.0257909,-0.203013,0.113932,0.0765848,-0.12035,0.0964902,-0.0362885,0.0251695,1.0862,-0.460863,-0.646945,-0.0654798,0.363805,0.766169,0.612372,0.201426,-0.734804,0.670402,0.421935,-0.0353144,0.363325,0.403743,-0.503681,-0.761095,1.23621,-0.97606,1.10013,-0.538623,0.429896,-0.325572,-0.734208,-0.346029,-1.11301,0.569316,-0.895611,0.64277,0.0200937,0.0694453,-0.503013,-0.0219134,-0.689325,0.543495,0.63191,-0.404137,0.174096,-1.2965,0.057067,0.650633,-0.379235,-0.982508,-1.23301,0.526158,-0.323065,1.15324,-0.305616,0.139026,0.335623,1.14686,0.727998,0.0784875,-0.628402,-0.142501,-0.35422,0.0399275,-0.156831,-0.132224,-0.04782,0.213009,0.356792,-0.277966,-0.165152,0.0724403,0.0179562,0.09094,0.0363864,-0.0428887,0.114369,0.0518327,-0.398504,-0.101416,0.290784,0.00572887,19.1084,0.574221,0.615881,0.511752,0.269526,0.606021,0.149731,0.601793,0.511,0.386076,0.677523,0.743029,0.699593,0.573123,0.515857,0.492753,0.275206,0.73053,0.50935,0.817414,0.622236,0.320298,0.604119,0.482034,0.303648,0.657413,0.451729,0.382333,0.731362,0.671277,0.668212,0.583939,0.631567,0.511752,0.412829,0.391087,0.470499,0.502604,0.57098,0.57289,0.51154,0.608281,0.329958,0.628371,0.237542,0.630301,0.356256,0.468317,0.45009,0.495013,0.604208,0.45445,0.676311,0.45631,0.495332,0.549042,0.421895,0.389242,0.411279,0.468791,0.49327,0.503075,0.601296,0.395763,0.496033,0.346156,0.447261,0.579138,0.455287,0.507625,0.58714,0.4313,0.520534,0.550704,0.395334,0.424842,0.426279,0.464107,0.44308,0.495013,0.537298,0.546826,0.512529,0.498895,0.469716,0.468892,0.495103,0.453453,0.574579,0.444516,0.621238,0.44365,0.562431,0.472594,0.456807,0.495688,0.590441,0.460586,0.654112,0.462197,0.495964,0.542441,0.432324,0.403827,0.423079,0.473005,0.494181,0.502659,0.587896,0.409534,0.496569,0.365882,0.454355,0.568575,0.461311,0.506594,0.575544,0.440501,0.517758,0.543881,0.409158,0.434887,0.436137,0.46895,0.450728,0.495688,0.532266,0.54052,0.510834,0.499045,0.473806,0.473092,0.495766,0.459722,0.564609,0.451974,0.605361,0.451222,0.554054,0.493019,0.488982,0.498903,0.523256,0.48995,0.54045,0.490362,0.498973,0.510825,0.482678,0.475236,0.480278,0.493124,0.498519,0.500677,0.522588,0.476738,0.499127,0.465069,0.488353,0.517555,0.490136,0.501678,0.519364,0.484791,0.504521,0.511194,0.476639,0.483341,0.483664,0.492089,0.487423,0.498903,0.508222,0.510333,0.502758,0.499757,0.493328,0.493146,0.498922,0.489729,0.516529,0.487742,0.527195,0.487549,0.513807,8.41589,8.99713,6.95351,5.86627,7.42776,4.83455,8.28486,6.94978,7.47193,7.80748,9.68983,9.08127,7.2602,8.12405,7.73801,7.21492,9.26191,6.94158,8.69081,8.39051,7.12095,8.56812,8.32441,8.11229,7.69787,8.21387,7.86132,9.75314,8.92329,9.25854,8.19377,9.45445,8.45565,7.97742,6.53506,8.26704,8.58869,8.76784,8.81795,8.47092,8.58954,7.54239,8.42255,6.35938,8.03517,7.3157,4,4,2,3,4,14,13,17,10,6,9,7,1,2,3,2,5,10,3,7,4,4,6,4,12,1,1,10,3,3,32,21,22,19,17,1,2,3,4,15,30,5,3,3,7,12,11,1,5,7,3,2,3,2,2,0,3,1,1,9,5,10,12,3,1,2,10,11,9,16,12,9,6,2,5,4,9,2,6,5,4,4,3,4,7,4,3,0,0,1,2,17,10,15,9,15,11,6,13,1,3,15,10,12,4,1,4,8,9,5,6,9,8,3,6,11,3,7,4,2,0,2,4,2,1,2,2,0,10,7,5,28,17,23,27,32,22,9,14,27,17,25,19,29,22,12,34,5,9,4,9,3,10,5,9,2,10,8,11,13,4,10,9,15,25,11,22,10,10,17,10,11,16,20,19,22,20,15,17,12,12,14,21,5,1,6,2,2,4,3
191.088,0.998355,0.0128217,8,511,0,-104.176,7.73375,0.708525,0.106825,-0.823565,0.878887,-0.882974,0.737151,0.741459,1.78366,0.0535907,-0.307628,1.15598,-0.231599,1.19586,1.05217,-0.350855,0.314071,-0.651575,0.750891,-1.69653,0.135742,0.416953,0.0759867,-0.582937,0.479973,0.405383,0.0013996,-0.289809,-0.357557,-0.545603,0.903039,0.752524,0.807936,0.0166303,0.692827,0.348214,-0.247032,-0.566961,0.648274,0.279918,-0.0170781,-0.275499,0.364875,0.554262,-0.337022,0.197,1.11136,-0.307409,0.763722,-0.0535492,0.014483,0.11248,-0.039695,-0.156983,0.0684281,-0.0327274,-0.010236,0.0925558,-0.0125543,-0.00116198,-0.168992,-0.206925,0.0437342,-0.0848907,0.967758,0.615339,0.0677562,-0.0779092,0.362255,0.198603,0.585726,0.365347,-0.328045,-0.0521939,-0.126154,0.271505,0.105959,-0.445469,-1.03131,-0.661285,0.975884,-0.779543,0.612944,-0.393131,1.08009,0.563697,0.102637,-0.536614,-0.572,0.900886,-0.506882,0.0250042,0.608191,0.274566,-0.949637,-0.350435,-0.245087,0.710955,0.833069,0.316204,0.182014,0.307999,0.134811,0.60519,0.0863271,-0.647238,-0.941605,-0.0878434,-0.127359,0.983197,-0.325927,-0.0763293,0.384429,1.00026,0.371737,0.257887,-0.247722,0.381837,0.374934,-0.304193,-0.0726905,0.00884688,0.276302,-0.225103,0.151587,0.304206,-0.144256,0.394208,-0.0468802,-0.138643,-0.39758,-0.102683,-0.316198,0.102964,-0.170568,-0.894116,0.212461,0.12011,19.9439,0.310665,0.700683,0.298489,0.671148,0.672068,0.848919,0.512963,0.426118,0.753749,0.4442,0.760843,0.734631,0.415921,0.575407,0.347382,0.674076,0.162216,0.532794,0.59953,0.518376,0.36259,0.614081,0.596839,0.500339,0.43034,0.414346,0.370981,0.705561,0.674424,0.686087,0.504023,0.661612,0.583458,0.440516,0.36617,0.651893,0.567312,0.495868,0.433738,0.587372,0.630973,0.419176,0.547518,0.745647,0.426169,0.676798,0.375951,0.632002,0.367414,0.611494,0.612124,0.749802,0.508243,0.452817,0.670693,0.464432,0.67609,0.656434,0.446235,0.548165,0.401087,0.613501,0.26039,0.52087,0.563792,0.511687,0.411273,0.573304,0.562041,0.500215,0.455535,0.445216,0.416847,0.635451,0.613739,0.62179,0.502558,0.604995,0.553363,0.462071,0.413656,0.598425,0.542955,0.497373,0.45772,0.555896,0.584448,0.448339,0.530268,0.6646,0.45285,0.615371,0.535061,0.462592,0.537581,0.468608,0.468425,0.424522,0.497715,0.513115,0.450866,0.509875,0.449182,0.455253,0.514957,0.486611,0.527756,0.468024,0.571843,0.494212,0.482228,0.49676,0.524837,0.479544,0.482721,0.49994,0.512356,0.515242,0.523249,0.461569,0.467955,0.465602,0.499291,0.470491,0.485156,0.510532,0.524158,0.472384,0.488066,0.500728,0.511746,0.484446,0.476383,0.514367,0.4916,0.452751,0.513106,0.467479,0.6762,0.313065,0.68772,0.340942,0.340077,0.16871,0.488023,0.568333,0.26239,0.551585,0.255548,0.280746,0.577789,0.430254,0.641662,0.338187,0.820081,0.469695,0.407864,0.483021,0.627431,0.394329,0.410364,0.499687,0.564421,0.579251,0.619596,0.30844,0.33786,0.326867,0.496283,0.349903,0.422787,0.554995,0.624086,0.359017,0.437755,0.503817,0.561272,0.419156,0.378581,0.574769,0.456078,0.270185,0.568285,0.335624,6.81327,9.03175,6.92055,9.40723,9.0571,10.3552,8.28183,7.67196,9.40298,7.77264,9.57625,9.27189,7.61482,8.31308,7.35048,9.00879,5.72553,8.26045,8.63265,8.31158,7.12588,8.53188,8.4147,8.13869,7.69554,7.91473,7.66726,9.68032,8.88771,9.08256,8.23272,9.25179,8.48141,7.54949,7.68623,8.73326,8.71736,7.85473,8.02325,8.36125,8.62937,7.4304,8.47223,9.66099,8.10641,8.90221,1,3,0,1,1,5,10,9,3,1,5,3,5,5,5,9,4,11,7,8,4,6,8,7,6,1,1,1,3,1,13,22,28,16,15,2,6,1,13,8,7,6,8,5,16,7,11,10,9,4,5,6,2,3,5,1,1,3,0,25,8,12,13,0,1,2,6,8,5,8,9,8,11,7,4,9,12,7,4,0,3,3,3,5,4,4,5,5,3,2,5,10,18,15,21,12,24,14,20,8,13,8,6,7,8,2,6,5,2,5,5,8,7,9,10,9,7,4,6,0,2,0,4,3,3,2,3,1,0,5,4,13,9,15,9,11,15,4,3,17,7,19,7,10,19,10,13,7,10,14,4,17,9,4,8,3,5,3,5,13,14,11,10,13,15,14,16,12,10,10,24,10,9,17,19,15,10,8,13,4,12,9,10,8,4,8,1,3,1,1
179.244,0.983403,0.0128217,9,511,0,-111.778,9.4918,0.693394,0.127405,0.673005,0.998187,-1.06225,-0.771053,-1.35981,-1.33933,-0.345604,-0.0839662,-0.728438,-0.290947,0.930301,1.00144,0.763827,-0.236798,0.832104,-0.442696,1.67402,-0.142273,0.472369,-0.280618,-1.16174,0.14706,0.209641,-0.313566,-0.451371,-0.975327,-1.20077,0.57679,0.551061,0.468126,-0.24271,0.0963433,-0.190803,0.14442,0.97386,-0.666714,0.0138254,0.722344,-0.347839,0.341448,0.299712,-0.587617,-0.186644,-1.49977,-0.931664,-1.23474,0.0983151,0.0327104,0.161171,-0.0105014,0.0309391,-0.101984,-0.0671766,0.00734605,0.0396873,0.0872079,0.0196131,-0.286454,0.00721653,0.150508,0.076082,-0.189759,-0.229929,0.00892649,-0.137117,0.370543,1.50276,0.77681,0.136562,-1.2875,0.527046,0.093454,0.403227,0.315328,0.512638,-1.37698,-0.711194,1.10707,-0.928904,0.416352,-0.732822,0.948406,0.0755791,-0.750211,-0.267598,-1.06213,0.745954,-0.842274,0.288096,-0.212902,-0.203459,0.0735028,-0.339936,-0.617959,0.847645,0.958009,-0.211118,0.105253,-1.0868,0.438949,0.199379,-0.625018,-0.583582,-1.26178,0.540811,-0.637232,1.28423,-0.6829,0.335378,0.371211,1.35092,0.504146,0.330778,-0.465047,-0.526071,0.0173383,0.0146353,-0.210077,-0.081763,0.114906,0.324034,0.0763548,0.0310461,-0.182806,-0.0261413,-0.0606359,0.113974,0.202594,-0.0602909,0.198981,0.0195837,-0.336752,0.174941,0.0714097,-0.0324178,19.1658,0.468116,0.452787,0.550223,0.536513,0.564153,0.563198,0.51639,0.503983,0.534502,0.513799,0.455981,0.452634,0.463827,0.511232,0.460607,0.520989,0.421246,0.506749,0.477606,0.513309,0.554891,0.493024,0.490056,0.514871,0.5214,0.546138,0.556719,0.472664,0.473882,0.477807,0.511512,0.49543,0.509051,0.493149,0.453931,0.531587,0.499344,0.465786,0.516495,0.483807,0.485786,0.527848,0.508853,0.570673,0.544083,0.558309,0.461391,0.442872,0.560759,0.544206,0.577534,0.576385,0.519856,0.504826,0.541775,0.516718,0.446727,0.442688,0.456206,0.513608,0.452314,0.525425,0.404944,0.508177,0.472874,0.516125,0.566385,0.491547,0.487952,0.518017,0.525923,0.55583,0.568588,0.466893,0.468366,0.473117,0.513948,0.494462,0.510966,0.491699,0.444253,0.538249,0.499205,0.458573,0.519984,0.480383,0.482779,0.533726,0.510727,0.585366,0.55335,0.570503,0.443582,0.416747,0.588487,0.564551,0.61252,0.610882,0.529063,0.507068,0.56102,0.524475,0.422314,0.41648,0.436047,0.519925,0.430402,0.537201,0.362685,0.511975,0.460316,0.523607,0.596576,0.487622,0.482358,0.526374,0.537927,0.581381,0.599736,0.451593,0.45374,0.460671,0.520422,0.49189,0.516058,0.487844,0.41874,0.555895,0.498836,0.439485,0.52925,0.471286,0.474789,0.54931,0.515708,0.623646,0.577798,0.602478,0.5294,0.543545,0.453676,0.466329,0.440807,0.441691,0.48489,0.496328,0.468185,0.487278,0.540597,0.543687,0.533357,0.489645,0.536328,0.480648,0.572695,0.493778,0.520647,0.48773,0.449365,0.506431,0.509168,0.48629,0.480269,0.457447,0.447676,0.525205,0.524082,0.520462,0.489387,0.504213,0.491656,0.506316,0.542489,0.470874,0.500605,0.53155,0.484792,0.514929,0.513105,0.474323,0.491838,0.434781,0.459343,0.446208,9.04689,9.08072,7.07065,7.98504,6.76659,6.78751,8.2246,8.07057,7.61436,7.85899,9.44696,9.38256,8.93716,8.1169,9.42842,8.04354,10.0698,8.01096,8.63925,8.29103,7.17153,8.50928,8.27473,8.23514,7.69501,7.98878,7.75839,9.6799,8.92224,8.97458,8.32977,9.28788,8.30102,8.20806,9.7686,7.37893,8.77986,8.7988,8.63013,8.40947,8.66532,7.45978,8.38709,7.04506,8.06387,7.09694,1,1,1,1,1,8,13,19,11,6,1,5,4,4,1,3,16,6,10,6,4,7,12,5,6,1,0,0,5,2,9,18,27,11,18,4,0,3,11,8,6,6,2,3,25,21,20,5,2,6,5,2,3,3,4,0,1,2,1,16,8,10,9,3,1,2,6,6,14,7,7,4,4,2,5,5,2,7,3,3,5,5,4,3,6,3,1,5,1,9,1,17,7,14,7,11,16,13,7,4,4,8,6,10,0,2,0,4,7,5,10,7,11,12,6,8,1,4,1,1,4,3,0,4,2,0,0,2,6,11,4,16,29,17,22,9,35,24,23,15,14,18,22,37,13,17,24,2,1,2,1,9,3,4,0,3,11,9,6,5,6,10,6,17,22,13,13,22,14,23,13,20,21,14,15,23,25,14,20,4,6,7,5,5,3,6,5,7,2,4
197.716,0.9006,0.0128217,9,511,0,-118.687,8.90266,0.644163,0.120026,-0.824354,0.305863,-0.851549,0.564497,0.709386,0.982127,-0.273946,0.296569,0.290394,-0.232876,0.650143,0.650203,-0.0473789,-0.0911113,-0.751412,0.145438,-1.68442,0.329023,0.414253,-0.103493,-1.05556,0.221516,-0.286321,-0.627112,-0.411458,-0.484326,-0.584326,0.664016,0.4076,0.345426,-0.175511,0.166834,-0.245857,0.142386,-0.846006,0.393215,-0.0476708,-0.310385,-0.0460285,-0.104038,0.163655,-0.84541,-0.0458462,1.03153,-0.302044,0.631269,-0.0932665,0.177228,0.218256,-0.0687137,0.0775927,0.0374915,0.0163579,-0.0511347,-0.0593289,-0.0769444,0.0180289,-0.0809423,-0.0675422,0.0340537,0.0504533,0.998446,-0.458612,-0.193149,-0.0541168,0.358999,0.352168,0.570894,0.132508,-0.649072,0.136051,0.471785,0.281741,-0.228914,0.238635,-0.636315,-0.183874,0.448414,-0.404289,0.308744,0.087548,1.0904,0.37163,0.202689,-0.0841549,-1.40043,0.513722,-0.678907,0.296814,0.181831,0.143669,-0.617087,0.191719,-0.165405,1.13752,1.61621,0.125233,0.269051,-0.653453,0.491823,0.395075,0.261505,-1.00733,-0.350581,-0.143237,-0.93576,0.65329,-0.280602,-0.152103,0.40606,0.686489,0.307958,-0.449212,0.270749,0.902453,0.257947,0.232189,-0.0462917,-0.00372249,-0.0271762,0.102602,0.268438,0.0522313,-0.077838,-0.0508839,-0.124182,0.0399281,-0.0161552,-0.0492087,-0.12949,0.0628985,-0.510732,-1.01962,0.154509,0.192831,16.2475,0.305112,0.575759,0.299385,0.63729,0.670022,0.727227,0.432043,0.573491,0.571982,0.442132,0.656815,0.656828,0.488176,0.477273,0.320768,0.536239,0.156856,0.581397,0.601953,0.47419,0.258473,0.555069,0.429014,0.348387,0.398716,0.381409,0.358146,0.659931,0.60036,0.585378,0.456302,0.541548,0.438938,0.535481,0.300548,0.59691,0.488103,0.423138,0.488513,0.474054,0.54076,0.300673,0.488558,0.736902,0.425173,0.652555,0.593405,0.464989,0.59641,0.435638,0.419377,0.389262,0.531367,0.46605,0.466755,0.526675,0.426007,0.426,0.505432,0.510445,0.585309,0.483331,0.684061,0.462348,0.452647,0.511864,0.618714,0.474624,0.53278,0.571409,0.547035,0.555302,0.566597,0.424452,0.453403,0.460479,0.520112,0.480881,0.528158,0.483681,0.595798,0.455038,0.505465,0.535527,0.505277,0.511926,0.481245,0.595733,0.505256,0.383889,0.534575,0.428124,0.603728,0.461026,0.607046,0.428419,0.410401,0.377164,0.534921,0.462205,0.462989,0.529699,0.417742,0.417735,0.506049,0.511631,0.594782,0.481439,0.702721,0.458088,0.447303,0.513211,0.631605,0.471746,0.536493,0.579394,0.552344,0.561527,0.57406,0.41602,0.448144,0.456009,0.522395,0.478711,0.531351,0.481828,0.606371,0.449961,0.506086,0.539548,0.505877,0.513281,0.479116,0.606298,0.505854,0.371255,0.53849,0.420089,0.698576,0.42266,0.704382,0.359952,0.326666,0.268668,0.569379,0.424974,0.426513,0.559084,0.340089,0.340075,0.512075,0.523208,0.682688,0.462995,0.847802,0.416909,0.395948,0.526356,0.745787,0.443774,0.57247,0.654621,0.603371,0.621008,0.644692,0.336922,0.397571,0.412848,0.544619,0.457576,0.562344,0.463769,0.703204,0.401089,0.512149,0.578465,0.511731,0.526495,0.45838,0.703077,0.511684,0.258885,0.576389,0.344421,7.34178,9.00307,7.03505,9.228,9.04723,9.3909,8.10027,8.51663,8.78107,7.82822,9.50714,9.24428,8.06944,8.28497,7.48696,8.85576,6.29211,8.55867,8.66888,8.32175,7.0524,8.6917,8.23328,8.21902,7.59696,8.02119,7.89278,9.6804,8.93273,9.11529,8.22809,9.29363,8.34675,8.7908,7.40783,9.1161,8.69412,8.20209,8.58936,8.4701,8.61651,7.51718,8.39677,9.77777,8.07937,9.22011,7,4,2,5,2,8,12,12,5,5,8,4,28,14,11,16,3,4,0,8,10,18,7,19,7,3,5,5,6,5,12,12,8,16,6,4,4,2,6,11,7,6,11,5,21,8,9,13,5,8,2,4,4,4,4,3,1,0,1,12,8,6,8,1,5,2,3,4,8,8,6,8,3,8,5,1,6,12,1,2,3,9,6,6,10,3,6,5,4,9,5,17,7,12,24,16,32,14,22,3,3,12,9,16,2,2,5,9,7,4,3,4,5,17,4,16,14,3,3,3,2,3,5,6,3,4,4,2,5,9,4,7,7,5,4,4,7,10,3,9,12,12,19,5,9,9,6,1,4,1,1,1,0,5,9,2,3,6,4,12,13,6,7,11,5,9,3,5,7,8,7,3,5,7,7,6,3,7,1,4,2,4,3,8,7,9,3,7,15,6
200.918,0.967814,0.0128217,8,255,0,-123.402,8.46575,0.545964,0.0687897,-0.294555,0.271355,-0.923587,1.02155,0.747944,0.631713,-0.136083,0.468745,0.272249,-0.388547,0.664088,0.168646,0.12907,-0.382168,-0.46533,-1.19818,-0.875752,0.675639,0.226477,0.00484462,-1.09503,-0.107311,-0.24198,-0.310692,-0.417643,-0.497346,-0.606012,0.850761,0.242171,0.343364,-0.0779635,0.351188,-0.0998632,0.62953,0.556969,0.120169,0.0156528,0.578981,-0.260372,-0.326498,0.0187121,-0.836535,0.0709538,1.44315,-0.124841,-0.0664647,-0.105523,-0.118172,-0.193586,-0.109866,-0.0503249,-0.0735721,-0.0313808,0.112928,0.0320925,0.00381855,0.00120331,0.0832477,0.100829,-0.00281821,-0.0281168,1.15294,-0.531465,-0.18325,0.00376754,0.372875,-0.398771,0.590421,0.0961954,-0.447003,0.307485,0.459422,0.150354,0.220389,-0.463498,-0.82009,-0.987969,0.472884,-0.584533,-0.108105,-1.22933,0.814752,-0.135327,0.0692863,0.163718,-0.136748,0.616736,-0.00335534,0.158551,0.397823,-0.70666,-0.648753,-1.29526,-0.250194,1.13417,1.3282,0.154156,0.369619,-0.97407,0.0801387,0.628549,-0.779594,-1.20751,-0.879741,0.326468,-0.382593,0.535964,0.232508,0.107228,0.268237,1.39724,0.0458572,-0.497901,-0.00902166,-0.327612,0.163693,0.086002,0.0237855,-0.0522506,-0.0458006,0.057633,-0.0185447,-0.00290616,-0.0672261,0.0554978,-0.054322,0.00871038,-0.0371699,-0.021822,-0.0264218,0.207059,-1.23347,-0.281097,0.0764822,0.149414,15.7492,0.415906,0.577582,0.256386,0.764549,0.703148,0.674438,0.460857,0.631913,0.577834,0.389844,0.68258,0.548457,0.537134,0.391594,0.369003,0.20078,0.267041,0.685458,0.56491,0.501396,0.220544,0.469109,0.430702,0.411393,0.381894,0.360451,0.332102,0.727282,0.569352,0.597697,0.477543,0.599864,0.471248,0.673885,0.655239,0.534582,0.504512,0.66095,0.425511,0.406988,0.505393,0.275984,0.52044,0.840756,0.464079,0.480852,0.539057,0.464008,0.620308,0.367509,0.401912,0.416846,0.518073,0.43804,0.46389,0.551442,0.41267,0.477608,0.482858,0.550603,0.561513,0.654028,0.614302,0.411183,0.469945,0.499356,0.641521,0.514254,0.532107,0.541187,0.555264,0.565698,0.57983,0.38885,0.467868,0.454505,0.510357,0.453474,0.513265,0.417128,0.426533,0.484039,0.49792,0.423674,0.534539,0.543272,0.497514,0.609352,0.490574,0.317132,0.516581,0.50883,0.589845,0.417096,0.757535,0.220966,0.284436,0.314493,0.541865,0.359351,0.416828,0.617573,0.305948,0.448182,0.460283,0.615713,0.639679,0.814258,0.746534,0.302931,0.430613,0.498506,0.794241,0.533043,0.57407,0.594652,0.626013,0.64873,0.678633,0.259343,0.425873,0.395673,0.524023,0.393367,0.530756,0.315074,0.3347,0.463011,0.495173,0.328681,0.579607,0.599342,0.49423,0.737272,0.478134,0.144293,0.538421,0.520484,0.520688,0.48094,0.564542,0.428701,0.447632,0.455723,0.509562,0.467107,0.480877,0.527278,0.453467,0.488151,0.490931,0.526831,0.532654,0.583414,0.561234,0.452662,0.48409,0.49966,0.57635,0.507541,0.516998,0.52182,0.529316,0.534894,0.542484,0.440497,0.482988,0.475889,0.505479,0.475341,0.507017,0.455875,0.460939,0.491556,0.4989,0.459402,0.518289,0.522928,0.498685,0.558517,0.495014,0.399952,0.508772,0.504671,8.1795,9.0378,7.02877,9.4754,9.33146,9.17419,8.14715,8.95093,8.97294,7.75428,9.49175,8.82818,8.47817,8.05772,7.68891,6.94572,7.38668,9.23384,8.61446,8.34476,7.09932,8.44126,8.31893,8.16293,7.71399,7.82318,7.67432,9.69001,8.93097,9.05093,8.22861,9.1044,8.43068,9.53192,8.85342,8.82639,8.71771,9.46298,8.15172,8.20113,8.61802,7.50494,8.4375,10.2712,8.07932,8.49853,4,1,1,2,4,6,2,11,18,3,4,6,19,19,18,13,18,14,9,18,9,4,5,3,1,2,1,2,3,0,6,6,9,14,12,2,1,0,3,16,5,2,0,2,15,15,23,1,5,5,4,2,0,2,5,1,3,2,2,15,21,12,15,4,8,4,3,6,5,6,8,7,0,5,3,5,0,1,4,2,1,1,1,0,1,1,0,2,7,2,1,14,17,17,15,9,15,26,13,9,10,7,12,10,0,2,2,6,3,9,5,9,6,13,14,11,3,2,4,3,3,4,5,1,2,1,6,3,7,4,3,16,18,7,14,9,10,14,11,8,9,14,4,11,4,18,11,5,1,7,2,7,4,5,4,2,8,7,3,10,7,7,8,6,5,12,9,9,12,9,7,8,6,9,6,9,4,9,10,3,3,7,7,7,5,15,1,8,6,7
214.144,0.79706,0.0128217,8,255,0,-136.027,8.41394,0.505024,0.208697,-0.258686,0.283715,-0.965844,0.476609,0.194109,0.904079,-0.13168,0.363437,0.233569,-0.295619,0.685072,0.452011,0.486303,-0.201745,-0.229009,-0.913605,-0.629233,0.284322,0.382982,-0.0606941,-0.977875,0.275474,-0.304982,-0.522066,-0.324059,-0.110637,-0.490401,0.85739,0.443368,0.262193,-0.0945817,0.239797,-0.327859,0.648108,0.0892136,0.181797,0.0267676,0.436154,0.066631,-0.0236269,0.248066,-0.9196,0.0820632,1.06481,-0.241577,-0.157977,0.201019,0.212517,0.127112,-0.0748946,0.0930741,0.133821,0.135561,-0.209055,-0.0207053,-0.358715,0.0359648,0.066063,-0.017072,0.0234864,0.236407,0.939876,0.322504,-0.185045,-0.053456,0.372934,-0.57449,0.524821,0.0491511,-1.00292,0.613387,0.486869,0.147157,-0.192952,-0.173683,-0.330057,-0.992197,0.59173,-0.487588,-0.178873,-0.512411,0.609668,0.244518,0.0403154,0.232719,-0.530009,0.462595,-0.204998,0.305916,0.39652,0.0771501,-0.77423,-0.606274,-0.194009,0.686699,1.15072,-0.558662,0.0915898,-0.656496,0.0473921,0.475098,-0.786467,-1.17968,-1.07187,-0.0820192,-0.519117,0.625849,0.0985266,0.108355,0.083386,1.15802,0.631947,-0.475487,0.0729234,0.198207,-0.164015,-0.0828941,-0.0084211,0.0343082,0.0196332,-0.0213965,-0.00509923,-0.071705,0.0385194,-0.0504162,0.0346901,0.0691656,-0.020549,-0.0428561,0.0666408,0.236608,-0.938273,-0.586019,0.0863502,0.140987,15.441,0.439515,0.566272,0.287456,0.610153,0.545484,0.700509,0.469099,0.584576,0.554662,0.430982,0.655631,0.60464,0.612318,0.452738,0.446397,0.297616,0.356313,0.566412,0.58903,0.485743,0.285145,0.564369,0.428825,0.379734,0.424439,0.474027,0.386769,0.691223,0.602696,0.561297,0.477791,0.556108,0.423567,0.647745,0.52095,0.542613,0.506289,0.601071,0.515651,0.494449,0.558025,0.29644,0.519273,0.731215,0.44348,0.462948,0.479155,0.522859,0.422751,0.538352,0.515645,0.57238,0.489385,0.529269,0.518823,0.476183,0.555011,0.536379,0.539128,0.48374,0.481544,0.426868,0.449441,0.522908,0.530839,0.495107,0.421805,0.522196,0.47543,0.458007,0.473896,0.491081,0.460543,0.568691,0.535686,0.521127,0.492375,0.519324,0.473591,0.552065,0.507192,0.514653,0.502158,0.535108,0.505372,0.498095,0.51999,0.426395,0.506616,0.585018,0.480532,0.487266,0.560383,0.43384,0.712227,0.390029,0.454594,0.299795,0.530849,0.415566,0.44543,0.568902,0.344618,0.395534,0.387868,0.547182,0.553513,0.702078,0.643455,0.4337,0.411119,0.514233,0.714535,0.43574,0.571055,0.620069,0.575434,0.525929,0.613045,0.309071,0.397474,0.438806,0.522171,0.443987,0.576305,0.352492,0.479086,0.457459,0.493722,0.399096,0.484376,0.505542,0.442073,0.703253,0.48076,0.269121,0.556425,0.536989,0.537826,0.45853,0.63784,0.430625,0.471593,0.370562,0.519282,0.446955,0.465834,0.543202,0.40096,0.434163,0.429233,0.529522,0.533501,0.630739,0.591155,0.458442,0.444126,0.508891,0.639467,0.459729,0.544563,0.575894,0.547334,0.516203,0.571356,0.376966,0.435407,0.461663,0.513853,0.464926,0.547886,0.406174,0.486933,0.473391,0.496079,0.436447,0.490239,0.503461,0.463721,0.631557,0.48798,0.348872,0.535333,0.523128,8.02266,8.9615,6.99027,9.02635,8.42269,9.29666,8.1775,8.63316,8.63593,7.81262,9.5872,8.90701,8.78527,8.09351,8.05631,7.61071,7.56433,8.53492,8.65739,8.26598,7.13989,8.68805,8.22833,8.16773,7.77729,8.11621,7.64459,9.78465,8.89632,9.06474,8.22373,9.26912,8.3299,9.41189,8.54507,8.8347,8.70911,9.1506,8.33721,8.57867,8.65397,7.47347,8.44396,9.65119,8.05862,8.14801,1,1,1,3,1,11,10,4,16,9,3,1,10,5,10,4,9,5,8,5,7,10,10,11,3,1,2,2,1,5,11,13,14,25,13,3,2,1,6,5,3,5,7,4,12,21,18,11,6,5,5,0,7,11,4,2,4,0,0,10,11,14,5,5,4,4,4,5,5,6,2,4,5,4,4,5,9,6,1,1,6,8,2,4,2,6,3,7,7,6,1,14,10,13,8,14,9,18,12,4,2,9,11,15,2,5,2,4,3,1,5,8,5,10,11,4,2,3,3,1,2,0,2,2,2,4,1,3,10,4,6,9,11,6,16,12,8,13,18,14,7,5,12,13,10,12,23,4,6,1,4,2,4,5,2,7,9,7,8,8,6,4,6,15,12,11,7,12,7,8,20,13,9,7,7,14,7,10,4,11,7,15,8,7,7,5,6,4,6,5
219.296,0.818964,0.0128217,8,255,0,-160.421,8.71088,0.536685,0.126912,-0.467098,0.268008,-0.892182,-0.205772,0.50029,0.608478,-0.295038,0.0190192,0.117512,-0.249118,0.48735,0.538696,0.267555,-0.126501,-0.944871,-1.00983,0.0885911,0.634244,0.390999,-0.126649,-1.06212,0.114157,-0.270248,-0.746472,-0.272166,-0.508884,-0.648446,0.835249,0.353113,0.108257,-0.230911,0.240888,-0.449825,0.330232,0.160159,0.459454,-0.241863,0.160289,-0.285244,-0.248774,0.161555,-0.914008,-0.0703189,0.852486,0.0142142,0.560655,-0.136375,-0.125158,-0.0419142,0.03187,0.020926,-0.0894892,-0.25462,0.150751,0.0431979,-0.0374519,0.0158782,0.0825326,-0.106095,-0.111558,0.118504,1.08751,0.0776887,-0.389304,-0.0119557,0.366253,0.168111,0.598002,0.097343,-1.04147,-0.0862036,0.425633,0.542275,0.653794,-0.371528,-1.08297,-0.770172,0.451492,-0.757714,0.612096,-0.713542,0.812019,-0.040545,-0.375112,0.00121874,-0.95685,0.689954,-0.261704,0.275411,0.905726,0.0362607,-0.0283968,-0.576226,-0.0623316,0.738927,1.06165,-0.202175,-0.277236,-0.815052,0.123633,0.644648,-0.517897,-1.05021,-0.846591,0.4108,-0.709878,0.796308,0.216411,-0.0191214,0.0912107,1.28506,0.465318,-0.406839,-0.54039,-0.851209,0.131463,0.11273,0.0166911,-0.0146537,0.0180547,0.0335324,0.0249989,0.0571385,-0.0681435,-0.000367804,-0.0693926,-0.08006,0.0151304,-0.0546725,-0.158112,0.175178,-1.12294,-0.462302,0.138866,0.0947968,18.8042,0.375669,0.572354,0.274829,0.444288,0.632759,0.659648,0.420467,0.505171,0.531905,0.432682,0.629483,0.642409,0.572233,0.465661,0.263558,0.250076,0.524067,0.665911,0.60473,0.465621,0.239566,0.530997,0.42705,0.307508,0.42654,0.365072,0.330662,0.71266,0.594841,0.529399,0.437548,0.56512,0.380085,0.58883,0.543434,0.62238,0.434619,0.543469,0.423064,0.432774,0.54381,0.270124,0.480891,0.716484,0.503864,0.647876,0.490929,0.505205,0.482679,0.496004,0.509715,0.511816,0.49427,0.500369,0.502282,0.495162,0.509464,0.510461,0.505196,0.497543,0.481657,0.480397,0.501721,0.512316,0.507593,0.49754,0.479383,0.502217,0.494751,0.485506,0.494714,0.490118,0.487408,0.516217,0.506858,0.502103,0.495515,0.504678,0.491264,0.506413,0.503111,0.508923,0.495303,0.503113,0.49446,0.495168,0.503138,0.482255,0.498634,0.516551,0.500276,0.510887,0.628204,0.425324,0.731425,0.557512,0.363133,0.335529,0.582078,0.494661,0.467058,0.569483,0.366499,0.353219,0.425448,0.535453,0.742887,0.756573,0.47515,0.329109,0.391963,0.535495,0.767222,0.467996,0.575291,0.698095,0.575817,0.639096,0.674402,0.281318,0.402148,0.469646,0.564464,0.432784,0.623663,0.408341,0.455159,0.373803,0.567485,0.455122,0.5794,0.569389,0.45477,0.736212,0.519731,0.277421,0.49601,0.347606,0.553776,0.469064,0.601677,0.523764,0.442435,0.430135,0.534046,0.497802,0.486422,0.52876,0.443911,0.43806,0.469117,0.514616,0.6075,0.614638,0.489762,0.427218,0.454933,0.514633,0.620347,0.486809,0.531193,0.585428,0.531414,0.558545,0.574388,0.404648,0.459279,0.487491,0.526662,0.472188,0.551802,0.461907,0.481498,0.447097,0.527924,0.481483,0.53292,0.528721,0.481337,0.604093,0.508126,0.402729,0.498357,0.435562,7.84012,9.03176,6.91618,7.58667,8.70001,8.8376,8.14174,8.07926,8.59552,7.73188,9.53664,9.13752,8.4011,8.2791,7.32029,7.62459,8.55804,8.87022,8.56007,8.35949,7.09619,8.59118,8.33467,8.19677,7.70212,7.98108,7.80389,9.7931,8.89992,9.04813,8.22454,9.36801,8.32682,9.11199,8.06098,9.27789,8.70182,8.89246,8.26813,8.3624,8.65258,7.51928,8.43251,9.61292,8.03282,9.16546,3,3,3,4,1,4,4,5,3,1,2,4,1,6,8,11,7,12,9,8,11,4,6,4,5,2,2,1,3,1,10,12,9,12,13,1,2,2,6,12,11,8,8,4,17,8,11,6,8,4,0,0,0,7,3,4,2,3,1,8,18,15,17,7,7,4,8,9,11,8,7,12,10,8,4,13,9,9,3,3,2,5,1,4,5,4,3,2,6,4,2,10,12,11,6,11,21,10,13,4,6,5,3,15,1,1,1,6,4,4,3,2,9,18,6,18,6,1,1,3,5,1,6,2,5,2,3,3,18,9,14,16,7,8,18,13,19,11,11,7,13,10,9,11,20,16,12,3,4,2,5,4,3,2,5,4,4,8,4,3,4,9,6,15,6,9,10,4,7,16,11,9,7,8,9,15,18,14,10,5,7,7,13,3,3,7,4,8,6,4
187.084,0.990176,0.0128217,8,255,0,-134.753,9.54363,0.448705,0.270158,-0.506547,0.217673,-0.757071,-0.268654,-0.278333,0.829025,-0.309866,0.0130638,0.33341,-0.0558611,0.641665,0.261755,0.636986,-0.337477,-0.254953,0.28459,0.187404,0.253965,0.729998,-0.176694,-1.15663,-0.0405793,-0.234778,-0.421358,-0.185396,-0.46356,-0.512508,0.407765,0.274124,0.351192,-0.323316,0.18668,-0.100322,0.196037,0.32353,0.226557,-0.365796,-0.732176,-0.403469,-0.104193,-0.000820803,-0.90421,-0.0662491,0.793064,-0.022951,-0.605675,-0.347961,0.282094,-0.509416,0.16799,0.0715013,0.381028,-0.285791,-0.0437129,0.195512,0.00515958,0.58122,0.114165,0.19066,0.143416,-0.124061,0.528392,-0.924968,-0.461705,-0.0144393,0.351274,-0.879218,0.678689,0.0974352,-0.00338191,0.893386,0.827351,0.962453,0.134201,0.207691,-0.871051,-0.597802,0.625675,-0.521424,0.292046,-0.0347682,0.792845,0.0984107,0.294728,-0.168316,-1.70273,0.628917,-0.547583,0.339517,0.00690801,0.263619,-0.925923,-0.131934,0.0546146,0.946134,0.955987,-0.69785,-0.329953,-0.279936,0.230343,-0.290824,0.0865689,-1.5202,-0.92286,0.075885,-0.543057,1.34892,-0.251444,0.199215,0.513432,1.26376,0.806765,-0.311456,-0.299838,0.0617196,0.204095,-0.0448934,-0.0166827,-0.0148632,-0.0077293,0.010356,0.175935,0.0847183,-0.0449393,0.00245934,-0.0626906,0.0554391,0.031907,-0.0921595,-0.179552,0.265138,0.156463,-0.797252,0.122128,0.0449118,17.3864,0.433483,0.528723,0.401305,0.464571,0.463299,0.607794,0.459158,0.501726,0.543929,0.492621,0.58396,0.534522,0.583359,0.455538,0.466372,0.537523,0.524735,0.533498,0.595253,0.476676,0.351796,0.49464,0.469026,0.444568,0.475529,0.439069,0.432709,0.553658,0.536148,0.546259,0.457394,0.52464,0.486751,0.525873,0.542634,0.529892,0.451829,0.40447,0.446904,0.48624,0.499892,0.382777,0.49125,0.603256,0.496968,0.420668,0.615038,0.449834,0.668247,0.561806,0.564009,0.317167,0.571168,0.496979,0.423507,0.512915,0.355828,0.439765,0.35682,0.577411,0.558684,0.434568,0.456773,0.441541,0.337328,0.540768,0.744567,0.509383,0.554078,0.596221,0.542767,0.605582,0.616343,0.40681,0.436948,0.419496,0.574212,0.456939,0.523182,0.454792,0.42574,0.447801,0.58379,0.663122,0.592231,0.524075,0.50019,0.697699,0.515315,0.324414,0.505307,0.636506,0.480196,0.508514,0.470421,0.489493,0.489115,0.532383,0.487882,0.500511,0.513039,0.497815,0.525078,0.510237,0.524896,0.486802,0.490029,0.51113,0.50733,0.509933,0.528523,0.493089,0.454881,0.498413,0.490818,0.483524,0.492749,0.481875,0.479964,0.515945,0.510721,0.513734,0.487356,0.507302,0.496076,0.507668,0.512652,0.508861,0.485696,0.471392,0.484223,0.495925,0.499968,0.46469,0.497409,0.530982,0.499102,0.476326,0.599611,0.456723,0.646474,0.553342,0.555249,0.340528,0.561448,0.497396,0.433935,0.511132,0.374826,0.448017,0.3757,0.566861,0.550641,0.44352,0.462717,0.449554,0.358474,0.535159,0.715474,0.508087,0.546658,0.583201,0.536885,0.591356,0.600752,0.419435,0.44558,0.430457,0.564087,0.462861,0.519985,0.461007,0.435871,0.454967,0.572396,0.641925,0.57973,0.520755,0.500164,0.672802,0.513201,0.346996,0.504574,0.618427,8.00344,8.91652,6.92583,7.72227,7.53374,8.94577,8.16399,7.90745,9.07892,7.81897,9.44098,8.98726,8.70414,8.21897,8.23426,8.98654,8.892,8.21641,8.82147,8.33454,7.19039,8.59945,8.3361,8.17853,7.65279,8.02273,7.96047,9.75579,9.00309,9.07169,8.14679,9.34959,8.49283,8.88879,8.48156,8.9279,8.68971,7.70373,8.09931,8.50354,8.65049,7.48825,8.47623,9.5713,8.07378,7.87769,7,6,5,5,5,22,15,21,13,10,11,4,13,4,16,7,4,4,2,0,4,8,4,11,9,1,2,2,2,3,12,10,14,12,7,2,3,4,10,6,10,4,4,8,9,16,18,1,4,7,8,5,5,4,3,3,2,1,0,7,13,6,16,8,4,0,6,15,5,14,6,6,4,4,3,4,4,14,0,2,3,6,2,5,5,3,3,4,6,2,6,13,14,8,13,12,15,15,7,1,5,5,4,8,1,10,4,3,9,7,3,5,5,1,6,0,7,5,6,0,0,3,1,2,4,0,2,1,5,10,4,19,16,15,16,19,12,16,21,24,13,20,16,15,11,15,3,1,5,3,5,4,5,3,4,4,2,9,7,10,8,13,6,8,9,8,9,8,8,15,19,8,17,21,11,15,11,10,14,14,9,5,10,8,7,3,3,3,2,3
205.004,0.869544,0.0128217,8,255,0,-124.627,9.14997,0.47369,0.0992259,-0.0959782,0.0531079,-0.684454,0.115451,0.240703,-0.146369,-0.174501,-0.0161685,-0.345088,0.0695123,0.552807,0.574778,-0.556041,-0.224143,-0.393235,-0.927583,-0.296921,-0.601284,0.794004,-0.148484,-1.03499,0.0365239,-0.574852,-0.879907,-0.103541,-0.342127,-0.563348,0.808309,0.341698,0.248078,-0.238702,0.0666501,-0.169098,0.265513,-0.0200136,-0.0907029,-0.358465,0.606502,0.452,-0.428454,0.08836,-1.04494,-0.0303313,-0.622887,0.00461316,0.463592,0.201005,-0.122569,0.1277,0.0210021,-0.0151676,-0.191289,0.0364189,0.0379342,0.0130519,-0.199326,-0.188709,-0.0477285,0.0566057,-0.0515425,-0.094892,1.1506,-0.228338,-0.467777,-0.0518783,0.370916,0.119735,0.855829,0.0853554,-1.36578,0.40659,-0.332953,0.166723,0.109175,0.0423576,-0.936292,-1.15614,0.857883,-1.3573,0.538884,-1.32826,1.13226,-0.018634,-0.908224,-0.184566,-1.00461,1.05167,-0.700689,0.374029,0.976613,-0.473886,-0.519361,-0.913844,-0.766191,0.724177,0.983243,0.124017,0.34628,-1.40519,0.190628,0.983388,-0.506923,-1.04871,-0.821647,0.903163,-0.453947,0.752307,-0.301329,0.627513,0.280369,1.27073,0.387623,0.745518,-0.444533,0.64474,-0.0339028,0.0479607,0.0207664,-0.0252008,-0.0275475,0.178674,-0.0512787,0.08935,0.0339574,-0.00343123,0.033569,-0.0675113,-0.0566898,-0.121326,-0.0839852,0.161105,-0.744504,-0.356554,0.22287,0.0665686,17.423,0.47242,0.515272,0.312699,0.533161,0.568799,0.457996,0.449973,0.495349,0.402019,0.519985,0.653862,0.659561,0.345296,0.43588,0.388777,0.255921,0.415412,0.333624,0.713733,0.457392,0.233105,0.510505,0.34042,0.266506,0.470252,0.402839,0.343398,0.717084,0.597043,0.570879,0.431766,0.519163,0.451512,0.575786,0.494243,0.473933,0.398325,0.667709,0.627164,0.379192,0.525395,0.231065,0.491276,0.328121,0.501327,0.630278,0.505479,0.496968,0.538992,0.49341,0.486263,0.508355,0.50996,0.500923,0.519689,0.496032,0.468485,0.467236,0.531699,0.512792,0.522433,0.552753,0.516943,0.53427,0.454798,0.508475,0.558808,0.497915,0.532768,0.550061,0.50591,0.51952,0.532114,0.453989,0.480504,0.485842,0.513623,0.496195,0.509652,0.484848,0.501142,0.505178,0.520451,0.465433,0.474221,0.524439,0.494956,0.559368,0.501731,0.535497,0.499737,0.473561,0.517856,0.490117,0.624708,0.478525,0.455318,0.527216,0.532433,0.503009,0.563879,0.487065,0.398536,0.394622,0.602041,0.541622,0.572673,0.666098,0.555041,0.610082,0.356373,0.527609,0.683641,0.493202,0.605391,0.658158,0.519262,0.563337,0.603343,0.353934,0.436742,0.453957,0.544312,0.487597,0.531432,0.450741,0.503725,0.516876,0.566326,0.388994,0.416656,0.579077,0.48356,0.685241,0.505645,0.613902,0.499141,0.41456,0.508555,0.495266,0.56071,0.48971,0.478557,0.513044,0.51555,0.501441,0.530722,0.493804,0.450883,0.448944,0.549403,0.519969,0.534995,0.581938,0.526442,0.553393,0.429693,0.513233,0.591224,0.496744,0.551063,0.577796,0.509228,0.530459,0.550048,0.428443,0.469579,0.477901,0.521265,0.494059,0.515069,0.47635,0.501784,0.508084,0.53191,0.446147,0.459796,0.538118,0.492124,0.592082,0.502704,0.555296,0.499589,0.45877,8.38584,8.9759,6.82934,7.90753,8.06121,7.5416,8.24016,7.71648,8.05248,7.83162,9.40885,9.28065,6.99693,8.21396,7.94817,7.45135,8.11669,6.93767,8.78846,8.27506,7.1593,8.56389,8.13858,8.21831,7.59909,8.10159,7.8091,9.72788,8.97261,9.00468,8.15418,9.3396,8.44472,9.2607,7.72552,8.78265,8.6039,9.71189,9.16417,8.33149,8.63353,7.5366,8.43374,7.64574,8.04191,9.13433,1,2,3,3,2,17,13,11,10,2,0,5,12,5,5,6,10,6,6,10,12,5,6,6,2,2,5,2,0,0,26,17,17,13,15,1,3,0,5,8,6,2,3,3,15,13,9,4,9,16,4,2,3,3,4,5,3,0,3,11,10,8,5,3,3,6,8,5,8,11,7,9,10,8,20,16,5,4,2,1,4,5,2,1,2,0,1,3,1,1,2,15,7,7,11,12,22,15,14,12,4,15,15,14,2,0,3,8,11,5,7,10,11,6,22,24,2,2,0,2,0,0,4,3,1,2,2,2,12,18,10,14,17,8,11,8,17,17,13,12,15,11,26,17,16,8,12,4,5,4,6,4,8,9,2,5,9,11,22,4,13,4,9,17,20,22,17,21,10,13,17,22,22,20,8,29,11,9,23,8,7,8,11,19,13,5,10,8,5,6
226.355,0.832971,0.0128217,8,255,0,-147.786,8.57139,0.381597,0.132163,-0.44419,0.377613,-0.594354,0.420353,0.249311,0.329139,-0.0850164,-0.109493,-0.0448259,-0.0460659,0.678336,0.438093,0.316467,-0.0904622,-0.112322,-0.179728,-0.0276084,-0.339021,0.515661,-0.085868,-0.827831,0.25517,-0.0730002,-0.200083,-0.14447,-0.366536,-0.569468,0.756273,0.461694,0.191636,-0.0774698,0.471282,-0.265326,0.13496,0.140865,-0.251256,0.164795,-0.321449,0.00101263,-0.0903533,0.258543,-0.644783,0.0125828,-0.469762,0.164054,-0.383544,0.0679174,0.0817289,-0.309579,0.109558,-0.075678,-0.103709,-0.171412,0.0352984,-0.134126,-0.0247282,0.117482,-0.0981207,-0.0467796,-0.237358,0.160469,1.17219,-0.509398,-0.265856,-0.0170348,0.360421,0.692002,0.691258,0.0560638,-0.84284,0.538166,0.217809,0.269682,0.0172205,-0.00492091,-1.78858,-0.557598,0.526575,-0.826068,0.498457,-0.91337,0.430231,-0.10234,-0.629874,-0.295804,-1.45974,0.582587,-0.862056,0.0159211,-0.462286,0.22949,-0.69399,-0.329943,-0.80245,0.692946,1.01398,-0.656925,-0.117556,-0.431463,-0.103574,-0.479411,-0.459779,-1.2665,-1.16636,0.211459,-0.975696,1.08719,-0.27436,0.0532688,-0.0226423,0.944192,0.610613,0.283917,-0.399106,0.673145,-0.0253109,0.0442007,-0.0361547,0.0463959,0.0617848,0.127819,-0.0221744,0.0569436,0.12775,-0.00545255,0.0161881,0.029338,0.0728162,-0.0693033,-0.0626895,0.0878839,-0.0972159,-0.801544,0.141864,0.086834,20.1485,0.372695,0.608886,0.332545,0.62075,0.572544,0.595274,0.475107,0.467957,0.486867,0.486504,0.688933,0.625633,0.591691,0.473515,0.467132,0.447525,0.49191,0.401938,0.646674,0.474858,0.274806,0.574224,0.478621,0.441634,0.457764,0.39421,0.339051,0.708166,0.63209,0.555923,0.477313,0.6347,0.422868,0.539467,0.541186,0.426898,0.548143,0.406899,0.500297,0.473547,0.575191,0.319557,0.503687,0.365714,0.547928,0.389459,0.556327,0.452059,0.575118,0.446672,0.468293,0.458182,0.510825,0.51394,0.505708,0.505866,0.414464,0.444439,0.459785,0.511518,0.5143,0.522872,0.503516,0.543067,0.434706,0.510933,0.603889,0.46755,0.509295,0.525458,0.51839,0.546543,0.572017,0.404863,0.441473,0.475615,0.509864,0.440269,0.533738,0.48282,0.482069,0.531954,0.479026,0.540845,0.499871,0.511504,0.467122,0.581382,0.498398,0.55954,0.47912,0.548689,0.510794,0.490824,0.514441,0.489785,0.493941,0.492001,0.502066,0.502661,0.501089,0.50112,0.48352,0.489354,0.492309,0.502199,0.50273,0.504368,0.500671,0.508239,0.48747,0.502087,0.520109,0.493799,0.501774,0.504863,0.503511,0.508907,0.513837,0.481628,0.488781,0.495343,0.501883,0.488548,0.506448,0.49672,0.496576,0.506106,0.495995,0.507812,0.499975,0.502196,0.493717,0.515666,0.499694,0.511415,0.496013,0.509321,0.588081,0.424904,0.616898,0.416555,0.450207,0.434425,0.51703,0.521927,0.508982,0.50923,0.367324,0.413103,0.436922,0.518119,0.522492,0.535953,0.505532,0.56752,0.398115,0.5172,0.660056,0.449045,0.514624,0.540008,0.528917,0.572925,0.612173,0.35293,0.408525,0.461674,0.515519,0.406669,0.552968,0.472982,0.471803,0.550179,0.467025,0.56406,0.499797,0.518098,0.448376,0.626404,0.497479,0.593037,0.467173,0.576257,7.66449,8.94411,7.01723,8.63867,8.19663,8.30826,8.29924,7.69198,8.22347,7.78126,9.60588,8.90026,8.29057,8.15923,8.26081,8.40962,8.24772,7.37023,8.56699,8.29804,7.14188,8.64531,8.31164,8.18747,7.64279,7.91572,7.63516,9.65567,8.93294,8.93212,8.30986,9.30185,8.28958,8.60441,8.24789,8.06122,8.74463,7.96305,8.4314,8.28722,8.65003,7.51669,8.43667,7.76145,8.07038,7.74868,6,3,1,4,1,8,12,11,9,2,6,10,9,9,7,6,14,7,6,8,4,5,4,6,1,1,1,2,4,2,11,8,7,13,8,1,2,1,12,8,13,5,3,2,16,3,6,8,5,9,1,4,2,8,3,1,1,0,1,6,17,13,8,1,2,3,11,4,7,7,11,5,2,5,2,2,9,16,3,4,2,10,5,4,8,6,6,2,0,2,4,14,8,10,11,6,18,18,10,5,4,6,6,10,2,5,3,8,5,6,5,4,6,2,7,1,5,3,6,2,3,2,1,0,1,0,4,1,6,9,11,21,10,14,24,19,5,22,21,7,18,7,15,15,8,7,5,4,5,4,6,3,3,4,3,2,5,7,13,4,7,10,10,12,19,8,6,21,28,21,17,13,19,10,11,14,7,3,11,12,10,9,21,5,7,5,5,2,3,6
228.855,0.990574,0.0128217,8,255,0,-157.164,8.63847,0.391571,0.0541932,-0.410048,0.527923,-0.649316,-0.291671,-0.102631,-0.0119219,-0.0262779,-0.0837641,0.377551,-0.127274,0.871353,0.637038,-0.0189293,0.041972,-0.582879,0.317512,-0.062421,0.169715,0.51159,0.0036946,-0.760267,0.257885,0.0381138,-0.448824,-0.184238,-0.427871,-0.637671,0.543935,0.489908,0.326805,-0.131684,0.192933,-0.0787877,0.0585226,0.284091,0.452707,0.08136,1.23159,-0.166603,0.0887645,0.322259,-0.529851,0.061533,0.523858,-0.222908,-0.0139253,0.066813,-0.0873215,0.158484,-0.0348213,-0.0665137,0.0348269,0.0782631,0.0090126,-0.0718537,0.0294987,0.00444232,-0.0251864,-0.00580542,0.0204239,0.09826,1.3223,0.0489655,-0.201233,-0.116002,0.360487,-0.908372,0.571978,0.0581231,-0.219495,0.453998,-0.262459,0.209061,0.0375157,-0.309728,-0.732874,-1.19272,0.522736,-1.07128,0.607412,-1.02534,0.795811,0.0629164,0.297942,-0.51313,-1.38989,0.550806,-0.722616,0.408236,0.40382,0.0481708,-0.820301,-0.441177,-0.243617,0.961763,1.02689,-0.413172,-0.21428,-0.972394,-0.0701109,0.675676,-0.507729,-0.327755,-0.82502,0.70792,-0.560242,0.498722,-0.241134,0.375807,0.273981,1.07809,0.738363,-0.271074,0.150143,-0.284451,-0.0991552,0.0654782,0.0576455,-0.0345482,0.0767366,0.0125107,0.0415447,0.0662234,0.0958144,0.00727738,0.0920313,-0.0120213,-0.0495575,-0.0895245,0.076675,0.184793,0.176937,-0.659297,0.265076,0.125864,13.8661,0.367674,0.66776,0.297634,0.404758,0.466125,0.496059,0.491314,0.472338,0.62228,0.458025,0.759911,0.698961,0.493743,0.513871,0.316319,0.603447,0.479377,0.555869,0.662952,0.501221,0.2679,0.584434,0.512597,0.355837,0.439395,0.362212,0.300863,0.672441,0.656516,0.606383,0.456578,0.563435,0.473978,0.519336,0.592824,0.645339,0.52687,0.835969,0.445147,0.52931,0.604948,0.331674,0.52033,0.666567,0.426841,0.495397,0.494981,0.506462,0.492052,0.49643,0.498744,0.499854,0.499678,0.498975,0.504622,0.498442,0.510665,0.507798,0.499768,0.500514,0.492865,0.503887,0.499236,0.502078,0.506262,0.500045,0.490694,0.503157,0.500467,0.494506,0.497745,0.494762,0.492195,0.506658,0.505997,0.504,0.498388,0.502362,0.499036,0.500716,0.503478,0.505542,0.500996,0.515072,0.497961,0.501087,0.503945,0.493514,0.500753,0.506412,0.497271,0.49983,0.48187,0.523335,0.47131,0.487101,0.49546,0.499473,0.498838,0.496295,0.516695,0.49437,0.538467,0.528149,0.499163,0.501857,0.47424,0.514041,0.497239,0.507507,0.522614,0.500163,0.466421,0.511405,0.501686,0.480157,0.491851,0.481082,0.471823,0.524042,0.521657,0.514452,0.494175,0.508533,0.496515,0.502589,0.512564,0.520014,0.503599,0.554264,0.492631,0.503926,0.514251,0.47658,0.502722,0.523156,0.490141,0.499384,0.567177,0.413853,0.605418,0.547927,0.51691,0.501965,0.504331,0.513803,0.43809,0.520966,0.360204,0.396518,0.50312,0.493082,0.594907,0.447857,0.510287,0.472056,0.416468,0.499391,0.622751,0.457596,0.493718,0.573442,0.53033,0.570059,0.603582,0.411295,0.419946,0.446342,0.521691,0.468243,0.512983,0.490355,0.453311,0.425932,0.486593,0.307468,0.527433,0.485374,0.447083,0.586455,0.489859,0.414504,0.536675,0.502295,7.59113,9.04015,7.00363,7.68235,7.77344,7.90378,8.26804,7.80053,8.71586,7.73807,9.67902,9.0769,7.89371,8.23673,7.47971,8.91795,8.08667,8.16461,8.64829,8.31113,7.10877,8.54608,8.34487,8.08112,7.65643,8.10569,7.81464,9.61936,8.87356,8.93114,8.11664,9.29747,8.35022,8.3742,8.50714,8.93524,8.75274,9.96666,8.47678,8.41765,8.63762,7.53733,8.39427,9.05025,8.06708,8.15637,4,5,8,10,5,9,11,6,14,1,2,3,10,10,6,4,11,2,5,7,5,1,1,4,2,1,1,0,3,0,11,6,18,15,13,0,5,5,14,29,11,1,3,3,10,7,4,10,2,9,9,10,2,5,8,3,1,3,0,6,16,14,13,4,0,4,13,10,9,4,11,16,4,6,23,14,16,4,2,3,2,1,2,7,6,4,6,3,2,8,3,8,31,11,19,18,22,18,12,6,3,4,10,10,1,1,2,7,6,14,3,7,9,4,13,7,1,3,3,6,4,1,3,2,2,3,4,5,16,23,15,6,19,4,17,8,6,21,13,6,20,11,8,7,12,11,21,4,6,4,4,4,6,4,1,4,6,12,11,18,6,5,5,14,13,14,14,16,13,13,17,17,16,10,10,11,14,11,19,18,12,13,9,8,6,3,13,4,10,4
196.346,0.989131,0.0128217,8,511,0,-136.837,8.3866,0.492879,0.131347,-0.627345,1.02146,-0.972794,0.347594,0.0247462,0.326348,-0.290894,-0.47061,-0.191075,-0.437212,1.11089,0.804008,1.2214,0.0515086,0.238354,-0.199336,0.142459,-0.346839,0.361515,-0.176214,-0.817673,0.451882,0.353851,0.0226674,-0.528628,-0.438378,-0.771992,0.653356,0.642805,0.714781,-0.149583,0.419786,0.120249,-0.180033,-0.444037,0.352791,0.0866845,-1.25905,-0.714026,0.429854,0.367437,-0.230767,-0.050487,-0.31341,-0.626399,-0.0345511,-0.0647959,-0.129229,0.196564,0.0644536,-0.131367,0.0383143,0.163951,-0.0583361,0.101025,-0.130889,0.01223,-0.0928666,0.0679531,0.00567787,0.0761696,0.615558,0.654932,0.119458,-0.16602,0.358644,1.94879,0.647756,0.131623,-1.18776,0.395037,0.459271,0.258107,0.246298,-0.10149,-0.952089,-0.580496,0.765054,-0.641035,0.571489,-0.142569,0.722214,-0.154578,-1.10649,-0.0560457,-1.22554,0.766986,-0.34921,0.245323,0.64224,0.0258382,-0.737432,-0.631811,-0.559984,0.144877,1.00579,-0.0836072,0.206471,-0.361557,0.42071,-0.0243832,-0.0540754,-1.14485,-0.563248,0.570391,-0.358934,0.874277,-1.2856,-0.129093,0.406897,0.698765,0.226598,0.696597,-0.888317,0.342173,-0.0291922,-0.11173,-0.249195,-0.20524,0.0113955,-0.25099,0.264413,-0.141314,-0.0841753,0.021076,-0.0460321,0.0465449,-0.0795342,0.190855,-0.0813705,-0.0467173,-0.894175,0.0882989,0.114886,0.0439853,24.5821,0.40464,0.65221,0.354616,0.553288,0.503808,0.550053,0.455354,0.42808,0.470629,0.433121,0.66459,0.621263,0.67958,0.507926,0.536614,0.469363,0.521909,0.446827,0.555405,0.472909,0.37676,0.569095,0.55424,0.503488,0.41936,0.432945,0.383385,0.599211,0.59765,0.608256,0.476997,0.564244,0.518497,0.472323,0.43209,0.554079,0.513337,0.315395,0.391854,0.565767,0.556305,0.464547,0.492231,0.451919,0.404781,0.494683,0.398704,0.661276,0.345899,0.556668,0.504052,0.553232,0.452515,0.42355,0.468755,0.428899,0.674268,0.628683,0.68996,0.508433,0.538947,0.467408,0.523308,0.443454,0.558917,0.47118,0.36923,0.573453,0.557679,0.503711,0.4143,0.428712,0.376225,0.605373,0.603721,0.614942,0.475528,0.568303,0.519679,0.470557,0.427804,0.557508,0.514189,0.30479,0.385175,0.56992,0.559873,0.462288,0.491734,0.448864,0.398852,0.494343,0.636674,0.286312,0.704714,0.422917,0.494468,0.42756,0.564663,0.603676,0.54261,0.59651,0.270256,0.32763,0.251215,0.488488,0.446918,0.544443,0.468197,0.576918,0.419882,0.53931,0.675056,0.400337,0.421552,0.494933,0.616019,0.596761,0.666033,0.357963,0.360135,0.345441,0.533388,0.407246,0.473145,0.540159,0.597978,0.421783,0.480632,0.755064,0.654406,0.405075,0.418593,0.551404,0.511284,0.569606,0.636478,0.507723,0.486155,0.522533,0.478539,0.507672,0.500546,0.507204,0.493579,0.489613,0.495782,0.49035,0.524503,0.517741,0.526936,0.501137,0.505261,0.4956,0.503145,0.492344,0.50798,0.49611,0.481958,0.509974,0.507811,0.5005,0.488333,0.490324,0.482965,0.514419,0.514186,0.515773,0.496698,0.509266,0.502654,0.496026,0.490199,0.507787,0.501914,0.472236,0.484243,0.509488,0.50811,0.494906,0.498886,0.493082,0.486176,0.499237,7.39582,9.07954,7.09747,9.00762,8.29043,8.65271,8.10349,7.69574,7.91859,7.73574,9.5002,9.11114,9.71704,8.21012,8.73936,7.93432,8.31942,7.84408,8.69489,8.2412,7.16903,8.69073,8.28377,8.17685,7.62629,8.0633,7.6648,9.71927,8.91905,9.03056,8.27319,9.31402,8.31838,7.6424,8.05699,8.2825,8.63003,6.35823,7.73384,8.37489,8.58952,7.58147,8.39228,8.07646,8.0873,8.10668,0,3,1,1,2,18,9,7,15,8,9,9,7,5,6,7,3,12,2,5,5,5,7,9,4,3,1,3,2,2,16,17,14,7,9,4,3,0,16,12,4,5,3,5,11,7,13,8,7,13,1,0,5,3,4,1,0,1,1,5,16,10,8,5,0,5,4,9,5,7,4,11,11,7,14,14,6,6,8,5,2,2,1,3,2,1,2,2,1,2,4,10,7,5,11,7,13,8,11,5,0,6,7,7,3,8,3,4,5,9,3,5,9,8,8,5,1,8,5,1,1,1,2,2,6,5,3,1,5,9,13,11,18,15,9,12,21,8,18,14,10,12,14,22,12,7,7,4,3,4,4,6,5,0,1,1,3,3,4,16,12,11,13,15,15,9,6,13,22,10,9,14,14,7,7,8,12,7,16,5,10,1,6,14,9,10,6,2,1,1
194.52,0.935075,0.0128217,8,255,0,-137.842,9.3144,0.546688,0.149581,-0.152412,0.74118,-1.06821,-0.718003,0.233143,0.183606,-0.0857484,-0.353273,0.223353,-0.195709,0.751319,0.773717,-0.517086,0.124389,-0.528095,0.0362838,0.859064,1.08867,0.513675,-0.00891842,-0.971603,0.292942,0.203265,-0.328231,-0.232315,-0.651937,-0.949342,0.654999,0.65188,0.379692,0.00998,-0.135532,-0.101115,0.284589,0.21331,-0.299831,-0.0557258,0.68521,0.995875,0.046364,0.361992,-0.446661,0.0817354,0.814305,-0.370942,0.375604,0.136416,0.169507,-0.199265,-0.119302,-0.00368403,-0.0768062,-0.188829,0.0491774,-0.0968693,-0.0440667,-0.130657,0.0858104,-0.0330866,-0.00846713,0.0958649,0.895651,0.0214322,-0.269786,-0.157334,0.358983,-0.419871,0.643839,0.165656,-0.511296,0.449091,-0.362512,0.57486,0.209223,0.233124,-0.800099,-0.896457,0.772616,-1.23423,0.793523,-0.780292,0.753925,0.0904076,-0.474512,-0.186197,-1.19669,0.42724,-0.764083,0.37035,-0.0778566,-0.0160271,-1.22946,-0.626823,-0.446653,0.968827,0.49165,0.047502,-0.0497807,-0.386765,-0.115935,1.03727,-0.69123,-0.383994,-1.06773,0.230987,-0.600168,0.918391,0.43475,0.242691,0.236054,1.01894,0.708458,-0.10448,-0.298191,-0.689912,-0.0529735,0.0486529,0.176384,0.0163521,0.0296116,0.0896149,-0.174933,0.262208,-0.0164809,0.362185,0.0287464,-0.0351446,0.033632,0.0409387,-0.276657,0.0637694,0.0477467,-0.695242,0.269005,0.227549,14.4342,0.465926,0.660122,0.27753,0.344551,0.552015,0.541019,0.480809,0.421551,0.549846,0.45629,0.662156,0.666629,0.386244,0.527823,0.383909,0.508124,0.683396,0.726128,0.613031,0.498003,0.295209,0.56522,0.545388,0.42703,0.448169,0.358034,0.299374,0.642596,0.641954,0.584208,0.502235,0.46969,0.477375,0.56338,0.547618,0.433265,0.487525,0.648786,0.709294,0.51038,0.580352,0.4013,0.518293,0.674659,0.417697,0.583318,0.499183,0.503971,0.494277,0.496153,0.501249,0.500984,0.499541,0.498107,0.501197,0.498951,0.504026,0.504146,0.497229,0.500666,0.49717,0.500194,0.504603,0.505833,0.502752,0.499952,0.494794,0.50157,0.501089,0.498241,0.498755,0.496507,0.494914,0.503509,0.503493,0.502034,0.500053,0.499274,0.499458,0.501525,0.501143,0.498393,0.499701,0.503671,0.505336,0.500248,0.50194,0.497607,0.500438,0.504363,0.498012,0.502012,0.498181,0.508846,0.487252,0.49143,0.502783,0.502192,0.498976,0.495783,0.502666,0.497664,0.508967,0.509235,0.493828,0.501485,0.493697,0.500433,0.510253,0.512992,0.506131,0.499894,0.488404,0.503497,0.502426,0.496082,0.497227,0.492219,0.48867,0.507818,0.507781,0.504532,0.500119,0.498382,0.498793,0.503397,0.502546,0.496421,0.499335,0.508178,0.511885,0.500553,0.504321,0.494669,0.500976,0.509719,0.495572,0.504483,0.526466,0.373952,0.677579,0.622268,0.459566,0.468131,0.5149,0.561096,0.461257,0.533964,0.372303,0.368672,0.588919,0.478393,0.590771,0.493694,0.354971,0.319323,0.411655,0.50155,0.662733,0.449259,0.464729,0.556804,0.540291,0.611413,0.659265,0.388082,0.388597,0.434386,0.498265,0.52354,0.517568,0.450696,0.462992,0.551926,0.509685,0.383106,0.333505,0.491942,0.437412,0.577016,0.485797,0.362128,0.564119,0.435085,8.01349,8.96223,6.73225,7.55372,8.2796,8.22021,8.2228,7.57626,8.46446,7.76496,9.46835,9.11948,7.38081,8.34576,7.69362,8.61527,9.21986,9.29116,8.61481,8.31504,7.0413,8.54783,8.3215,8.14705,7.72108,8.08966,7.73969,9.77662,8.97553,9.02686,8.33773,9.28704,8.45032,8.41894,8.66702,7.71792,8.77527,8.8961,10.0523,8.13322,8.63044,7.54244,8.42388,9.29658,8.03001,8.64671,5,4,12,7,6,12,5,11,13,4,2,7,16,17,9,17,5,7,13,10,8,8,6,6,6,1,2,2,4,6,21,19,27,22,15,2,4,2,8,18,7,1,6,3,20,10,10,11,11,6,2,2,2,0,0,3,6,3,2,11,13,7,14,3,1,4,9,8,13,10,8,7,10,5,10,6,8,8,0,2,0,6,8,7,6,2,10,3,3,4,5,22,26,56,34,21,21,15,23,6,5,5,8,8,1,2,3,4,7,3,3,5,6,4,7,8,2,1,0,9,4,2,0,1,2,0,3,1,7,6,7,10,7,6,8,4,13,4,12,19,5,10,11,11,5,11,12,4,3,4,6,10,10,5,5,3,10,13,11,9,3,2,10,28,19,19,24,11,12,5,12,7,12,18,19,25,12,16,13,9,9,13,12,5,14,6,13,7,7,4
183.54,0.960979,0.0128217,8,255,0,-128.06,8.7132,0.567999,0.180457,-1.06868,0.63424,-1.04755,-0.111869,-0.197566,-0.490964,0.0663068,0.283039,-0.480061,-0.0948077,0.963583,0.812382,-1.09576,-0.276851,-0.801425,0.0658275,-0.723261,0.696576,0.731538,0.194931,-1.23363,0.318015,-0.00419738,-0.34837,-0.203925,-0.420183,-0.529179,0.850823,0.628973,0.424912,-0.00319249,0.456122,-0.0703386,-0.347299,0.391596,0.178462,0.0739398,1.09792,-0.0633772,-0.00142778,0.281772,-0.792587,0.270034,0.451501,-0.254766,-0.114109,-0.312232,-0.0572441,0.0024322,-0.25152,0.0616288,-0.0188304,-0.0334543,-0.220257,-0.0213433,-0.10641,0.153883,-0.213145,-0.00676116,0.0573875,0.051614,0.443403,-0.263905,-0.123322,-0.0397002,0.358441,0.45028,0.583465,0.199567,-0.821708,0.515436,0.0365195,0.0759573,0.157152,-0.318427,-0.950229,-0.749275,0.783579,-0.836295,0.765592,-0.336486,0.550224,-0.680789,-0.768375,-0.482907,-0.687891,0.560527,-0.141615,0.0524781,0.288118,-0.152094,-0.589941,-0.811513,-0.534846,0.901767,1.61414,0.865636,-0.102127,-0.215974,0.0731988,1.14182,-0.216928,-0.965848,-0.958441,0.581875,0.306654,0.794475,-0.552832,0.365533,0.530329,0.527599,0.104385,0.337449,-0.263543,0.0790155,0.0423712,0.141316,-0.0483336,0.0810365,0.182095,-0.183946,0.0248384,-0.546399,-0.0904071,-0.0219106,0.0141985,-0.103601,-0.321777,0.0136986,0.143455,-0.0718988,0.0172493,-0.142493,0.323035,0.221378,14.1793,0.383704,0.569846,0.385922,0.487602,0.478114,0.44579,0.50735,0.531334,0.446985,0.489492,0.605218,0.589092,0.380869,0.469349,0.412085,0.507297,0.420506,0.576608,0.580388,0.521595,0.366562,0.535194,0.499535,0.46146,0.47741,0.453557,0.441608,0.593211,0.569274,0.546963,0.499646,0.55039,0.492204,0.461578,0.5433,0.519772,0.508196,0.619357,0.492975,0.499842,0.531194,0.413034,0.529898,0.549883,0.471789,0.487354,0.570044,0.458253,0.568677,0.50738,0.513032,0.532347,0.495625,0.481335,0.53163,0.506255,0.436767,0.446606,0.571794,0.518257,0.552679,0.495657,0.547574,0.454172,0.451885,0.487142,0.580679,0.479031,0.500277,0.522968,0.513451,0.527694,0.534857,0.444101,0.458598,0.471995,0.500211,0.469943,0.504641,0.522897,0.474187,0.488228,0.495122,0.428066,0.504181,0.500094,0.481418,0.552102,0.482192,0.470247,0.516802,0.507528,0.495392,0.502735,0.495483,0.499518,0.499148,0.497883,0.500286,0.501221,0.49793,0.499591,0.504155,0.503503,0.495275,0.498806,0.496544,0.500284,0.496881,0.503004,0.503155,0.500841,0.49468,0.501371,0.499982,0.498498,0.499121,0.498188,0.497718,0.503669,0.502712,0.501832,0.499986,0.501967,0.499697,0.498502,0.501689,0.50077,0.500319,0.504734,0.499727,0.499994,0.501215,0.496582,0.501164,0.501947,0.498901,0.499508,0.537996,0.477422,0.537248,0.503985,0.507037,0.517483,0.497638,0.489919,0.517095,0.503377,0.465728,0.471093,0.538955,0.509861,0.528518,0.497655,0.525742,0.475206,0.473964,0.493056,0.543833,0.488673,0.50015,0.512408,0.507264,0.514964,0.518842,0.469728,0.477609,0.484868,0.500114,0.483757,0.502506,0.512369,0.486054,0.493643,0.497366,0.460968,0.502258,0.500051,0.489964,0.528205,0.490382,0.483922,0.509075,0.504065,7.17409,9.02966,6.8277,8.06042,7.73325,7.42042,8.18212,8.24582,7.80091,7.84284,9.49342,9.1788,6.77643,8.01756,7.25709,8.53671,7.54176,8.6866,8.72384,8.31929,6.99873,8.65197,8.34896,8.17031,7.72647,7.94857,7.83239,9.62001,8.98344,8.91962,8.10799,9.23527,8.39148,7.98306,8.59734,8.54377,8.61138,9.52326,8.32906,8.35191,8.61333,7.50854,8.39939,8.59287,8.10297,8.19112,5,2,3,6,3,3,14,8,3,8,8,4,10,11,10,7,5,10,5,7,9,3,2,7,1,2,1,2,4,3,13,15,25,17,22,1,3,2,13,10,10,4,2,2,10,12,11,3,1,3,5,2,2,4,3,3,3,3,8,11,7,9,15,5,8,3,5,3,2,6,8,7,9,10,15,10,11,6,2,0,1,5,2,9,1,3,8,1,5,0,3,16,26,39,17,29,47,33,26,9,10,5,4,7,4,5,2,5,7,15,8,7,10,12,22,19,5,3,8,0,1,4,0,0,3,0,0,0,5,12,6,7,5,13,10,6,6,12,6,14,6,2,7,4,4,13,14,10,11,14,4,18,10,3,4,2,10,6,9,3,11,4,10,5,14,21,9,6,15,10,10,14,23,16,11,11,7,11,14,10,17,9,8,5,3,5,5,3,2,2
188.828,0.980898,0.0128217,8,255,0,-113.475,8.97964,0.47599,0.129381,-0.970394,0.72206,-0.736029,-0.161822,0.0622498,-0.0147098,0.167035,0.0102844,-0.431724,-0.114177,1.0417,0.760839,-1.14219,-0.109449,-0.563247,0.232638,-0.288465,0.259545,0.666436,0.141804,-1.02616,0.452827,-0.0379729,-0.128324,-0.261543,-0.334433,-0.426933,0.713587,0.524405,0.559126,0.0121501,0.39007,0.0173021,0.0623163,0.115183,0.17922,0.0513413,0.903245,-0.227704,0.0591688,0.299665,-0.662014,0.291733,0.674596,-0.236297,-0.465431,-0.0967813,0.118176,-0.0771772,-0.178775,0.131266,0.139654,0.102178,-0.107321,0.144158,-0.215527,0.308795,-0.10706,0.128265,0.0956856,0.070547,0.298251,-0.429394,-0.130051,-0.0774097,0.360462,0.538808,0.63967,0.200169,-0.957114,0.68652,-0.296283,0.0527701,-0.00105004,-0.514266,-0.599019,-1.42339,0.652204,-0.528375,0.869762,-0.254163,0.424278,-0.542078,-0.522749,-0.658097,-0.769351,0.459213,-0.588233,0.152504,0.361563,-0.101481,-0.281393,-0.27744,-0.399891,1.21375,1.22295,0.146088,0.23308,-0.466359,-0.0444613,0.763661,-0.897632,-0.759672,-0.951458,0.52784,0.578533,0.900524,-0.650147,0.219775,0.735611,0.722849,0.308412,0.30237,-0.120633,-0.215336,-0.103617,0.180602,0.086652,0.158332,0.15509,-0.408525,0.0945989,-0.0891916,-0.22449,-0.0154782,0.133237,-0.165536,-0.157423,-0.161386,0.0339655,-0.0815164,-0.131689,-0.26237,0.358599,0.224702,15.1626,0.428146,0.553632,0.445339,0.487936,0.504641,0.498903,0.512452,0.500767,0.467854,0.491487,0.577053,0.556488,0.415649,0.49184,0.458101,0.517339,0.478505,0.519343,0.549528,0.510572,0.424078,0.533713,0.497169,0.490433,0.480509,0.475084,0.46821,0.553007,0.539022,0.541594,0.500906,0.529052,0.50129,0.504646,0.508588,0.51336,0.503828,0.566944,0.483028,0.504412,0.522329,0.450798,0.521739,0.550131,0.482388,0.465352,0.602689,0.423103,0.57836,0.517364,0.493318,0.501579,0.482077,0.498896,0.546213,0.512254,0.390003,0.419044,0.620213,0.511747,0.560171,0.475047,0.530927,0.472167,0.428943,0.484782,0.608409,0.451542,0.504076,0.513772,0.528047,0.535839,0.545703,0.423991,0.443943,0.440265,0.498696,0.458224,0.498143,0.493311,0.487638,0.480771,0.494489,0.404235,0.524424,0.493649,0.467876,0.570592,0.468724,0.428085,0.525344,0.549798,0.531904,0.476246,0.524213,0.505327,0.497951,0.500484,0.494501,0.499661,0.514209,0.503759,0.465758,0.474972,0.537533,0.503603,0.518535,0.492342,0.509496,0.491456,0.478074,0.495332,0.533732,0.485096,0.50125,0.504225,0.50861,0.511009,0.514052,0.476524,0.482742,0.481601,0.4996,0.487161,0.49943,0.497948,0.496208,0.4941,0.49831,0.470298,0.507496,0.498052,0.490136,0.521781,0.490397,0.477805,0.507779,0.515318,0.563309,0.452779,0.548129,0.510613,0.495917,0.500965,0.489045,0.499325,0.528288,0.507489,0.432094,0.45026,0.574364,0.507179,0.536878,0.484745,0.518912,0.482982,0.456398,0.4907,0.566905,0.470333,0.502491,0.508416,0.517149,0.521922,0.527974,0.45333,0.465657,0.463391,0.499203,0.474437,0.498865,0.495913,0.492445,0.488247,0.496632,0.44103,0.514931,0.496119,0.480354,0.543314,0.480874,0.455867,0.515494,0.530491,7.25161,9.04783,7.11503,8.11463,7.96751,7.88529,8.26551,7.91199,7.82637,7.77903,9.46131,9.09997,6.68204,8.1706,7.48548,8.59791,7.97937,8.17827,8.61272,8.23855,7.19217,8.77122,8.23619,8.1917,7.62161,7.92217,7.82338,9.66975,8.84764,8.94657,8.10004,9.30651,8.36787,8.34333,8.41056,8.46822,8.70467,9.24109,8.03617,8.33997,8.60765,7.56975,8.39871,8.80749,8.13054,7.79038,1,6,6,3,2,9,3,12,8,4,4,2,3,4,9,11,8,4,4,9,7,3,5,2,2,1,4,1,4,2,18,7,14,22,19,3,6,2,6,6,17,8,1,5,4,7,2,7,8,5,6,3,2,4,2,2,6,1,4,17,4,9,7,2,4,8,5,10,5,11,5,6,16,8,14,14,6,1,4,4,3,6,9,9,6,13,8,2,4,2,5,38,21,40,23,25,34,30,22,2,8,15,9,7,1,3,6,6,3,6,8,8,15,11,11,12,2,1,5,2,2,4,3,1,2,2,4,3,9,7,4,14,7,8,4,13,15,16,10,7,16,6,9,10,15,12,21,12,22,16,10,15,17,2,2,6,7,9,9,8,17,8,7,5,22,8,21,26,13,9,12,13,6,12,11,7,21,8,14,10,14,13,5,6,11,2,4,4,8,7
187.04,0.881395,0.0128217,8,255,0,-128.695,8.68695,0.609642,0.0983493,1.2199,0.512407,-0.845813,0.0209961,-0.0208382,-0.544879,-0.145088,0.0867095,0.407215,-0.209136,0.923101,0.73146,1.3515,0.122853,0.510226,-0.522945,0.450448,-0.24185,0.654227,-0.00692162,-1.039,0.0434811,-0.0817558,-0.334383,-0.296789,-0.594603,-0.53397,0.824818,0.592449,0.514837,-0.231296,0.324804,-0.0691462,0.0686959,0.357612,-0.120626,0.00555004,-1.29757,0.4854,0.175886,0.356202,-0.85559,0.0709285,-0.76052,0.00533588,0.426263,-0.255258,0.104299,-0.135793,0.0869865,0.0997065,0.056666,0.0146632,-0.0491914,-0.00343727,0.118869,0.226042,0.148746,0.0494168,-0.128681,0.0804799,0.2312,0.546423,-0.249079,-0.0606434,0.359914,1.46305,0.777536,0.163987,-0.698217,0.543779,-0.439985,0.691887,0.0615491,0.354813,-2.131,-0.627657,0.784971,-1.81968,0.290799,-0.588476,0.939486,0.341722,-1.12214,-0.44842,-1.59036,0.707638,-0.495988,0.142276,-0.202926,0.310482,-1.49806,-0.629565,-0.907543,0.249674,0.523111,0.112437,0.0719503,-1.09366,-0.000518985,0.561457,-0.256424,-0.986778,-0.744238,0.30909,-0.887266,0.741365,0.240592,0.0998737,0.0769237,0.590469,0.486964,-0.220728,-0.442808,-0.0561939,-0.0667414,-0.123674,-0.0289261,0.136357,-0.241411,0.28953,0.0943931,0.128867,0.143037,0.172572,-0.0829928,0.0381294,-0.104821,0.0996863,-0.0606724,-0.0259735,-0.216207,-0.237981,0.0401264,0.106176,24.9972,0.570046,0.529582,0.451267,0.501214,0.498796,0.468548,0.491615,0.505012,0.52352,0.487914,0.553154,0.542178,0.577487,0.5071,0.529457,0.469811,0.526012,0.486025,0.537742,0.4996,0.440233,0.502513,0.495275,0.480682,0.482852,0.465686,0.469176,0.54753,0.53419,0.529722,0.486634,0.518765,0.496003,0.503971,0.520658,0.493028,0.500321,0.425558,0.528027,0.510165,0.520577,0.450708,0.5041,0.456155,0.500308,0.524618,0.660737,0.569544,0.386471,0.502868,0.497153,0.426111,0.48019,0.511843,0.5554,0.471462,0.623494,0.598612,0.676665,0.516776,0.569252,0.429045,0.561225,0.46701,0.588431,0.499054,0.361759,0.505939,0.488834,0.454448,0.459546,0.419481,0.42757,0.610806,0.580233,0.56987,0.468446,0.544254,0.490555,0.509383,0.548697,0.483528,0.500758,0.329815,0.565922,0.524009,0.548506,0.385205,0.509688,0.397578,0.500729,0.557968,0.434442,0.472332,0.545591,0.498865,0.501126,0.529418,0.507842,0.495313,0.478004,0.511302,0.45027,0.460546,0.427465,0.49336,0.472449,0.528236,0.475672,0.513069,0.464697,0.500374,0.555925,0.49765,0.504419,0.518066,0.516036,0.532095,0.52883,0.455535,0.468021,0.472201,0.512499,0.482451,0.503737,0.496287,0.48068,0.50652,0.4997,0.56968,0.473787,0.490494,0.480756,0.546115,0.496166,0.541015,0.499712,0.476976,0.427927,0.469552,0.550153,0.498751,0.50124,0.532372,0.508631,0.494841,0.475792,0.51244,0.4453,0.456591,0.420278,0.492691,0.469681,0.531073,0.473226,0.514385,0.461155,0.500412,0.561503,0.497413,0.504864,0.519884,0.51765,0.535317,0.531726,0.451084,0.46481,0.469408,0.513758,0.480685,0.504114,0.495913,0.478737,0.507176,0.49967,0.576592,0.471153,0.489537,0.47882,0.550728,0.49578,0.545124,0.499683,0.474661,9.60754,8.97267,7.12459,8.14108,8.02103,7.45118,8.21739,8.13805,8.72654,7.81618,9.49955,9.07871,9.50965,8.41728,8.93012,7.92798,8.77354,7.7806,8.75498,8.36771,7.15526,8.33093,8.32647,8.17045,7.72085,7.99896,8.06482,9.73783,8.92781,9.05657,8.12362,9.3135,8.42145,8.49016,8.50724,8.28418,8.65538,7.00764,9.17339,8.60677,8.67108,7.48571,8.45241,7.54862,8.03499,8.74725,2,4,3,1,3,9,10,10,7,3,5,9,10,15,16,14,12,4,2,6,14,9,8,14,6,0,1,1,2,2,15,11,12,16,17,1,0,3,8,10,6,8,2,4,18,21,15,3,10,12,0,2,3,1,1,1,0,0,0,20,6,10,19,5,4,6,4,4,9,6,9,4,8,4,5,2,6,4,1,2,1,3,0,4,6,3,4,2,3,4,2,13,5,13,9,10,15,8,16,7,4,8,4,8,2,1,1,7,2,8,3,3,5,7,12,11,6,3,2,2,2,2,1,2,1,6,4,4,5,7,11,14,7,15,16,11,14,16,19,12,7,11,9,10,16,14,9,0,5,1,1,3,1,4,7,12,9,6,3,10,5,5,11,9,14,12,10,11,12,10,5,10,10,11,15,10,4,18,11,10,7,7,12,3,7,8,8,3,2,2
186.231,0.964308,0.0128217,8,255,0,-120.782,8.96987,0.553613,0.132475,1.0344,0.598613,-0.944172,0.185923,-0.110542,-0.312311,-0.140104,0.956568,-1.08924,-0.238183,1.07219,0.922127,0.562918,-0.146661,-0.00265054,-0.254992,0.306648,0.493039,0.702978,-0.0788538,-1.13797,0.363449,-0.125806,-0.544294,-0.28339,-0.245704,-0.77756,1.19017,0.691193,0.636113,-0.0461467,0.36072,-0.0627291,0.11353,-0.0822342,0.567966,-0.337576,-0.231854,0.206725,-0.110071,0.351885,-0.780269,0.0803628,-0.293425,-0.368129,0.274353,0.31347,-0.0887363,-0.0573489,-0.0220753,-0.0921176,-0.0184824,-0.127076,0.194659,0.163366,-0.0230272,-0.140641,0.0126361,-0.0206689,0.166338,-0.185342,0.375853,0.0579835,-0.239247,-0.0673578,0.359345,1.43969,0.710606,0.070379,-0.772314,0.491522,-0.2187,0.056305,0.288851,-0.3918,-1.71436,-0.7744,0.184938,-1.48763,0.443723,-0.449788,0.698145,-0.188552,-0.946714,-0.460703,-2.01769,0.340181,-0.647094,-0.282537,0.209465,0.1889,-1.40148,-0.834643,-0.833056,0.959264,0.873545,-0.563569,0.28149,-1.3391,-0.403059,0.718827,-0.85014,-1.04302,-0.420443,-0.0739763,-0.845831,0.7175,0.000329491,0.282148,0.383665,0.625108,0.211926,0.1704,-0.298074,-0.708003,0.0668513,-0.0930003,-0.0193087,0.0598581,0.0606287,-0.164123,0.1914,-0.033039,-0.0402446,-0.0931265,0.00254522,0.0297641,0.00820509,-0.116599,0.183044,-0.113505,0.402486,-0.28735,0.203133,0.135397,20.4056,0.595989,0.556012,0.412202,0.517463,0.489615,0.470688,0.486838,0.588926,0.399057,0.477635,0.599405,0.585789,0.552697,0.486223,0.499751,0.476058,0.528782,0.546195,0.565672,0.492591,0.394673,0.534098,0.488181,0.449034,0.473397,0.476929,0.427453,0.610004,0.564584,0.559488,0.495664,0.533843,0.494106,0.510666,0.492274,0.553166,0.468323,0.478228,0.519415,0.489659,0.533016,0.427204,0.507551,0.472457,0.465464,0.525756,0.51499,0.508677,0.486317,0.502695,0.498398,0.495473,0.497969,0.513863,0.484216,0.496547,0.515537,0.513364,0.508159,0.497874,0.499962,0.496304,0.504445,0.507147,0.510189,0.498857,0.48351,0.505268,0.498176,0.492111,0.495892,0.496438,0.48873,0.517246,0.510018,0.50922,0.499331,0.505229,0.499091,0.501646,0.498808,0.508232,0.495107,0.496639,0.502997,0.498404,0.505101,0.488691,0.501165,0.495747,0.494664,0.503977,0.602605,0.559944,0.406123,0.518699,0.488879,0.468616,0.485906,0.59508,0.392121,0.476052,0.606242,0.591735,0.556401,0.485247,0.499733,0.474365,0.530816,0.549448,0.570267,0.492066,0.387456,0.536506,0.487344,0.44545,0.471516,0.475297,0.422393,0.617518,0.569104,0.563659,0.495357,0.536233,0.493688,0.511422,0.491726,0.556902,0.466085,0.476687,0.520789,0.488926,0.535348,0.422127,0.508086,0.470509,0.463026,0.527578,0.426234,0.457103,0.567414,0.486647,0.50794,0.522421,0.510063,0.431712,0.577616,0.517104,0.42358,0.434142,0.459649,0.510534,0.50019,0.51831,0.477985,0.46464,0.449671,0.505664,0.581028,0.473914,0.509037,0.539021,0.520347,0.517643,0.555627,0.415325,0.450509,0.45443,0.503315,0.47411,0.504506,0.491845,0.505907,0.459289,0.524232,0.51665,0.485154,0.507907,0.474743,0.555819,0.494227,0.521066,0.526421,0.480301,9.36633,8.95446,7.02963,8.23289,7.89306,7.68401,8.21593,8.99839,7.16689,7.76081,9.42046,9.25013,8.5908,8.14302,8.35835,8.0458,8.6127,8.51841,8.73585,8.27939,7.11646,8.67155,8.20393,8.11679,7.71397,8.35536,7.80446,9.82161,9.01103,8.96902,8.31328,9.25304,8.24501,8.45192,7.95504,8.92271,8.55676,8.09405,8.82413,8.22024,8.65957,7.526,8.44436,8.05707,8.06067,8.57924,1,1,5,7,3,21,9,8,3,6,6,6,5,5,6,2,9,7,6,6,12,2,11,2,3,0,0,0,3,1,11,4,10,8,7,3,0,1,16,8,7,8,4,10,5,10,24,3,6,10,0,0,2,4,5,0,0,1,0,5,13,7,13,3,5,1,6,5,4,5,4,10,15,13,9,9,9,7,2,1,2,6,4,2,3,3,1,4,1,5,2,32,22,23,20,20,11,26,14,3,1,11,8,10,5,0,0,7,5,1,7,3,8,5,13,21,0,2,1,1,1,1,8,6,5,7,6,1,7,10,9,13,12,13,13,10,8,10,18,10,14,16,11,12,8,7,20,2,2,5,2,7,3,5,2,4,10,9,13,6,13,10,10,17,3,16,19,9,7,8,10,11,12,12,9,10,3,8,15,8,3,6,4,3,8,6,2,1,3,5
196.053,0.982168,0.0128217,8,511,0,-124.504,10.1351,0.645286,0.126643,-0.040451,0.811941,-0.635464,0.0329697,-0.235525,-1.20678,-0.040635,-0.116839,0.268106,0.226138,1.04108,0.915335,-0.30912,0.249449,0.643762,0.150421,-0.3636,0.312786,0.986969,-0.0169878,-0.942066,0.485949,0.0372051,-0.63984,0.0231109,-0.859105,-1.45179,0.276997,0.877222,0.519906,-0.0353409,-0.425339,-0.208284,0.87918,-0.039346,0.282231,-0.305771,-0.0829141,-0.441113,0.10395,0.61018,-0.644023,0.170295,0.620429,-0.0908559,-0.566222,0.173495,0.0291247,-0.072671,-0.14796,-0.0823408,0.0572695,0.0398188,-0.0263771,-0.0691225,0.0419454,-0.0197547,-0.0861403,-0.118653,-0.298896,0.116081,-0.0929127,0.177125,-0.358593,-0.205324,0.35726,0.644647,0.837076,0.177921,-1.12324,0.103531,-0.630989,0.513437,-0.330587,-0.0217322,-0.800817,-1.31509,0.867382,-1.50759,0.51512,-0.640678,0.300189,-0.0601797,-1.13539,-0.556636,-1.50994,0.39335,-0.876325,0.422371,-0.310738,-0.337379,-1.02224,-0.598206,-0.495204,0.830497,1.22301,0.570331,-0.336031,-0.346111,0.179456,0.865707,-0.623719,-1.36566,-1.33374,0.36191,-0.0778031,0.479713,-0.0256206,-0.556277,-0.0516906,0.504571,0.607245,0.0432224,-0.290451,0.328129,0.0827252,-0.0147322,-0.0800122,-0.0871369,0.151639,-0.200714,0.0633889,0.0230735,-0.29965,0.158326,-0.0447673,0.0869489,-0.0624721,-0.0871845,-0.00173979,-0.0630512,-0.350678,0.0316876,0.17609,0.244413,20.7245,0.50094,0.481149,0.514756,0.499234,0.505471,0.528002,0.500944,0.502714,0.493773,0.494747,0.475837,0.478751,0.50718,0.494206,0.485051,0.496506,0.508445,0.492735,0.477091,0.500395,0.521869,0.488714,0.499136,0.514858,0.499463,0.519945,0.533671,0.493566,0.479635,0.487926,0.500821,0.509879,0.504838,0.47959,0.500914,0.493445,0.507102,0.501926,0.510245,0.497585,0.48583,0.514955,0.496044,0.485593,0.50211,0.513149,0.498209,0.535892,0.47189,0.50146,0.489572,0.446765,0.498201,0.494826,0.51187,0.510012,0.54597,0.540444,0.486315,0.511044,0.528476,0.50666,0.483905,0.513847,0.543593,0.499248,0.458381,0.521505,0.501647,0.471697,0.501023,0.462031,0.436065,0.512263,0.538767,0.523006,0.498435,0.481174,0.490778,0.538853,0.498258,0.512495,0.486463,0.496329,0.480477,0.504603,0.526993,0.471513,0.50754,0.527446,0.495977,0.474948,0.503546,0.429295,0.555481,0.49711,0.520637,0.604246,0.503562,0.510242,0.476513,0.480185,0.40973,0.420435,0.527074,0.478145,0.4438,0.486816,0.531833,0.472606,0.414327,0.501489,0.581847,0.4575,0.496738,0.55586,0.497974,0.574753,0.624598,0.475735,0.423695,0.454546,0.503098,0.53722,0.518252,0.423528,0.503449,0.475277,0.526781,0.507269,0.538595,0.490888,0.446709,0.556222,0.485075,0.445821,0.507965,0.549478,0.49968,0.506432,0.494966,0.500261,0.498134,0.490441,0.499678,0.499074,0.502124,0.501791,0.508247,0.507251,0.497551,0.501976,0.5051,0.501192,0.49712,0.502478,0.507818,0.499865,0.492538,0.50385,0.500295,0.494931,0.500183,0.493195,0.488501,0.502194,0.506949,0.504119,0.49972,0.496631,0.49835,0.506964,0.499688,0.502236,0.497578,0.499343,0.496506,0.500823,0.504834,0.494898,0.501349,0.504915,0.49928,0.495515,7.99248,9.0668,7.00253,8.21998,7.40647,6.42554,8.24295,7.52634,8.30412,7.87274,9.64489,8.9578,7.33213,8.28527,8.93418,8.74535,7.6661,7.96026,8.64116,8.26683,7.08186,8.52414,8.28433,8.10992,7.66769,8.21937,7.62081,9.58158,8.91931,9.11853,8.24829,9.24421,8.38306,9.13471,8.14694,8.5318,8.70649,8.163,8.64153,8.35174,8.64961,7.59629,8.45599,8.91062,8.08453,7.46145,0,2,4,2,1,4,8,4,7,1,1,2,13,9,12,15,10,5,6,6,7,7,5,8,8,2,0,1,1,3,21,13,25,11,31,1,2,2,6,9,8,5,4,4,9,5,11,4,7,7,0,4,3,1,2,1,4,1,1,20,13,5,5,4,4,6,10,5,4,3,9,5,4,4,8,3,6,7,0,2,1,2,4,5,8,3,2,6,9,5,4,29,28,23,19,27,31,34,39,14,7,7,7,5,5,3,3,4,7,5,6,7,7,15,8,11,1,4,1,3,3,2,2,1,1,0,1,0,9,3,6,9,7,6,3,5,4,7,3,5,12,9,10,9,8,9,6,9,2,9,6,7,14,5,9,4,3,1,4,11,1,2,1,3,12,11,3,4,11,5,11,10,7,7,9,11,7,6,8,8,8,12,5,4,2,5,6,8,5,5
172.59,0.910479,0.0128217,8,255,0,-114.98,9.62146,0.490072,0.209601,-0.165738,0.79227,-0.590066,-0.432585,-0.301312,-0.647408,-0.0157882,-0.500392,0.442271,0.238674,0.879906,0.902536,0.176706,0.00537632,0.0504729,0.471309,-0.460224,0.0583037,0.933505,0.0756603,-0.938416,0.469315,0.0574345,-0.433804,0.0457866,-0.953707,-0.875014,0.370369,0.721433,0.340277,0.0081458,-0.110449,-0.293066,0.573276,-1.04503,0.735849,-0.196399,-0.448356,-0.0348051,-0.0642615,0.492077,-0.608503,0.209372,0.549569,-0.493199,0.302744,-0.284137,0.0929132,-0.228177,-0.178159,-0.0228756,-0.13151,-0.233359,-0.0669743,-0.0816407,0.0115129,0.335351,-0.233836,-0.140064,0.273443,0.0377497,-0.303342,0.569764,-0.363667,-0.123369,0.354832,1.28237,0.763092,0.158132,-1.16996,0.227041,0.0404198,0.688287,0.120346,-0.217325,-0.6579,-0.97574,0.253586,-0.92584,0.766246,-0.380487,0.847844,-0.241045,0.0391971,-1.03866,-1.64571,0.559387,-0.658706,0.486349,-0.266381,0.204121,-1.63263,-1.1218,-1.14949,0.637028,0.885911,-0.368678,-0.76255,-0.894178,-0.146434,0.574545,-0.935791,-0.889739,-1.62045,-0.435938,0.220586,0.426599,-0.00900601,-0.769086,0.647388,0.231308,0.245332,0.579509,-0.455232,2.17223,0.0227773,-0.0685605,0.0240967,-0.179992,0.0118197,0.201244,0.0904941,0.0847745,-0.18519,0.00176213,0.0577513,0.0376578,-0.107022,0.214442,-0.094611,-0.0451386,-0.167098,-0.239641,0.059382,0.172849,19.7607,0.512566,0.440205,0.544629,0.532758,0.522834,0.548939,0.501197,0.537875,0.46651,0.481908,0.433665,0.43198,0.486603,0.499592,0.496172,0.464319,0.534845,0.495579,0.429676,0.494263,0.570689,0.464469,0.495645,0.53285,0.496528,0.571825,0.56597,0.471942,0.445507,0.474218,0.499382,0.508375,0.52221,0.456635,0.578593,0.444427,0.51489,0.533949,0.502639,0.504873,0.462752,0.546016,0.484127,0.458419,0.537332,0.477057,0.47641,0.610974,0.416733,0.438692,0.457186,0.408814,0.497751,0.429203,0.562666,0.533945,0.622774,0.625798,0.525149,0.500766,0.507189,0.566733,0.434818,0.508304,0.629921,0.510775,0.369427,0.566454,0.50818,0.438521,0.506522,0.3674,0.377881,0.552561,0.601339,0.548318,0.50116,0.484273,0.458352,0.58094,0.355392,0.603306,0.472054,0.436481,0.495042,0.490848,0.569636,0.414182,0.529788,0.577648,0.430207,0.543017,0.506923,0.466952,0.52463,0.518063,0.512585,0.527019,0.50066,0.520891,0.481533,0.490031,0.463308,0.462368,0.492619,0.499775,0.497892,0.480321,0.519216,0.497564,0.461082,0.496839,0.539122,0.480405,0.497601,0.518114,0.498087,0.539757,0.536488,0.484533,0.469899,0.485789,0.49966,0.504614,0.51224,0.47607,0.543545,0.469299,0.508204,0.518721,0.501454,0.502684,0.479455,0.525398,0.491254,0.477058,0.520591,0.487356,0.509928,0.452677,0.535292,0.525893,0.518044,0.538709,0.500946,0.529943,0.473528,0.485705,0.447479,0.446139,0.489415,0.499678,0.496976,0.471794,0.527544,0.496507,0.444305,0.495467,0.555985,0.471913,0.496559,0.525966,0.497257,0.55689,0.552231,0.477826,0.456886,0.479625,0.499512,0.506617,0.51755,0.465709,0.562283,0.456029,0.511764,0.526835,0.502085,0.50385,0.470554,0.536391,0.487459,0.467123,0.529513,0.48187,7.96278,9.11474,6.92539,7.67492,7.2438,6.86222,8.22882,7.02421,8.63391,7.83993,9.57798,9.14062,7.77153,8.15171,8.30198,9.12816,7.63784,7.64081,8.60529,8.32979,7.11152,8.66373,8.30452,8.22971,7.62699,7.81258,7.89902,9.76981,8.94147,8.98363,8.25524,9.26271,8.28447,8.87365,7.00111,9.05267,8.69583,7.74626,8.82519,8.17015,8.68882,7.56975,8.47741,8.85267,8.03134,8.47998,5,1,1,2,0,8,5,4,11,8,8,7,26,25,14,21,18,9,5,5,2,7,5,6,10,2,3,3,4,2,14,11,9,6,5,2,4,2,13,11,9,2,6,4,10,16,6,3,0,5,0,9,2,0,2,1,1,4,2,10,22,13,11,3,5,5,9,9,6,9,6,10,6,3,6,5,5,8,1,0,0,2,2,0,5,4,2,3,0,2,2,10,8,11,9,10,23,11,11,4,4,6,1,3,3,2,2,4,4,3,3,7,5,5,5,9,2,2,1,1,4,2,0,0,1,1,1,2,4,3,2,8,8,16,14,13,11,12,7,7,9,18,11,18,5,7,12,8,4,8,12,9,12,11,4,5,2,3,0,13,12,14,9,4,4,3,3,11,4,0,11,5,2,6,2,4,3,6,5,5,7,6,10,14,32,18,5,2,6,4
174.458,0.902492,0.0128217,8,255,0,-86.3462,9.8244,0.643332,0.270608,1.36816,0.618531,-0.647925,-0.390298,-0.322237,-0.409421,-0.0371323,0.608239,0.0890842,0.029735,0.780631,1.06952,1.46845,0.304045,0.0143258,-0.796046,-0.0198366,-0.318243,0.796969,-0.0284339,-0.706172,0.49898,-0.136288,-0.240028,-0.109092,-0.612278,-0.814664,0.280429,0.867694,0.383066,-0.0431343,-0.323942,-0.225709,-0.668865,1.34768,-0.456736,-0.622959,-0.0784845,0.75629,0.198714,0.563779,-0.711201,0.13596,1.05727,-0.016709,0.75361,0.113171,0.168354,-0.521297,-0.0903174,-0.00686567,0.247653,-0.0949865,0.402945,0.28822,-0.257494,0.2356,0.142243,-0.235411,-0.16235,-0.00310388,0.767611,-0.118349,-0.47858,-0.161965,0.375706,2.2604,0.876897,0.165133,-0.944517,0.150153,-0.567365,0.226905,0.09919,0.124007,-0.963206,-0.358385,0.928239,-0.696285,0.551569,-1.10685,0.735176,0.455431,-0.42299,-0.214808,-2.05679,0.607279,-0.429029,-0.224845,0.138522,-0.0244164,-1.62879,-0.938767,-0.212072,0.857977,0.958341,0.41172,-0.0641913,-0.689159,-0.0817882,0.59051,-0.644544,-1.64071,-0.914677,0.510202,-0.972477,0.627303,-0.406381,-0.271358,0.241986,0.364069,0.62579,0.204225,-0.415678,0.527355,-0.0120273,0.183925,0.0759288,-0.0687781,0.0384478,-0.231157,0.194245,0.0053967,0.170359,0.101396,-0.0204668,0.0814647,-0.178171,-0.145028,0.0453376,-0.104256,-0.637758,-0.345647,0.0688397,0.104482,27.738,0.740817,0.616517,0.378163,0.425656,0.438475,0.422071,0.492875,0.614648,0.517089,0.505706,0.645478,0.694443,0.755321,0.558084,0.502749,0.351819,0.496193,0.43923,0.648343,0.494544,0.367707,0.594602,0.47387,0.454068,0.479077,0.384618,0.348567,0.553608,0.660619,0.572986,0.491723,0.438153,0.456794,0.37439,0.737786,0.413238,0.382679,0.484943,0.641191,0.53806,0.606533,0.36681,0.526067,0.692444,0.496794,0.640717,0.459608,0.481707,0.519161,0.511546,0.509533,0.512111,0.501099,0.482012,0.497364,0.49912,0.47692,0.468398,0.456662,0.491005,0.499576,0.523535,0.500587,0.509415,0.476437,0.500841,0.520882,0.485241,0.504032,0.507101,0.503228,0.518108,0.524085,0.491704,0.47435,0.488668,0.501276,0.509583,0.506678,0.51978,0.46021,0.51351,0.518423,0.502322,0.477638,0.494121,0.483325,0.52103,0.495977,0.468759,0.500494,0.477717,0.294722,0.402641,0.60186,0.56191,0.551197,0.56491,0.50592,0.404221,0.4858,0.495259,0.378045,0.335794,0.281605,0.451674,0.497716,0.624264,0.503163,0.550567,0.375598,0.504533,0.610726,0.421107,0.521716,0.538195,0.517387,0.596399,0.627044,0.455407,0.365081,0.439226,0.506877,0.551466,0.535925,0.605055,0.297445,0.572311,0.598038,0.512511,0.381702,0.46836,0.411067,0.611489,0.478336,0.337539,0.502664,0.382106,0.38393,0.446754,0.555756,0.533675,0.527816,0.53532,0.503209,0.447634,0.492303,0.497431,0.432951,0.408619,0.375765,0.473751,0.498762,0.568357,0.501714,0.527472,0.431565,0.502457,0.56072,0.456989,0.511775,0.520729,0.509426,0.552711,0.569935,0.475787,0.425578,0.466947,0.503727,0.527963,0.519494,0.557542,0.385606,0.539386,0.553624,0.506782,0.435017,0.482836,0.451436,0.561149,0.488254,0.409643,0.501444,0.435245,9.54113,9.08273,6.99121,7.6394,7.36433,7.26425,8.26739,8.4333,8.08584,7.76914,9.48475,9.20584,9.40449,8.33302,8.32661,7.67714,7.9605,7.36892,8.64855,8.2774,7.17313,8.55667,8.21577,8.27767,7.60939,8.00191,7.77115,9.74843,8.97735,9.03015,8.26048,9.31316,8.33005,7.60497,9.62305,7.84766,8.72302,8.28228,9.57222,8.60122,8.63086,7.55667,8.46657,9.51881,8.05726,8.84759,2,3,1,3,5,6,9,11,9,1,8,3,11,11,12,10,11,11,5,16,7,9,11,8,5,1,1,0,4,3,12,10,17,12,12,5,4,3,12,7,7,0,1,0,13,16,10,6,11,5,4,7,3,6,6,1,1,1,0,13,18,11,10,4,3,6,6,5,6,1,2,6,6,7,2,3,3,5,1,2,1,3,2,2,0,3,0,8,6,8,9,15,14,22,10,20,17,17,14,8,8,4,5,6,1,4,4,5,2,6,9,3,4,5,7,10,4,4,1,2,3,0,1,1,6,2,2,5,11,6,12,12,3,7,17,8,6,8,9,7,8,13,9,10,10,10,10,1,2,1,1,3,3,8,4,9,5,1,3,3,6,15,7,10,9,4,3,6,4,7,10,6,4,9,4,6,5,10,6,7,4,10,16,3,3,4,6,3,5,4
175.996,0.803453,0.0128217,8,255,0,-97.2663,8.58831,0.61955,0.200458,1.68466,0.559654,-0.49099,-0.480713,-1.18472,-0.189981,0.202065,-0.0389731,-0.34296,0.0858011,0.782951,0.612341,0.988791,0.202139,-0.469716,0.102432,0.971535,1.05302,0.703029,0.220051,-0.662075,0.477767,-0.0444633,-0.482917,0.00108069,-0.387078,-0.558706,0.71077,0.578936,0.454395,0.153721,0.227522,-0.0327866,-0.67071,0.151603,-0.120691,-0.393799,-0.72155,-0.360905,-0.0835447,0.41136,-0.445898,0.334203,0.20749,-0.113094,1.25826,-0.186721,0.0366445,0.275052,-0.193498,-0.121227,-0.101747,-0.000944771,-0.314564,0.486846,0.0493916,0.0578063,0.126964,0.0225356,0.147204,0.0391932,1.39103,0.228667,-0.347005,-0.11546,0.346798,2.27618,0.566797,0.138767,-1.155,0.44221,0.366551,0.767095,0.275339,0.220729,-0.918411,-1.59337,-0.0663378,-0.910645,0.356909,-1.07645,1.20239,-0.965993,-1.07997,-0.630799,-0.956536,0.850165,-0.0918425,0.173814,-0.494723,-0.685533,-0.903528,-0.838887,-0.209553,0.550945,0.782143,-0.210239,-0.383652,-0.809296,0.181481,0.553849,-0.713842,-1.03588,-0.585578,-0.223072,-0.0537112,0.596144,-0.714524,-0.539827,0.206273,0.474142,0.157978,-0.108785,-0.498678,-0.0524307,0.200609,-0.0784029,-0.159049,-0.168331,-0.184298,0.0774475,-0.101609,-0.102848,-0.0141205,0.12157,0.0754092,-0.0450079,0.0337714,0.122149,-0.0730007,-0.0873529,-0.582605,-0.291484,-0.0755983,0.13191,14.3237,0.912409,0.685356,0.335596,0.338791,0.161382,0.434315,0.569811,0.48645,0.382945,0.529803,0.748214,0.700941,0.798257,0.569836,0.342226,0.535561,0.794364,0.812263,0.726698,0.575932,0.284761,0.66029,0.484543,0.338105,0.500376,0.368551,0.314929,0.728832,0.691111,0.65296,0.553255,0.578469,0.4886,0.282321,0.552527,0.458127,0.366378,0.268215,0.377064,0.470979,0.639274,0.349723,0.614173,0.571659,0.460752,0.851987,0.595133,0.53195,0.471961,0.472547,0.432684,0.489141,0.511549,0.497772,0.480404,0.504905,0.54464,0.534949,0.556287,0.511554,0.473174,0.505855,0.555312,0.559909,0.540104,0.512577,0.462223,0.527285,0.497458,0.472421,0.500062,0.477886,0.468104,0.540543,0.533048,0.525953,0.508787,0.513004,0.498126,0.461733,0.508666,0.493101,0.477503,0.458845,0.47938,0.495224,0.523499,0.474531,0.519096,0.511859,0.493535,0.571438,0.272596,0.4192,0.57103,0.569562,0.666017,0.527643,0.470603,0.505676,0.549787,0.487506,0.387899,0.411746,0.359836,0.470592,0.567991,0.485085,0.362156,0.351262,0.399011,0.467993,0.595254,0.430859,0.506476,0.569877,0.499843,0.556141,0.580665,0.39793,0.416468,0.434201,0.477625,0.46691,0.504775,0.596465,0.477933,0.517571,0.557107,0.603574,0.552373,0.512166,0.44037,0.564583,0.451476,0.469816,0.516466,0.324522,0.379646,0.459308,0.535718,0.534973,0.585484,0.513841,0.48528,0.50284,0.524971,0.493748,0.443192,0.455496,0.428441,0.485274,0.534175,0.492536,0.429673,0.423862,0.448948,0.48397,0.548097,0.465241,0.50324,0.535133,0.499921,0.528177,0.540624,0.44839,0.457912,0.466936,0.4888,0.483426,0.502389,0.54872,0.488954,0.508794,0.528665,0.552387,0.526275,0.506088,0.47006,0.532447,0.475666,0.484885,0.508241,0.409324,10.3148,9.01956,6.958,7.11542,6.01295,7.40026,8.24886,7.62576,7.52445,7.81247,9.45999,8.93457,9.10064,8.33665,7.25173,8.47479,9.42838,9.18518,8.71164,8.2756,7.06461,8.7417,8.12822,8.1929,7.68571,8.01789,7.76944,9.80238,8.88706,8.99466,8.17686,9.28748,8.27248,7.21251,8.05331,8.01425,8.58393,7.14139,8.05625,8.06976,8.64519,7.534,8.44444,8.25693,7.99754,9.79894,3,2,1,3,1,9,2,6,8,5,12,11,17,17,11,12,16,8,6,17,13,7,9,8,9,3,1,1,0,3,13,4,4,5,3,2,1,1,5,12,6,1,3,2,14,36,17,1,0,0,2,2,2,0,0,6,4,0,0,15,14,14,5,10,9,10,7,2,4,8,2,5,3,4,3,4,1,2,0,2,4,2,2,4,3,1,1,4,6,1,5,13,18,7,17,6,13,14,20,2,10,2,1,1,5,4,4,8,3,4,1,1,9,4,11,4,1,3,0,1,3,3,2,2,1,6,2,3,4,1,2,14,9,7,10,6,4,5,10,19,7,17,10,6,7,10,13,11,2,1,3,6,1,2,3,3,4,2,8,5,4,7,3,9,4,6,3,10,4,3,1,6,11,6,4,13,4,10,5,2,3,1,1,13,12,4,3,6,1,0
171.875,0.995007,0.0128217,8,255,0,-87.9338,9.0781,0.624635,0.442151,0.23314,0.776301,-0.678353,0.236084,-1.11663,0.168222,0.112851,-0.884234,-1.39463,-0.0128448,0.510802,0.888698,1.22635,0.185106,-0.593234,0.57817,-0.426753,1.85764,0.59403,0.231958,-0.766005,0.302164,0.161581,-0.744247,-0.201697,-0.355505,-0.556965,0.213226,0.716843,0.297306,0.166961,-0.138967,-0.283971,0.174306,-0.941611,-0.630829,-0.4217,0.356816,0.489896,0.280853,0.49818,-0.440402,0.315682,0.193522,0.165633,-0.106639,0.251142,-0.0179468,0.034285,-0.119006,0.0483211,0.102723,-0.521753,-0.251037,0.297415,-0.145838,0.762562,0.591918,-0.128129,0.136157,0.2224,0.496035,0.956569,-0.595751,-0.101528,0.363303,1.63331,0.711517,0.180992,-0.996619,-0.0916042,-0.0548235,0.332301,0.832855,0.477647,-0.766906,-1.15019,0.780317,-0.524931,0.541836,-0.727597,0.558964,-0.095968,-0.342178,0.0774783,-1.36819,0.650411,-0.0615856,-0.0287526,0.107225,-0.310085,-1.20517,-1.17998,0.0924722,0.646104,0.89609,0.435847,-0.29906,-0.143359,-0.205537,-0.207138,-0.786284,-1.03163,-0.45929,0.464002,-1.16883,0.595973,-0.423176,0.00154824,0.103487,0.476651,0.257052,0.448036,0.145093,-0.978635,-0.207294,0.076661,0.202144,0.226296,0.298761,-0.0255908,0.240669,0.0934239,-0.0457174,0.128279,-0.139254,-0.0473074,0.0091786,-0.0826633,-0.168606,-0.0502518,-0.715202,0.694822,-0.0449048,0.0914296,21.6611,0.528879,0.595096,0.416663,0.529243,0.364963,0.520849,0.513991,0.392072,0.333636,0.498407,0.563007,0.608456,0.647556,0.522939,0.42696,0.571211,0.447276,0.715339,0.573136,0.528733,0.406135,0.537401,0.520027,0.408741,0.475009,0.456028,0.431367,0.526417,0.58797,0.536802,0.520693,0.482774,0.464843,0.521602,0.385309,0.422404,0.447895,0.544133,0.560454,0.534772,0.561466,0.445602,0.539068,0.52398,0.520528,0.486779,0.555524,0.677561,0.343239,0.556219,0.255758,0.540142,0.526961,0.300308,0.208489,0.496928,0.619781,0.700588,0.763703,0.544151,0.361821,0.634845,0.399339,0.855322,0.638355,0.555244,0.324594,0.571761,0.538564,0.329174,0.451915,0.415794,0.36987,0.550815,0.665012,0.570623,0.539843,0.466816,0.432505,0.541588,0.288903,0.353559,0.400499,0.584511,0.615057,0.566763,0.616931,0.396212,0.574924,0.546148,0.539527,0.47452,0.458411,0.364656,0.618965,0.457888,0.689678,0.469958,0.479833,0.653035,0.730555,0.502297,0.409671,0.346242,0.293782,0.466951,0.604507,0.398071,0.575717,0.209393,0.395357,0.458621,0.633636,0.446182,0.471141,0.630016,0.536001,0.563224,0.598289,0.461949,0.374564,0.447041,0.470183,0.524827,0.5506,0.468874,0.662273,0.610917,0.574834,0.436545,0.413292,0.449951,0.411856,0.578099,0.443794,0.465453,0.470419,0.519058,0.540409,0.631671,0.384301,0.540917,0.315213,0.529188,0.519593,0.35106,0.275076,0.497769,0.587809,0.649647,0.701006,0.53211,0.398387,0.599102,0.426409,0.784271,0.601746,0.540205,0.369995,0.552296,0.528038,0.373526,0.465021,0.438559,0.404442,0.536971,0.622008,0.551461,0.52897,0.475879,0.450832,0.530241,0.342032,0.392143,0.427268,0.561665,0.584285,0.548632,0.585683,0.424091,0.554617,0.533565,0.52874,0.481485,8.26406,9.0297,6.97781,7.73221,6.43021,8.06442,8.17293,6.71866,6.20748,7.83088,9.38259,9.09785,9.39925,8.2022,7.26571,9.46844,7.41428,10.1518,8.61011,8.32641,6.98313,8.35284,8.24479,8.19703,7.58736,8.01322,7.7556,9.81205,8.8818,9.10907,8.24269,9.19953,8.35998,8.26118,6.22741,7.22698,8.72581,8.49593,9.10103,8.39835,8.604,7.46972,8.43408,8.27691,8.09909,7.82591,1,1,2,1,3,6,5,8,7,5,5,4,22,15,5,17,15,7,7,13,21,16,8,12,10,5,4,1,3,0,3,13,9,10,8,4,1,5,2,8,11,3,3,4,6,4,9,5,9,5,1,0,9,4,4,1,1,1,1,14,11,12,16,4,7,7,7,3,9,7,8,10,2,6,3,2,5,4,2,1,3,0,0,2,3,1,3,6,5,5,9,11,9,9,10,11,14,11,7,8,8,4,6,4,3,1,6,6,7,1,2,2,1,6,5,5,1,4,3,2,2,4,4,5,10,2,5,3,8,7,9,12,11,19,17,17,11,10,14,20,14,22,18,9,7,12,11,2,3,0,2,2,4,3,1,5,6,4,7,4,4,6,6,12,6,6,10,10,7,4,9,12,6,8,7,6,10,10,11,6,6,3,10,4,3,8,3,9,8,9
165.401,0.960918,0.0128217,9,511,0,-95.6288,8.44857,0.583402,0.348113,0.32099,0.36108,-0.86374,-0.531308,-0.0983274,0.665004,-0.401488,-0.58578,0.479042,0.0422267,0.821967,0.459997,0.253352,-0.179011,0.730264,0.359996,-1.25697,-0.0137086,0.778426,-0.284015,-1.21216,0.248553,-0.337031,0.0331413,-0.186718,-0.661667,-0.877227,0.178862,0.411897,0.417015,-0.379204,0.420543,-0.248598,-0.492355,-1.28411,-0.0859776,0.0122128,0.533753,0.580865,-0.215776,0.16367,-1.00157,-0.137051,-0.638387,-0.543722,1.32137,0.5825,-0.0310076,-0.390155,0.196759,0.129743,-0.0617223,0.199064,-0.463634,0.0240936,0.232841,0.830592,-0.401447,0.0457222,0.236352,0.120404,0.542181,0.190488,-0.11163,-0.0339994,0.362288,0.971042,0.70078,0.204826,-0.93906,0.593223,-0.329759,0.420757,0.264173,-0.666489,-0.818838,-2.41374,0.672975,-0.957845,0.760572,-0.630959,0.775035,0.171335,-0.774407,0.282611,-1.07981,0.624388,-0.869758,0.254362,0.612279,-0.0686852,-1.00021,-1.20429,-0.452981,1.4183,1.32723,0.490919,-0.0817709,0.00414027,0.108667,0.441836,-0.726015,-0.583356,-0.891118,0.131673,-0.489133,0.810808,-0.216148,0.344446,0.342869,1.20918,0.318754,1.03882,0.102997,-0.494166,0.230899,-0.0478628,0.178331,-0.120109,-0.356846,0.0183555,0.323437,-0.0590472,0.0372569,0.137011,-0.203935,0.0702174,0.0566613,-0.101823,-0.320354,0.0204481,-0.928023,-0.704211,0.381336,0.0948635,18.83,0.543399,0.548787,0.385018,0.428478,0.486675,0.589174,0.445794,0.421261,0.564569,0.505723,0.609606,0.562029,0.534287,0.475755,0.597711,0.548641,0.335925,0.498142,0.603973,0.461579,0.341366,0.533639,0.454444,0.504492,0.474713,0.411264,0.383288,0.524225,0.5556,0.556285,0.448781,0.556757,0.466355,0.433657,0.33265,0.488348,0.501655,0.571847,0.578089,0.470786,0.52217,0.367482,0.481432,0.414323,0.42683,0.671818,0.515281,0.517189,0.45896,0.47472,0.495318,0.531627,0.48089,0.472133,0.522797,0.502011,0.539064,0.521892,0.512063,0.491476,0.534721,0.517137,0.440425,0.499347,0.537002,0.486478,0.442529,0.511834,0.483955,0.501578,0.491109,0.468532,0.458322,0.508517,0.519605,0.519849,0.481949,0.520016,0.488163,0.47657,0.439151,0.495906,0.500582,0.525397,0.527634,0.489726,0.507794,0.452447,0.493474,0.469636,0.47413,0.562596,0.426074,0.417003,0.69031,0.620828,0.522797,0.350432,0.592085,0.632653,0.390655,0.490204,0.318038,0.39487,0.44149,0.541436,0.336774,0.417247,0.762512,0.50318,0.326865,0.565514,0.754899,0.442589,0.577562,0.492312,0.543212,0.648862,0.69298,0.458598,0.405584,0.40444,0.587081,0.403651,0.557422,0.612282,0.767043,0.519937,0.497167,0.378638,0.368407,0.549895,0.4621,0.716971,0.531754,0.643924,0.623537,0.226837,0.443728,0.436771,0.647543,0.592462,0.517304,0.385018,0.570216,0.60169,0.416454,0.492566,0.3592,0.419717,0.455515,0.531474,0.374195,0.436959,0.707894,0.502413,0.366288,0.549836,0.701326,0.456353,0.559058,0.494166,0.532825,0.614426,0.649707,0.468552,0.427989,0.427106,0.566366,0.426499,0.543655,0.585822,0.71183,0.515132,0.49785,0.407122,0.39914,0.537915,0.471217,0.669366,0.52411,0.610534,0.594571,0.282819,8.78387,9.04455,6.9072,7.70475,7.73466,8.56048,8.18887,7.20732,8.95484,7.88681,9.48519,8.93424,8.11534,8.24266,9.41324,8.98598,7.07916,7.82626,8.68295,8.31597,7.12732,8.70549,8.28896,8.2346,7.63898,8.06613,7.83346,9.62166,8.88222,9.04766,8.21298,9.29687,8.32726,8.12096,6.89321,8.56067,8.63469,9.23129,9.41037,8.42017,8.61362,7.57127,8.47503,7.93277,8.02957,9.86289,2,3,8,3,3,22,13,20,15,3,4,6,4,2,6,3,3,6,5,6,5,10,3,5,4,4,2,4,1,0,22,13,18,22,16,5,2,3,9,11,12,2,10,5,15,13,8,9,7,13,2,4,1,7,6,4,3,1,2,6,13,13,10,1,4,2,16,5,6,6,1,17,5,10,8,14,17,6,1,3,3,5,3,5,1,6,3,3,6,2,2,30,36,12,46,41,24,22,34,3,4,13,13,11,5,2,6,4,5,2,6,5,2,5,8,7,4,3,2,2,1,1,5,1,4,2,1,3,6,3,3,15,11,24,8,25,25,20,18,10,25,14,18,15,18,11,10,10,5,5,12,11,8,8,3,5,10,12,6,8,22,15,8,10,12,20,22,8,18,16,10,10,16,18,19,30,9,19,17,10,4,11,12,11,3,9,9,15,7,3
176.943,0.6772,0.0128217,8,255,0,-88.3652,9.48156,0.500302,0.219139,0.392166,0.581828,-0.61138,-0.808774,0.415909,0.311359,-0.578897,0.453936,0.318392,0.138003,0.78726,0.600644,-0.00663898,-0.350196,0.956094,-0.320209,0.291152,0.321433,0.998398,-0.432971,-1.23549,-0.0775106,-0.0740942,-0.483275,0.0963649,-0.656391,-0.969127,0.810269,0.38435,0.314445,-0.532163,0.0923198,-0.411521,0.11937,0.374133,-0.22708,-0.16191,0.0726649,-0.161508,-0.0118198,0.075624,-0.874405,-0.370571,-0.109982,-0.295404,-0.549225,-0.548275,0.225359,-0.0693001,0.272205,-0.258179,-0.156731,0.0466329,0.251997,-0.0182418,-0.273204,-0.297732,-0.460958,0.171387,-0.224178,0.215885,0.273203,0.0325123,-0.201936,-0.137771,0.34995,0.866657,0.875109,0.285732,-1.27808,0.408759,-0.142087,0.53587,-0.244232,0.151262,-0.305771,-0.768504,0.437008,-1.9584,1.11611,-0.655567,0.381979,-0.017458,-0.881949,-0.0938156,-1.29588,0.107275,-0.840554,0.50095,0.207231,0.494507,-0.829217,0.00705843,-0.771234,0.601837,1.00568,0.467197,0.0291354,-0.850671,0.316014,1.36643,-0.221517,-0.824912,-0.775714,1.00298,-0.666852,0.946615,-0.252965,0.269058,0.356621,0.957552,0.790035,-0.182403,-0.72883,-0.611562,-0.197451,0.0340438,-0.13988,-0.0495645,0.126306,0.114044,-0.0866843,0.247128,0.17186,0.425227,-0.516401,0.31467,-0.129117,0.132095,-0.220341,0.00108346,-0.49437,-0.498984,0.206653,0.144809,23.4184,0.52676,0.539656,0.458339,0.444984,0.528376,0.521253,0.460543,0.530964,0.521733,0.509425,0.553564,0.540933,0.499547,0.4761,0.564933,0.478143,0.519875,0.52194,0.567772,0.470462,0.416407,0.494706,0.494939,0.46704,0.506581,0.455288,0.434192,0.555117,0.526227,0.521464,0.463717,0.506305,0.471922,0.508152,0.525531,0.484495,0.488943,0.504963,0.488971,0.499193,0.505165,0.44056,0.474711,0.492489,0.479835,0.462558,0.503188,0.504729,0.495031,0.493427,0.50338,0.502531,0.495295,0.50369,0.502588,0.501122,0.506399,0.504882,0.499946,0.497154,0.507771,0.497397,0.502366,0.502613,0.508114,0.496481,0.489959,0.49937,0.499398,0.496072,0.500783,0.494665,0.492124,0.506586,0.503124,0.502556,0.495675,0.50075,0.496655,0.50097,0.503041,0.498154,0.498684,0.500591,0.498687,0.499904,0.500615,0.492893,0.496988,0.499106,0.497599,0.495536,0.451683,0.428582,0.574992,0.598648,0.448777,0.461594,0.571063,0.444131,0.46073,0.482951,0.40391,0.426306,0.500821,0.543174,0.383986,0.539493,0.464078,0.460357,0.379051,0.553309,0.648121,0.509579,0.509156,0.559447,0.488092,0.580421,0.617537,0.401175,0.45264,0.461215,0.565395,0.488592,0.550686,0.485251,0.453891,0.528036,0.52,0.49102,0.519951,0.501461,0.490655,0.606418,0.545672,0.51359,0.536445,0.567466,0.451234,0.427925,0.575681,0.599544,0.448302,0.461237,0.571717,0.443614,0.460365,0.482792,0.403036,0.425628,0.500828,0.543575,0.382943,0.53986,0.463744,0.459988,0.377967,0.553802,0.64942,0.509668,0.509242,0.559996,0.487981,0.581158,0.618593,0.400277,0.4522,0.460854,0.565998,0.488486,0.551156,0.485113,0.453463,0.528297,0.520187,0.490936,0.520137,0.501474,0.490567,0.60738,0.546096,0.513716,0.536784,0.568088,8.9122,8.97694,7.03255,7.80626,8.07924,7.97272,8.2192,8.11798,8.83703,7.79608,9.55433,9.12461,7.6487,8.1558,9.78311,8.42596,8.80928,7.98298,8.67265,8.36787,7.25396,8.43364,8.30863,8.16996,7.75366,7.99079,7.67221,9.64415,8.90424,9.07262,8.26681,9.2123,8.33293,8.50575,9.01149,8.15275,8.74501,8.45816,8.495,8.37208,8.58967,7.49325,8.43145,8.69696,8.07934,7.95302,1,0,2,2,2,9,8,5,10,8,11,6,9,12,13,13,6,3,4,4,5,14,7,8,5,4,4,6,4,2,10,15,17,8,13,2,0,1,11,11,5,1,1,5,18,8,13,7,6,9,2,0,4,3,1,2,2,1,1,11,6,12,5,7,2,3,10,7,10,7,14,7,8,7,8,5,11,11,1,2,0,6,5,3,4,7,3,2,5,5,1,19,19,24,28,16,24,32,20,6,7,10,4,4,2,3,0,3,9,8,5,8,8,7,15,12,8,4,3,1,1,4,1,1,7,0,2,0,10,32,20,12,9,7,7,9,14,6,9,12,17,9,5,15,10,11,8,2,3,6,9,9,10,2,3,3,4,6,7,2,7,6,7,9,8,17,9,10,6,11,15,16,10,12,12,16,6,10,13,13,10,6,15,5,7,8,2,2,4,2
175.428,0.787347,0.0128217,9,511,0,-96.4562,8.85153,0.622528,0.178955,0.153612,0.950846,-0.669422,-1.00835,-0.54032,-0.762847,-0.720363,-0.613643,0.643479,0.0440549,0.602621,0.632222,-0.207884,-0.0941825,0.431896,-0.638646,0.597808,0.0808311,0.885654,-0.654818,-1.26915,0.379449,0.0950618,-0.45265,-0.0523315,-0.606579,-0.821658,1.15014,0.641782,0.186438,-0.668289,0.292854,-0.413489,-1.13254,0.122914,-0.23418,-0.0645387,-0.11837,0.108373,0.0750818,0.266313,-0.541272,-0.481933,0.226237,-0.32928,0.128401,-0.195765,0.0600781,-0.122511,0.488211,0.141123,0.108577,-0.388412,0.133737,0.0756433,0.05885,-0.00122613,-0.325901,0.00469821,0.0798423,0.322484,0.17437,0.251999,-0.201406,-0.055322,0.355198,0.175441,1.25482,0.251808,-1.00699,0.535563,-0.360204,0.42322,0.0230578,0.345317,-0.35776,-0.98711,0.745845,-1.7631,1.01644,-0.57385,0.622622,-0.110596,-0.447572,-0.170223,-1.35021,0.438561,-0.44952,0.707144,0.270699,0.282815,-1.34875,-0.951458,-1.00642,0.715558,0.908882,0.736876,0.0732902,-0.81116,0.457014,1.39099,0.133968,-0.736464,-1.00065,0.518403,-0.105736,0.870757,-0.213147,-0.185863,0.422593,0.90787,1.04138,0.291729,0.275598,-0.155739,-0.207128,0.159373,0.10409,-0.17216,-0.34203,0.303076,0.029131,0.0717657,0.331316,0.548682,-0.211398,0.170363,-0.0621143,-0.237356,-0.252539,0.0127656,-0.459031,-0.809916,0.314758,0.225093,19.3104,0.506696,0.541355,0.470851,0.456156,0.476464,0.466795,0.468639,0.473275,0.528021,0.50192,0.526246,0.527532,0.490939,0.495894,0.518819,0.472189,0.526036,0.503524,0.538531,0.471486,0.444899,0.516535,0.504144,0.480278,0.497719,0.473582,0.464243,0.54997,0.527948,0.508127,0.470901,0.512763,0.481983,0.45079,0.505358,0.489793,0.497187,0.49484,0.504724,0.503273,0.511607,0.476422,0.479004,0.509861,0.48565,0.505597,0.509676,0.559618,0.457926,0.436814,0.466012,0.452088,0.454741,0.461417,0.54045,0.502775,0.537892,0.539746,0.486906,0.494067,0.527183,0.459852,0.537591,0.505092,0.555566,0.45884,0.420718,0.523887,0.505989,0.471514,0.496703,0.46186,0.44842,0.571956,0.540344,0.511743,0.457997,0.518441,0.473974,0.429131,0.507743,0.485251,0.495934,0.492543,0.506827,0.50473,0.516771,0.465953,0.469676,0.514249,0.479267,0.508089,0.482379,0.392583,0.576223,0.613693,0.56169,0.586659,0.581922,0.569958,0.426688,0.494945,0.431282,0.427953,0.523838,0.510806,0.450598,0.572769,0.431824,0.490725,0.399741,0.574585,0.641661,0.456565,0.489093,0.551759,0.506005,0.569163,0.59319,0.370995,0.426879,0.478618,0.576095,0.466443,0.547309,0.627118,0.485898,0.526848,0.507406,0.51358,0.487566,0.491385,0.469477,0.561798,0.555081,0.474061,0.537716,0.485269,0.468937,0.316456,0.632318,0.693531,0.60769,0.649728,0.641857,0.621754,0.37258,0.491081,0.380348,0.374714,0.541993,0.519061,0.413431,0.626504,0.381267,0.483639,0.327987,0.629564,0.73651,0.423769,0.480761,0.590639,0.510594,0.620407,0.660489,0.282617,0.372901,0.462322,0.632105,0.44098,0.582949,0.714484,0.475133,0.547275,0.513065,0.523949,0.478071,0.484802,0.446285,0.607874,0.596361,0.45432,0.56628,0.474025,8.50281,9.05039,7.05913,7.20813,7.19125,6.96353,8.14634,7.11621,9.00415,7.78933,9.43066,8.99263,7.53148,8.2492,9.3256,8.1603,8.95741,7.82697,8.65062,8.21341,7.04685,8.73394,8.1746,8.11012,7.69068,8.04054,7.82045,9.85798,9.00241,9.00473,8.19963,9.32556,8.39072,6.91833,8.36585,7.83763,8.70651,7.95616,8.77226,8.15416,8.61815,7.52335,8.39034,9.11512,8.04507,8.477,3,4,5,5,4,6,12,7,12,3,1,1,8,7,7,6,14,4,2,6,13,10,16,6,12,3,2,4,2,3,12,25,25,22,27,2,2,1,11,11,6,7,3,2,12,10,14,9,3,13,5,3,1,4,3,7,5,3,0,6,7,14,18,4,9,3,7,5,2,7,1,12,7,4,12,6,16,10,0,1,0,5,4,0,3,3,4,1,4,0,0,17,23,20,49,24,47,31,40,8,9,7,13,4,1,2,1,3,3,2,5,5,6,8,24,12,5,2,8,2,7,2,2,3,0,9,2,1,16,20,8,9,6,4,11,8,13,5,11,9,6,9,15,12,10,18,12,9,14,9,17,10,7,1,4,4,9,5,13,9,4,2,4,5,6,19,11,13,5,10,8,13,7,14,13,7,7,4,3,18,7,16,6,5,8,2,8,6,5,13
173.772,0.99801,0.0128217,9,767,0,-99.8999,9.56074,0.442789,0.305847,-0.958941,0.829339,-1.11358,0.385652,0.248118,1.15333,0.0262677,-0.0244762,0.449339,-0.319401,0.94884,0.561346,0.626878,0.0191156,-0.456226,0.591984,-0.121007,-0.208922,0.456173,0.0455048,-0.974569,0.44872,0.308385,-0.108763,-0.491527,-0.216366,-0.48889,0.000302454,0.574983,0.351788,-0.0693264,-0.116512,-0.150748,0.334795,-0.241028,-0.205504,0.286077,0.660793,0.157744,-0.0690264,0.324524,-0.495426,0.195793,-0.804316,-0.301515,-0.505351,-0.000556122,-0.0589376,-0.140514,-0.172614,-0.0940439,-0.0166726,0.270304,-0.0525226,-0.358541,-0.679804,0.492677,0.279002,0.197557,-0.273883,0.293402,0.666462,-0.0417414,-0.157797,-0.226972,0.357888,-0.171457,0.668124,0.182792,-0.652278,0.397472,0.637846,0.0336594,0.0866719,0.0990499,-0.604307,-1.0647,0.62904,0.693088,0.468126,-0.642501,0.74273,-0.143747,-0.274213,-0.704896,-1.04724,0.736141,-0.0901397,-0.142588,0.382521,-0.151083,-1.05428,-0.666416,-0.158115,0.547125,0.998917,-0.59938,0.133916,-0.241709,-0.0957459,-0.549309,-1.15823,-1.021,-0.287202,0.586923,-0.280448,0.761229,0.0723232,0.316271,0.364934,1.03836,0.0215422,0.0541689,-0.180465,-1.20909,-0.357032,-0.299765,-0.00630282,0.168941,0.18629,-0.124474,0.231457,0.184322,0.294404,-0.17108,0.162172,-0.208921,0.0524694,-0.113314,0.0762288,0.200548,-0.450804,-0.356145,0.18985,0.0392477,16.8261,0.34545,0.634767,0.322532,0.563904,0.541246,0.683228,0.504376,0.495922,0.574312,0.446983,0.653026,0.592453,0.602954,0.503185,0.424566,0.597374,0.479849,0.465246,0.575425,0.507581,0.343099,0.574211,0.551202,0.481886,0.418828,0.464012,0.419256,0.50005,0.594646,0.558346,0.488451,0.480597,0.474904,0.555552,0.459927,0.465813,0.547521,0.608353,0.526259,0.488501,0.553861,0.418196,0.532576,0.369108,0.449931,0.416588,0.510006,0.491346,0.511618,0.495976,0.497411,0.487967,0.499726,0.500255,0.495311,0.503333,0.4901,0.494142,0.493459,0.499801,0.504761,0.493823,0.501263,0.50218,0.49524,0.499525,0.510169,0.495318,0.496782,0.501135,0.505129,0.502258,0.505102,0.499997,0.494,0.496329,0.500723,0.501216,0.501573,0.496506,0.502515,0.502144,0.497015,0.493105,0.498354,0.50072,0.496614,0.50517,0.497957,0.508393,0.503146,0.505273,0.606421,0.407606,0.622931,0.456646,0.472066,0.37287,0.49704,0.502758,0.449531,0.535935,0.394666,0.437071,0.429817,0.497846,0.551237,0.433676,0.513634,0.523528,0.448769,0.494872,0.608102,0.449601,0.465301,0.512255,0.55517,0.524365,0.554876,0.499966,0.435559,0.460436,0.507813,0.513128,0.516983,0.46234,0.527137,0.523144,0.467803,0.426074,0.48223,0.507779,0.463491,0.555604,0.477948,0.589667,0.533929,0.556709,0.58456,0.426691,0.59787,0.465717,0.477923,0.398732,0.497661,0.502179,0.460078,0.528408,0.416314,0.450186,0.444416,0.498298,0.540532,0.447486,0.510772,0.518593,0.459473,0.495949,0.585911,0.460132,0.47257,0.509683,0.543652,0.519255,0.543419,0.499973,0.448984,0.468719,0.506172,0.510372,0.513419,0.470226,0.521447,0.518289,0.474551,0.441435,0.485959,0.506146,0.471138,0.543997,0.482574,0.571128,0.52682,0.544874,7.17512,9.03996,6.97856,8.78539,8.48661,9.48684,8.25371,8.18369,8.73655,7.85602,9.60107,8.86069,8.90666,8.25873,7.71781,9.20697,8.103,7.97872,8.71753,8.27509,7.15792,8.73586,8.46308,8.13364,7.66506,8.05924,7.75677,9.76618,8.8758,8.94066,8.14746,9.33556,8.38229,8.4924,8.08914,7.89206,8.79143,8.85373,8.475,8.04372,8.59805,7.57028,8.4421,7.33261,8.07464,7.67632,3,5,2,4,3,23,10,14,10,4,4,9,5,3,2,5,3,3,9,10,8,10,4,2,9,5,5,3,0,0,16,18,12,10,23,9,7,8,21,16,17,3,6,5,14,11,4,8,5,5,5,8,4,5,3,3,1,4,3,14,10,6,6,4,1,8,7,3,11,9,4,8,7,8,14,5,8,5,1,1,1,1,4,4,7,9,6,4,8,4,3,11,10,10,7,9,9,17,15,7,5,9,11,9,5,9,3,5,4,4,9,9,6,8,3,4,2,4,2,1,4,0,7,6,6,11,4,7,10,11,22,14,18,17,16,11,11,7,12,13,16,23,13,19,16,17,18,6,5,7,7,6,6,9,8,4,8,14,10,3,16,6,3,15,11,15,19,11,26,13,20,9,28,16,5,21,17,22,12,3,3,8,2,6,10,5,5,8,4,6
# 
#  Elapsed Time: 45.213 seconds (Warm-up)
#                24.411 seconds (Sampling)
#                69.624 seconds (Total)
# 
