generation,rank_1,rank_2,swapAccepted
1000,1,3,1
2000,2,3,1
3000,2,3,1
4000,1,4,1
5000,1,2,1
6000,3,4,1
7000,1,2,1
8000,2,3,1
9000,2,3,1
10000,1,3,1
11000,2,4,1
12000,3,4,1
13000,1,3,1
14000,1,3,1
15000,1,3,1
16000,1,2,1
17000,2,4,1
18000,2,4,1
19000,3,4,1
20000,1,3,1
21000,3,4,1
22000,2,3,1
23000,1,2,1
24000,1,3,1
25000,1,2,1
26000,3,4,1
27000,2,4,1
28000,2,3,1
29000,3,4,1
30000,1,2,1
31000,1,4,1
32000,2,4,1
33000,1,3,1
34000,1,2,1
35000,3,4,1
36000,2,4,1
37000,1,3,1
38000,3,4,1
39000,2,4,1
40000,1,2,1
41000,3,4,1
42000,1,3,1
43000,2,4,1
44000,1,2,1
45000,1,3,1
46000,2,4,1
47000,3,4,1
48000,3,4,1
49000,2,4,1
50000,2,3,1
51000,1,3,1
52000,2,4,1
53000,1,4,1
54000,2,3,1
55000,3,4,1
56000,2,3,1
57000,1,3,1
58000,2,4,1
59000,2,3,1
60000,1,2,1
61000,3,4,1
62000,2,3,1
63000,2,3,1
64000,3,4,1
65000,1,2,1
66000,1,2,1
67000,1,4,1
68000,1,3,1
69000,2,3,1
70000,1,2,1
71000,1,4,1
72000,2,3,1
73000,1,2,1
74000,1,4,1
75000,3,4,1
76000,1,3,1
77000,3,4,1
78000,1,2,1
79000,1,4,1
80000,1,4,1
81000,1,4,1
82000,1,4,1
83000,2,3,1
84000,3,4,1
85000,2,3,1
86000,2,4,1
87000,1,3,0
88000,2,4,1
89000,1,4,1
90000,2,3,1
91000,3,4,1
92000,1,2,1
93000,1,4,1
94000,2,4,1
95000,2,3,1
96000,1,3,1
97000,3,4,1
98000,1,4,1
99000,3,4,1
100000,2,4,1
101000,1,3,1
102000,1,4,1
103000,1,4,1
104000,1,2,1
105000,1,2,1
106000,2,4,1
107000,2,3,1
108000,3,4,1
109000,1,2,1
110000,2,3,1
111000,1,4,1
112000,1,4,1
113000,1,2,1
114000,1,2,1
115000,2,3,1
116000,1,2,1
117000,1,3,1
118000,1,2,1
119000,3,4,1
120000,1,4,1
121000,3,4,1
122000,1,2,1
123000,1,3,1
124000,1,3,1
125000,1,4,1
126000,2,3,1
127000,1,3,1
128000,1,2,1
129000,1,2,1
130000,1,4,1
131000,3,4,1
132000,1,4,1
133000,1,2,1
134000,1,4,1
135000,3,4,1
136000,2,3,1
137000,2,3,1
138000,3,4,1
139000,3,4,1
140000,2,4,1
141000,2,3,1
142000,1,3,1
143000,1,4,1
144000,3,4,1
145000,1,4,1
146000,1,4,1
147000,1,4,1
148000,3,4,1
149000,1,4,1
150000,1,2,1
151000,1,2,1
152000,3,4,1
153000,2,3,1
154000,2,3,1
155000,3,4,1
156000,3,4,1
157000,2,4,1
158000,1,4,1
159000,1,3,1
160000,2,4,1
161000,2,3,1
162000,1,2,1
163000,2,4,1
164000,2,3,1
165000,2,4,1
166000,1,4,1
167000,3,4,1
168000,3,4,1
169000,1,3,1
170000,2,4,1
171000,1,2,1
172000,1,4,1
173000,2,4,0
174000,1,4,1
175000,1,3,1
176000,2,3,1
177000,1,4,1
178000,1,2,1
179000,2,4,1
180000,1,3,1
181000,2,3,1
182000,1,2,1
183000,1,3,1
184000,3,4,1
185000,1,3,1
186000,3,4,1
187000,2,3,1
188000,1,4,1
189000,3,4,1
190000,2,3,1
191000,3,4,1
192000,1,3,1
193000,2,4,1
194000,1,4,1
195000,2,3,1
196000,2,3,1
197000,2,3,1
198000,1,4,1
199000,3,4,1
200000,2,4,1
201000,3,4,1
202000,2,3,1
203000,1,2,1
204000,2,4,1
205000,2,4,1
206000,1,3,1
207000,2,3,1
208000,1,2,1
209000,2,3,1
210000,2,3,1
211000,2,3,1
212000,1,4,1
213000,1,3,1
214000,1,4,1
215000,1,4,1
216000,3,4,1
217000,2,4,1
218000,3,4,1
219000,1,4,1
220000,2,4,1
221000,1,4,1
222000,1,4,1
223000,1,3,1
224000,1,2,1
225000,3,4,1
226000,3,4,1
227000,2,3,1
228000,1,3,1
229000,2,3,1
230000,2,4,0
231000,1,4,1
232000,1,4,1
233000,3,4,1
234000,2,3,1
235000,2,4,1
236000,2,3,1
237000,2,3,1
238000,2,4,1
239000,1,3,1
240000,3,4,1
241000,1,2,1
242000,3,4,1
243000,1,3,1
244000,1,3,1
245000,1,4,1
246000,3,4,1
247000,2,3,1
248000,1,4,1
249000,1,2,1
250000,1,2,1
251000,1,2,1
252000,2,3,1
253000,1,4,1
254000,2,4,1
255000,1,3,1
256000,1,2,1
257000,3,4,1
258000,2,3,1
259000,2,3,1
260000,1,3,1
261000,1,2,1
262000,2,4,1
263000,3,4,1
264000,1,2,1
265000,1,3,1
266000,1,2,1
267000,1,3,1
268000,3,4,1
269000,1,4,1
270000,2,3,1
271000,3,4,1
272000,1,2,1
273000,1,4,1
274000,1,3,1
275000,1,3,1
276000,1,4,1
277000,3,4,1
278000,2,3,1
279000,3,4,1
280000,2,4,1
281000,3,4,1
282000,1,2,1
283000,2,4,1
284000,2,4,1
285000,1,2,1
286000,2,4,1
287000,1,4,1
288000,2,3,1
289000,2,4,1
290000,1,3,1
291000,1,4,1
292000,1,4,1
293000,2,4,1
294000,1,2,1
295000,1,2,1
296000,1,3,1
297000,1,4,1
298000,1,4,1
299000,1,3,1
300000,2,3,1
301000,1,3,1
302000,1,2,1
303000,1,3,1
304000,1,3,1
305000,3,4,1
306000,2,3,1
307000,3,4,1
308000,2,4,1
309000,2,3,1
310000,1,2,1
311000,1,4,1
312000,2,4,1
313000,1,4,1
314000,2,3,1
315000,1,3,1
316000,1,3,1
317000,2,4,1
318000,3,4,1
319000,1,4,1
320000,1,2,1
321000,1,2,1
322000,2,4,1
323000,1,2,1
324000,1,4,1
325000,1,2,1
326000,2,4,1
327000,2,4,1
328000,1,2,1
329000,2,3,1
330000,2,3,1
331000,2,4,1
332000,1,4,1
333000,2,4,1
334000,2,3,1
335000,2,4,1
336000,1,3,1
337000,1,4,1
338000,2,3,1
339000,1,4,1
340000,3,4,1
341000,2,4,1
342000,2,3,1
343000,1,4,1
344000,3,4,1
345000,2,3,1
346000,2,4,1
347000,1,4,1
348000,1,4,1
349000,1,4,1
350000,1,3,1
351000,2,3,1
352000,1,3,1
353000,2,4,1
354000,1,2,1
355000,1,2,1
356000,2,3,1
357000,2,3,1
358000,1,2,1
359000,2,3,1
360000,1,2,1
361000,3,4,1
362000,3,4,1
363000,2,3,1
364000,2,4,1
365000,1,2,1
366000,2,4,1
367000,2,4,1
368000,3,4,1
369000,2,4,1
370000,2,4,1
371000,3,4,1
372000,1,4,1
373000,2,4,1
374000,2,3,1
375000,3,4,1
376000,1,2,1
377000,2,3,1
378000,3,4,1
379000,2,3,1
380000,1,4,1
381000,1,3,1
382000,1,2,1
383000,2,3,1
384000,1,4,1
385000,2,4,1
386000,1,4,1
387000,2,4,1
388000,2,4,1
389000,2,4,1
390000,3,4,1
391000,2,3,1
392000,2,3,1
393000,3,4,1
394000,1,3,1
395000,2,3,1
396000,1,4,1
397000,1,2,1
398000,2,4,1
399000,1,2,1
400000,1,4,1
401000,1,3,1
402000,1,3,1
403000,2,4,1
404000,2,4,1
405000,1,2,1
406000,2,3,1
407000,3,4,1
408000,3,4,1
409000,2,3,1
410000,1,3,1
411000,1,2,1
412000,1,3,1
413000,2,3,1
414000,1,3,1
415000,1,3,1
416000,3,4,1
417000,1,4,1
418000,1,2,1
419000,3,4,1
420000,3,4,1
421000,2,3,1
422000,1,2,1
423000,3,4,1
424000,2,4,1
425000,3,4,1
426000,1,2,1
427000,2,4,1
428000,2,4,1
429000,1,3,1
430000,1,3,1
431000,1,4,1
432000,2,3,1
433000,1,4,1
434000,3,4,1
435000,1,3,1
436000,1,2,1
437000,1,4,1
438000,1,4,1
439000,1,2,1
440000,3,4,1
441000,1,4,1
442000,2,3,0
443000,2,3,1
444000,1,3,1
445000,1,4,1
446000,1,4,1
447000,1,3,1
448000,2,4,1
449000,1,2,1
450000,1,4,1
451000,2,4,1
452000,1,4,1
453000,2,3,1
454000,2,3,1
455000,1,2,1
456000,1,4,1
457000,3,4,1
458000,2,3,1
459000,3,4,1
460000,3,4,1
461000,1,2,0
462000,1,2,1
463000,2,3,1
464000,2,3,1
465000,2,4,1
466000,3,4,1
467000,1,3,1
468000,1,2,1
469000,3,4,1
470000,2,3,1
471000,1,4,1
472000,1,4,1
473000,1,2,1
474000,1,2,1
475000,2,4,1
476000,3,4,1
477000,2,3,1
478000,1,3,1
479000,1,3,1
480000,1,3,1
481000,3,4,1
482000,3,4,1
483000,1,4,1
484000,1,2,1
485000,1,2,1
486000,1,2,1
487000,1,4,1
488000,1,2,1
489000,2,4,1
490000,3,4,1
491000,1,2,1
492000,2,4,1
493000,1,3,1
494000,1,2,1
495000,3,4,1
496000,1,3,1
497000,2,4,1
498000,1,2,1
499000,1,4,1
500000,1,4,1
501000,2,3,1
502000,2,4,1
503000,1,4,1
504000,2,4,1
505000,3,4,1
506000,1,4,1
507000,2,4,1
508000,1,4,1
509000,3,4,1
510000,2,3,1
511000,1,2,1
512000,1,3,1
513000,1,2,1
514000,2,3,1
515000,2,4,1
516000,1,3,1
517000,1,2,1
518000,1,2,1
519000,1,2,1
520000,1,3,1
521000,3,4,1
522000,1,4,1
523000,2,3,1
524000,1,3,1
525000,3,4,1
526000,1,4,1
527000,3,4,1
528000,1,2,1
529000,2,3,1
530000,3,4,1
531000,2,3,1
532000,2,4,1
533000,2,3,1
534000,2,3,1
535000,2,4,1
536000,1,4,1
537000,2,4,1
538000,1,3,1
539000,2,3,1
540000,1,3,1
541000,1,4,1
542000,2,3,1
543000,2,4,1
544000,2,3,1
545000,1,3,1
546000,1,4,1
547000,1,4,1
548000,3,4,1
549000,3,4,1
550000,3,4,1
551000,1,2,1
552000,1,2,1
553000,1,3,1
554000,3,4,1
555000,2,4,1
556000,2,3,1
557000,2,4,1
558000,1,4,1
559000,2,3,1
560000,1,4,1
561000,2,3,1
562000,2,4,1
563000,2,4,1
564000,1,4,1
565000,3,4,1
566000,1,4,1
567000,1,3,1
568000,1,2,1
569000,1,2,1
570000,2,3,1
571000,1,3,1
572000,2,4,1
573000,3,4,1
574000,1,2,1
575000,1,3,1
576000,1,3,1
577000,2,4,1
578000,2,3,1
579000,3,4,1
580000,1,2,1
581000,1,2,1
582000,1,2,1
583000,2,4,0
584000,2,4,1
585000,1,3,1
586000,2,4,1
587000,2,4,1
588000,1,2,1
589000,2,4,1
590000,1,2,1
591000,1,3,1
592000,1,3,1
593000,1,3,1
594000,3,4,1
595000,2,4,1
596000,1,2,1
597000,1,3,1
598000,1,2,1
599000,1,4,1
600000,2,3,1
601000,2,4,1
602000,2,4,1
603000,1,2,1
604000,2,3,1
605000,1,2,1
606000,1,4,1
607000,1,2,1
608000,1,3,1
609000,3,4,1
610000,2,3,1
611000,3,4,1
612000,3,4,1
613000,1,4,1
614000,1,2,1
615000,1,3,1
616000,1,2,1
617000,1,2,1
618000,2,3,1
619000,1,3,1
620000,3,4,1
621000,3,4,1
622000,3,4,1
623000,1,3,1
624000,1,2,1
625000,1,4,1
626000,1,3,1
627000,2,4,1
628000,2,3,1
629000,3,4,1
630000,2,3,1
631000,1,4,1
632000,2,3,1
633000,1,4,1
634000,1,2,1
635000,2,3,1
636000,3,4,1
637000,2,4,1
638000,1,4,1
639000,1,4,1
640000,1,2,1
641000,2,3,1
642000,1,2,1
643000,2,3,1
644000,2,3,1
645000,1,3,1
646000,1,4,1
647000,2,4,1
648000,1,3,1
649000,1,4,1
650000,2,4,1
651000,2,3,1
652000,3,4,1
653000,3,4,1
654000,1,4,1
655000,3,4,1
656000,1,2,1
657000,2,4,0
658000,2,4,1
659000,1,2,1
660000,1,3,1
661000,2,3,1
662000,1,4,0
663000,2,4,1
664000,2,3,1
665000,1,2,1
666000,3,4,1
667000,2,4,1
668000,1,2,1
669000,3,4,1
670000,1,2,1
671000,3,4,1
672000,2,3,1
673000,1,4,1
674000,3,4,1
675000,1,3,1
676000,1,3,1
677000,1,2,1
678000,2,4,1
679000,1,3,1
680000,2,4,1
681000,1,2,1
682000,3,4,1
683000,1,2,1
684000,1,2,1
685000,2,3,1
686000,3,4,1
687000,2,3,1
688000,1,2,1
689000,1,3,1
690000,1,4,1
691000,1,3,1
692000,1,3,1
693000,2,3,1
694000,3,4,1
695000,3,4,1
696000,1,2,1
697000,1,3,1
698000,1,3,1
699000,1,2,1
700000,1,2,1
701000,1,3,1
702000,3,4,1
703000,3,4,1
704000,2,4,1
705000,2,4,1
706000,3,4,1
707000,1,2,1
708000,1,3,1
709000,2,3,1
710000,3,4,1
711000,1,3,1
712000,2,3,1
713000,1,4,1
714000,2,3,1
715000,2,4,1
716000,1,2,1
717000,3,4,1
718000,1,2,1
719000,1,2,1
720000,1,3,1
721000,2,4,1
722000,1,3,1
723000,3,4,1
724000,1,2,1
725000,1,4,1
726000,1,4,1
727000,3,4,1
728000,1,3,1
729000,1,2,1
730000,1,2,1
731000,2,3,1
732000,2,3,1
733000,3,4,1
734000,1,4,1
735000,2,3,1
736000,1,3,1
737000,3,4,1
738000,1,4,0
739000,2,3,1
740000,1,4,1
741000,3,4,1
742000,1,4,1
743000,1,4,1
744000,3,4,1
745000,2,3,1
746000,2,3,1
747000,2,4,1
748000,2,4,1
749000,1,4,1
750000,2,4,1
751000,2,3,1
752000,3,4,1
753000,2,4,1
754000,1,4,1
755000,2,3,1
756000,2,3,1
757000,2,4,1
758000,1,2,1
759000,1,2,1
760000,1,3,1
761000,1,2,1
762000,1,3,1
763000,2,3,1
764000,1,3,1
765000,2,3,1
766000,1,4,1
767000,1,2,1
768000,2,3,1
769000,1,4,1
770000,1,2,1
771000,2,4,1
772000,1,3,1
773000,2,3,1
774000,1,4,1
775000,1,2,1
776000,2,3,1
777000,2,3,1
778000,1,2,1
779000,1,3,1
780000,3,4,1
781000,1,3,1
782000,2,4,1
783000,1,3,1
784000,2,3,1
785000,1,3,1
786000,2,3,0
787000,3,4,1
788000,3,4,1
789000,1,4,1
790000,3,4,1
791000,1,3,1
792000,2,3,1
793000,1,4,1
794000,1,2,1
795000,3,4,1
796000,1,3,1
797000,1,2,1
798000,2,4,1
799000,1,3,1
800000,3,4,1
801000,3,4,1
802000,2,3,1
803000,2,3,1
804000,1,3,1
805000,1,3,1
806000,3,4,1
807000,1,3,1
808000,2,3,1
809000,2,3,1
810000,1,2,1
811000,2,3,1
812000,2,4,1
813000,1,2,1
814000,2,3,1
815000,3,4,1
816000,1,4,1
817000,2,3,1
818000,1,3,1
819000,1,2,1
820000,2,4,1
821000,1,2,1
822000,1,3,1
823000,2,4,1
824000,1,3,1
825000,3,4,1
826000,1,2,0
827000,2,3,1
828000,2,4,1
829000,1,4,1
830000,3,4,1
831000,1,4,1
832000,3,4,1
833000,2,3,1
834000,2,3,1
835000,1,4,1
836000,2,4,1
837000,1,3,1
838000,1,4,0
839000,2,3,1
840000,3,4,1
841000,1,2,1
842000,1,3,1
843000,1,2,1
844000,1,4,1
845000,2,3,1
846000,1,4,1
847000,1,2,1
848000,1,3,1
849000,2,4,1
850000,1,4,1
851000,2,3,1
852000,2,3,1
853000,1,2,1
854000,2,4,1
855000,3,4,1
856000,1,4,1
857000,1,2,1
858000,1,2,1
859000,1,2,1
860000,1,2,1
861000,1,2,1
862000,1,4,1
863000,1,2,1
864000,1,3,1
865000,3,4,1
866000,1,2,1
867000,1,3,1
868000,1,4,1
869000,1,4,1
870000,3,4,1
871000,2,4,1
872000,3,4,1
873000,1,4,1
874000,3,4,1
875000,1,3,1
876000,2,4,1
877000,3,4,1
878000,1,2,1
879000,2,3,1
880000,2,4,1
881000,1,3,1
882000,2,3,1
883000,3,4,1
884000,3,4,1
885000,1,4,1
886000,2,4,1
887000,1,4,1
888000,3,4,1
889000,2,4,1
890000,1,2,1
891000,3,4,1
892000,1,2,1
893000,2,3,1
894000,1,3,1
895000,3,4,1
896000,3,4,1
897000,1,4,1
898000,1,4,1
899000,1,3,1
900000,1,4,1
901000,3,4,1
902000,1,3,1
903000,3,4,1
904000,2,4,1
905000,2,4,1
906000,3,4,1
907000,1,2,1
908000,1,4,1
909000,1,3,1
910000,1,2,1
911000,2,3,1
912000,1,4,1
913000,3,4,1
914000,1,2,1
915000,2,4,1
916000,1,2,1
917000,3,4,1
918000,2,4,1
919000,3,4,1
920000,2,3,1
921000,2,3,1
922000,2,3,1
923000,1,2,1
924000,2,3,1
925000,2,3,1
926000,3,4,1
927000,2,4,1
928000,1,4,1
929000,1,2,1
930000,1,2,1
931000,1,4,1
932000,3,4,1
933000,1,4,1
934000,2,4,1
935000,3,4,1
936000,1,2,1
937000,2,4,1
938000,2,4,1
939000,1,2,1
940000,1,4,1
941000,2,4,1
942000,1,4,1
943000,2,4,1
944000,3,4,1
945000,1,4,1
946000,2,4,1
947000,2,3,1
948000,1,3,1
949000,1,4,0
950000,1,3,1
951000,3,4,1
952000,1,2,1
953000,2,3,1
954000,2,3,1
955000,1,3,1
956000,1,2,1
957000,1,4,1
958000,2,3,1
959000,1,3,1
960000,2,3,1
961000,1,3,1
962000,2,3,1
963000,2,3,1
964000,3,4,1
965000,1,4,0
966000,1,2,1
967000,2,3,1
968000,1,4,1
969000,1,2,1
970000,1,3,1
971000,1,2,1
972000,3,4,1
973000,1,4,1
974000,2,4,1
975000,1,4,1
976000,2,3,1
977000,1,3,1
978000,1,3,1
979000,1,2,1
980000,1,2,1
981000,1,4,1
982000,1,2,1
983000,1,3,1
984000,2,4,1
985000,2,4,1
986000,1,3,1
987000,2,3,1
988000,3,4,1
989000,1,3,1
990000,2,3,1
991000,1,2,1
992000,1,2,1
993000,1,2,1
994000,2,4,1
995000,1,3,1
996000,1,2,1
997000,2,3,1
998000,1,2,1
999000,3,4,1
1000000,1,3,1
