generation,leftchild,rightchild,abstime,lambdainit,lambdashift,muinit,mushift
0,pallidus,snodgrassi,0,0.032,0,0.005,0
1000,pallidus,snodgrassi,0,1.1709,1.84726,0.179045,0
2000,pallidus,snodgrassi,0,1.21006,2.72698,0.273901,0
3000,pallidus,snodgrassi,0,1.30019,0.748405,0.0127671,0
4000,pallidus,snodgrassi,0,1.08006,1.47533,0.183793,0
5000,pallidus,snodgrassi,0,1.04535,2.6669,0.280445,0
6000,pallidus,snodgrassi,0,1.1406,4.66831,0.36876,0
7000,pallidus,snodgrassi,0,1.10554,3.60679,0.0326142,0
8000,pallidus,snodgrassi,0,1.29126,4.24577,0.660731,0
9000,pallidus,snodgrassi,0,0.97576,3.67346,0.103308,0
10000,pallidus,snodgrassi,0,1.34752,3.81139,0.819821,0
11000,pallidus,snodgrassi,0,1.3543,3.10205,0.344046,0
12000,pallidus,snodgrassi,0,1.23437,1.93221,0.541347,0
13000,pallidus,snodgrassi,0,0.997448,2.35599,0.151874,0
14000,pallidus,snodgrassi,0,2.5257,-0.0944689,0.202785,0
15000,pallidus,snodgrassi,0,2.55104,-0.244892,0.0552353,0
16000,pallidus,snodgrassi,0,1.34263,1.65064,0.290008,0
17000,pallidus,snodgrassi,0,1.13192,2.77242,0.10273,0
18000,pallidus,snodgrassi,0,0.94824,2.49918,0.175004,0
19000,pallidus,snodgrassi,0,1.03552,3.65845,7.90848e-06,0
20000,pallidus,snodgrassi,0,1.1011,6.99715,0.0265884,0
21000,pallidus,snodgrassi,0,1.49069,8.58663,1.2998,0
22000,pallidus,snodgrassi,0,1.16241,8.00856,0.491269,0
23000,pallidus,snodgrassi,0,1.32781,1.27371,0.390325,0
24000,pallidus,snodgrassi,0,5.40972,-0.490023,0.72472,0
25000,pallidus,snodgrassi,0,1.00203,5.64933,0.26114,0
26000,pallidus,snodgrassi,0,1.13055,4.47891,0.277222,0
27000,pallidus,snodgrassi,0,1.1682,2.45339,0.192278,0
28000,pallidus,snodgrassi,0,1.25705,0.731685,0.755271,0
29000,pallidus,snodgrassi,0,1.19574,1.90657,0.299473,0
30000,pallidus,snodgrassi,0,4.01715,-0.178264,1.88559,0
31000,pallidus,snodgrassi,0,5.93411,-0.495062,1.40573,0
32000,pallidus,snodgrassi,0,4.60841,-0.676073,0.378857,0
33000,pallidus,snodgrassi,0,3.42465,-0.445099,0.0431313,0
34000,pallidus,snodgrassi,0,4.84294,-0.383643,0.194075,0
35000,pallidus,snodgrassi,0,4.94529,-0.431739,0.257085,0
36000,pallidus,snodgrassi,0,2.98619,-0.28278,0.282562,0
37000,pallidus,snodgrassi,0,5.85821,-0.477288,0.510965,0
38000,pallidus,snodgrassi,0,6.89754,-0.711234,1.11291,0
39000,pallidus,snodgrassi,0,3.41674,-0.228066,0.103184,0
40000,pallidus,snodgrassi,0,2.72512,-0.144098,0.282743,0
41000,pallidus,snodgrassi,0,7.69075,-0.663073,0.815698,0
42000,pallidus,snodgrassi,0,1.07544,5.2467,0.0621036,0
43000,pallidus,snodgrassi,0,1.01588,5.19586,0.0749535,0
44000,pallidus,snodgrassi,0,1.48216,5.75621,1.17384,0
45000,pallidus,snodgrassi,0,1.20707,2.45016,0.339034,0
46000,pallidus,snodgrassi,0,0.844153,2.81659,0.0173813,0
47000,pallidus,snodgrassi,0,1.00187,2.08065,0.192363,0
48000,pallidus,snodgrassi,0,1.1501,3.38647,0.102479,0
49000,pallidus,snodgrassi,0,1.16587,1.95183,0.195679,0
50000,pallidus,snodgrassi,0,1.28897,1.66286,0.146776,0
51000,pallidus,snodgrassi,0,1.34346,2.07709,0.785041,0
52000,pallidus,snodgrassi,0,1.06031,3.14937,0.182254,0
53000,pallidus,snodgrassi,0,1.20255,2.14672,0.17442,0
53000,perspectivus_1,NA,1.96643,23.8298,-7.06738,101.731,0
54000,pallidus,snodgrassi,0,1.35873,0.316857,0.676612,0
55000,pallidus,snodgrassi,0,1.1959,0.515502,0.0278289,0
56000,pallidus,snodgrassi,0,1.50004,0.973438,0.182986,0
57000,pallidus,snodgrassi,0,3.89775,-0.318509,0.907682,0
58000,pallidus,snodgrassi,0,6.32832,-0.532521,0.860838,0
59000,pallidus,snodgrassi,0,2.76362,-0.155226,0.0707196,0
60000,pallidus,snodgrassi,0,1.11735,4.32666,0.315302,0
61000,pallidus,snodgrassi,0,1.11855,4.02265,0.331791,0
62000,pallidus,snodgrassi,0,1.04309,3.93769,0.510688,0
63000,pallidus,snodgrassi,0,1.11196,3.72184,0.0765732,0
64000,pallidus,snodgrassi,0,1.01161,2.20974,0.573714,0
65000,pallidus,snodgrassi,0,1.34177,0.881044,0.116624,0
66000,pallidus,snodgrassi,0,1.14709,2.68828,0.176732,0
67000,pallidus,snodgrassi,0,2.82277,-0.231151,0.00149077,0
68000,pallidus,snodgrassi,0,1.79389,0.253965,0.0840506,0
69000,pallidus,snodgrassi,0,1.2022,2.13095,0.0789441,0
70000,pallidus,snodgrassi,0,4.46447,-0.349596,0.81931,0
71000,pallidus,snodgrassi,0,1.19577,3.04821,0.228864,0
72000,pallidus,snodgrassi,0,1.15671,2.37045,0.16138,0
73000,pallidus,snodgrassi,0,1.16954,1.41628,0.304543,0
74000,pallidus,snodgrassi,0,2.57844,-0.256564,0.00387003,0
75000,pallidus,snodgrassi,0,3.98971,-0.292971,0.78409,0
76000,pallidus,snodgrassi,0,1.04989,2.77629,0.0923811,0
77000,pallidus,snodgrassi,0,1.02533,3.57985,0.523198,0
78000,pallidus,snodgrassi,0,0.935129,4.89149,0.0577093,0
79000,pallidus,snodgrassi,0,3.20595,-0.288015,0.0258028,0
80000,pallidus,snodgrassi,0,0.934009,5.15758,0.121087,0
81000,pallidus,snodgrassi,0,5.12397,-0.497881,0.675077,0
82000,pallidus,snodgrassi,0,1.0788,4.76502,0.321246,0
83000,pallidus,snodgrassi,0,1.68276,4.2641,1.44726,0
84000,pallidus,snodgrassi,0,1.18206,3.07839,0.0851605,0
85000,pallidus,snodgrassi,0,0.899898,2.35098,0.439652,0
86000,pallidus,snodgrassi,0,0.995096,2.81485,0.729495,0
87000,pallidus,snodgrassi,0,1.03135,2.92007,0.125821,0
88000,pallidus,snodgrassi,0,1.23774,3.82307,0.700808,0
89000,pallidus,snodgrassi,0,4.66616,-0.418932,0.261811,0
90000,pallidus,snodgrassi,0,3.08833,-0.274599,0.262717,0
91000,pallidus,snodgrassi,0,1.59061,0.593783,0.0857571,0
92000,pallidus,snodgrassi,0,1.01885,6.71763,0.27919,0
93000,pallidus,snodgrassi,0,1.19169,3.81976,0.239081,0
94000,pallidus,snodgrassi,0,1.48244,3.56858,1.40342,0
94000,unifasciatus,NA,0.908137,28.5979,-10.9986,3.69181,0
94000,canaliferus_2,bauri,1.42214,71.4265,-6.67682,18.2387,0
95000,pallidus,snodgrassi,0,1.29114,3.51462,0.769355,0
96000,pallidus,snodgrassi,0,1.17383,3.9851,0.0782196,0
97000,pallidus,snodgrassi,0,1.1213,4.59508,0.0213585,0
98000,pallidus,snodgrassi,0,1.17906,5.02379,0.89584,0
99000,pallidus,snodgrassi,0,1.35836,4.84297,1.18063,0
100000,pallidus,snodgrassi,0,0.946824,2.81584,0.0164425,0
101000,pallidus,snodgrassi,0,1.40489,5.58883,1.13996,0
102000,pallidus,snodgrassi,0,1.26224,2.87799,0.385424,0
103000,pallidus,snodgrassi,0,1.02056,3.03102,0.728125,0
104000,pallidus,snodgrassi,0,1.48427,1.72719,0.321405,0
105000,pallidus,snodgrassi,0,1.16249,3.81726,0.0230921,0
106000,pallidus,snodgrassi,0,1.309,0.383457,0.000962268,0
107000,pallidus,snodgrassi,0,1.39418,2.54853,0.746086,0
108000,pallidus,snodgrassi,0,1.11475,1.56364,0.0611626,0
109000,pallidus,snodgrassi,0,0.983675,1.52144,0.0392006,0
110000,pallidus,snodgrassi,0,1.21729,2.08641,0.130788,0
111000,pallidus,snodgrassi,0,3.99819,-0.336708,0.0208098,0
112000,pallidus,snodgrassi,0,4.27791,-0.473239,0.1294,0
113000,pallidus,snodgrassi,0,7.51338,-0.651801,0.627508,0
114000,pallidus,snodgrassi,0,11.8732,-1.08188,0.236021,0
115000,pallidus,snodgrassi,0,9.72269,-0.94158,0.317799,0
116000,pallidus,snodgrassi,0,9.52824,-1.13056,0.0208092,0
117000,pallidus,snodgrassi,0,3.47771,-0.264518,0.258514,0
118000,pallidus,snodgrassi,0,2.27078,-0.110731,0.396026,0
119000,pallidus,snodgrassi,0,2.12979,-0.0439087,0.100699,0
120000,pallidus,snodgrassi,0,4.0236,-0.265318,0.427303,0
121000,pallidus,snodgrassi,0,6.71385,-0.65167,0.644765,0
122000,pallidus,snodgrassi,0,3.41145,-0.237917,0.666526,0
123000,pallidus,snodgrassi,0,3.36683,-0.282315,0.297068,0
124000,pallidus,snodgrassi,0,3.25232,-0.273479,0.311675,0
125000,pallidus,snodgrassi,0,5.89893,-0.571465,1.18139,0
126000,pallidus,snodgrassi,0,4.42023,-0.417636,0.36503,0
127000,pallidus,snodgrassi,0,1.26183,0.771399,0.124799,0
128000,pallidus,snodgrassi,0,1.1542,1.6414,0.226184,0
129000,pallidus,snodgrassi,0,1.22142,2.25812,0.633424,0
130000,pallidus,snodgrassi,0,1.14513,4.31846,0.0508246,0
131000,pallidus,snodgrassi,0,0.995003,4.62166,0.446364,0
132000,pallidus,snodgrassi,0,1.10254,3.09277,0.638409,0
133000,pallidus,snodgrassi,0,1.02741,2.79433,0.238952,0
134000,pallidus,snodgrassi,0,1.31749,3.14605,0.880245,0
135000,pallidus,snodgrassi,0,1.17495,0.42149,0.0890513,0
136000,pallidus,snodgrassi,0,1.09355,1.20136,0.00224572,0
137000,pallidus,snodgrassi,0,1.68431,2.0447,1.27966,0
138000,pallidus,snodgrassi,0,1.10869,2.17505,0.277675,0
139000,pallidus,snodgrassi,0,0.965327,3.03697,0.0561574,0
140000,pallidus,snodgrassi,0,1.22808,3.30855,0.0330065,0
141000,pallidus,snodgrassi,0,1.16463,3.45749,0.245119,0
142000,pallidus,snodgrassi,0,1.24874,2.74993,0.611328,0
143000,pallidus,snodgrassi,0,1.15083,1.98276,0.235659,0
144000,pallidus,snodgrassi,0,0.999856,3.438,0.0154861,0
145000,pallidus,snodgrassi,0,1.34098,3.54831,0.784267,0
146000,pallidus,snodgrassi,0,1.04071,1.64047,0.321546,0
147000,pallidus,snodgrassi,0,1.24947,1.30187,0.144456,0
148000,pallidus,snodgrassi,0,1.42038,0.93698,0.252505,0
149000,pallidus,snodgrassi,0,2.85482,-0.0572556,0.0715968,0
150000,pallidus,snodgrassi,0,6.56287,-0.582449,1.06216,0
151000,pallidus,snodgrassi,0,4.64357,-0.514031,0.119942,0
152000,pallidus,snodgrassi,0,5.32293,-0.518948,0.56851,0
153000,pallidus,snodgrassi,0,6.41524,-0.623228,0.276895,0
154000,pallidus,snodgrassi,0,2.38697,-0.0895776,0.797015,0
155000,pallidus,snodgrassi,0,2.01839,0.340341,0.580692,0
156000,pallidus,snodgrassi,0,2.88462,-0.177234,0.109997,0
157000,pallidus,snodgrassi,0,1.90818,0.0921448,0.244982,0
158000,pallidus,snodgrassi,0,2.18687,0.0374941,0.0353424,0
159000,pallidus,snodgrassi,0,1.22385,2.5912,0.121736,0
160000,pallidus,snodgrassi,0,1.21489,5.69557,0.763788,0
161000,pallidus,snodgrassi,0,1.20066,4.07161,0.813906,0
162000,pallidus,snodgrassi,0,3.62542,-0.155728,0.811377,0
163000,pallidus,snodgrassi,0,5.02972,-0.519478,0.451862,0
164000,pallidus,snodgrassi,0,4.69001,-0.508978,0.210393,0
165000,pallidus,snodgrassi,0,5.39847,-0.527964,0.694929,0
166000,pallidus,snodgrassi,0,1.13306,2.01199,0.100499,0
167000,pallidus,snodgrassi,0,0.936099,2.30891,0.0704956,0
168000,pallidus,snodgrassi,0,1.0062,2.27537,0.18485,0
169000,pallidus,snodgrassi,0,1.1318,4.08416,0.194154,0
170000,pallidus,snodgrassi,0,1.04052,3.67799,0.0246633,0
171000,pallidus,snodgrassi,0,1.9451,0.29655,0.542765,0
172000,pallidus,snodgrassi,0,1.74773,6.3381,1.41178,0
173000,pallidus,snodgrassi,0,0.887295,8.20083,0.349382,0
174000,pallidus,snodgrassi,0,1.08181,0.90158,0.239765,0
175000,pallidus,snodgrassi,0,1.27132,8.71215,0.640549,0
176000,pallidus,snodgrassi,0,0.933916,7.42158,0.113799,0
177000,pallidus,snodgrassi,0,1.08092,6.01451,0.0268122,0
178000,pallidus,snodgrassi,0,3.86055,-0.196285,0.295922,0
179000,pallidus,snodgrassi,0,5.21684,-0.519463,0.623847,0
180000,pallidus,snodgrassi,0,0.974591,6.47708,0.354049,0
181000,pallidus,snodgrassi,0,0.992262,7.30733,0.0705008,0
182000,pallidus,snodgrassi,0,1.27955,1.06548,0.247008,0
183000,pallidus,snodgrassi,0,0.970581,5.82581,0.0598591,0
184000,pallidus,snodgrassi,0,1.0467,5.89563,0.35415,0
185000,pallidus,snodgrassi,0,0.99937,7.54241,0.0808899,0
186000,pallidus,snodgrassi,0,1.21829,7.02331,0.0110228,0
187000,pallidus,snodgrassi,0,1.30435,5.5599,1.41229,0
188000,pallidus,snodgrassi,0,0.920228,6.20548,0.181661,0
189000,pallidus,snodgrassi,0,1.16807,4.93095,0.623528,0
190000,pallidus,snodgrassi,0,1.13955,4.69062,0.177934,0
191000,pallidus,snodgrassi,0,0.855999,4.89773,0.35734,0
192000,pallidus,snodgrassi,0,1.23689,2.06318,0.0835127,0
193000,pallidus,snodgrassi,0,1.31259,1.81591,1.05278,0
194000,pallidus,snodgrassi,0,1.47196,0.551862,0.186598,0
195000,pallidus,snodgrassi,0,1.47709,0.354895,0.013209,0
196000,pallidus,snodgrassi,0,1.18447,0.822392,0.054793,0
197000,pallidus,snodgrassi,0,1.23289,0.609133,0.0693587,0
198000,pallidus,snodgrassi,0,3.76075,-0.447506,0.329894,0
199000,pallidus,snodgrassi,0,2.0861,-0.0280804,0.0626155,0
200000,pallidus,snodgrassi,0,5.37557,-0.554162,0.439427,0
201000,pallidus,snodgrassi,0,3.94996,-0.318759,0.0604024,0
202000,pallidus,snodgrassi,0,2.72697,-0.182048,0.389137,0
203000,pallidus,snodgrassi,0,4.02047,-0.449129,0.149259,0
204000,pallidus,snodgrassi,0,3.31897,-0.307752,0.316862,0
205000,pallidus,snodgrassi,0,5.33612,-0.360318,1.37122,0
206000,pallidus,snodgrassi,0,4.33483,-0.403043,0.360601,0
207000,pallidus,snodgrassi,0,3.28073,-0.17406,0.868222,0
208000,pallidus,snodgrassi,0,4.94241,-0.488474,0.227088,0
209000,pallidus,snodgrassi,0,4.55176,-0.366524,0.920428,0
210000,pallidus,snodgrassi,0,5.17877,-0.415203,1.04634,0
211000,pallidus,snodgrassi,0,4.81278,-0.505903,0.185349,0
212000,pallidus,snodgrassi,0,1.06155,4.28354,0.237162,0
213000,pallidus,snodgrassi,0,1.09972,4.80647,0.0891097,0
214000,pallidus,snodgrassi,0,3.89995,-0.252733,1.08712,0
215000,pallidus,snodgrassi,0,1.13285,7.40051,0.417267,0
215000,amastroides,nucula,1.53507,24.3203,-9.70344,2.91502,0
216000,pallidus,snodgrassi,0,0.960163,6.86743,0.132403,0
217000,pallidus,snodgrassi,0,0.952286,6.68173,0.149875,0
218000,pallidus,snodgrassi,0,1.19659,5.98866,0.607655,0
219000,pallidus,snodgrassi,0,6.8533,-0.693261,0.187538,0
220000,pallidus,snodgrassi,0,4.58063,-0.478238,0.437697,0
221000,pallidus,snodgrassi,0,0.890209,8.86189,0.0960745,0
221000,chemnitzioides,NA,1.99102,35.1197,5.6884,54.1379,0
222000,pallidus,snodgrassi,0,3.66142,-0.366612,0.156646,0
223000,pallidus,snodgrassi,0,1.1239,3.00828,0.510886,0
224000,pallidus,snodgrassi,0,1.13445,2.0615,0.417525,0
225000,pallidus,snodgrassi,0,1.20836,1.33079,0.469228,0
226000,pallidus,snodgrassi,0,1.44959,0.280846,0.594857,0
227000,pallidus,snodgrassi,0,1.11429,1.3626,0.102795,0
228000,pallidus,snodgrassi,0,1.06617,1.84459,1.08108,0
229000,pallidus,snodgrassi,0,1.16596,2.41342,0.310803,0
230000,pallidus,snodgrassi,0,1.0586,2.38007,0.0892439,0
231000,pallidus,snodgrassi,0,1.27276,2.26348,0.515869,0
232000,pallidus,snodgrassi,0,1.21876,2.25503,0.328895,0
233000,pallidus,snodgrassi,0,1.15488,2.42879,0.62696,0
234000,pallidus,snodgrassi,0,0.851099,3.61376,0.286671,0
235000,pallidus,snodgrassi,0,1.16003,2.45124,0.322357,0
236000,pallidus,snodgrassi,0,1.20014,1.30787,0.233863,0
237000,pallidus,snodgrassi,0,1.52124,0.99247,0.567125,0
238000,pallidus,snodgrassi,0,1.15444,2.92449,0.0227574,0
239000,pallidus,snodgrassi,0,1.27712,2.39779,0.234273,0
240000,pallidus,snodgrassi,0,1.62862,2.61381,1.83354,0
241000,pallidus,snodgrassi,0,1.15902,1.28004,0.725724,0
242000,pallidus,snodgrassi,0,0.697669,3.66801,0.00423083,0
243000,pallidus,snodgrassi,0,1.08202,4.15283,0.3022,0
244000,pallidus,snodgrassi,0,1.28043,1.99819,0.357977,0
245000,pallidus,snodgrassi,0,2.39599,-0.0939146,0.188894,0
246000,pallidus,snodgrassi,0,3.16998,-0.157535,0.543987,0
247000,pallidus,snodgrassi,0,2.39489,-0.132773,0.345836,0
248000,pallidus,snodgrassi,0,1.0716,2.44006,0.040759,0
249000,pallidus,snodgrassi,0,1.01826,1.88546,0.0554874,0
250000,pallidus,snodgrassi,0,1.27922,1.88106,0.337995,0
251000,pallidus,snodgrassi,0,1.42565,0.629735,0.226299,0
252000,pallidus,snodgrassi,0,1.31161,1.75261,0.189757,0
253000,pallidus,snodgrassi,0,1.73657,0.190822,0.328776,0
254000,pallidus,snodgrassi,0,3.28317,-0.124026,0.474606,0
255000,pallidus,snodgrassi,0,1.35769,0.281675,0.0281584,0
256000,pallidus,snodgrassi,0,1.0806,2.87844,0.201658,0
257000,pallidus,snodgrassi,0,1.07862,3.09721,0.142402,0
258000,pallidus,snodgrassi,0,1.03703,2.86091,0.17084,0
259000,pallidus,snodgrassi,0,1.06028,2.26067,0.221327,0
260000,pallidus,snodgrassi,0,1.03071,1.71737,0.236758,0
261000,pallidus,snodgrassi,0,1.26873,1.14557,0.132513,0
262000,pallidus,snodgrassi,0,1.00315,1.85255,0.440749,0
263000,pallidus,snodgrassi,0,1.07926,1.75765,0.460255,0
264000,pallidus,snodgrassi,0,2.45477,-0.0874701,0.467688,0
265000,pallidus,snodgrassi,0,0.869545,1.04138,0.304901,0
266000,pallidus,snodgrassi,0,1.16755,1.35487,0.408561,0
267000,pallidus,snodgrassi,0,5.9354,-0.505998,0.762052,0
268000,pallidus,snodgrassi,0,4.78402,-0.444658,0.0704367,0
269000,pallidus,snodgrassi,0,5.045,-0.506459,1.05095,0
270000,pallidus,snodgrassi,0,6.75574,-0.658872,0.643364,0
271000,pallidus,snodgrassi,0,6.28713,-0.648698,0.178469,0
272000,pallidus,snodgrassi,0,7.65592,-0.808186,0.121902,0
273000,pallidus,snodgrassi,0,6.27056,-0.610416,0.754755,0
274000,pallidus,snodgrassi,0,8.34042,-0.647766,1.21288,0
275000,pallidus,snodgrassi,0,10.1613,-0.864435,1.08914,0
276000,pallidus,snodgrassi,0,4.71626,-0.520448,0.703165,0
277000,pallidus,snodgrassi,0,2.52376,-0.177814,0.140094,0
278000,pallidus,snodgrassi,0,4.56558,-0.45617,0.636541,0
279000,pallidus,snodgrassi,0,2.11615,0.0269405,0.573933,0
280000,pallidus,snodgrassi,0,3.90469,-0.438495,0.319135,0
281000,pallidus,snodgrassi,0,6.32434,-0.531689,1.06157,0
282000,pallidus,snodgrassi,0,12.1009,-1.19038,0.64675,0
283000,pallidus,snodgrassi,0,8.57599,-0.787844,0.886188,0
284000,pallidus,snodgrassi,0,8.56196,-0.738088,0.193418,0
285000,pallidus,snodgrassi,0,5.97471,-0.51071,0.86338,0
286000,pallidus,snodgrassi,0,7.37566,-0.827421,0.616447,0
287000,pallidus,snodgrassi,0,3.50511,-0.23017,0.59182,0
288000,pallidus,snodgrassi,0,5.65769,-0.650323,0.697459,0
289000,pallidus,snodgrassi,0,3.09956,-0.269317,0.0973074,0
290000,pallidus,snodgrassi,0,4.81926,-0.511263,0.523106,0
291000,pallidus,snodgrassi,0,1.24196,3.44377,1.13559,0
292000,pallidus,snodgrassi,0,2.16457,0.100003,0.542187,0
293000,pallidus,snodgrassi,0,3.79195,-0.329476,0.159121,0
294000,pallidus,snodgrassi,0,1.00348,4.65011,0.596799,0
294000,SF15_02_01_01,ventrosus,1.77134,97.7598,-5.41945,29.3322,0
295000,pallidus,snodgrassi,0,2.09083,-0.0379599,0.143295,0
296000,pallidus,snodgrassi,0,2.14601,0.234743,0.827227,0
297000,pallidus,snodgrassi,0,1.18479,1.9474,0.647036,0
298000,pallidus,snodgrassi,0,2.58743,-0.0680154,0.385212,0
299000,pallidus,snodgrassi,0,2.25192,-0.0204792,0.426566,0
300000,pallidus,snodgrassi,0,1.4468,0.359438,0.176154,0
301000,pallidus,snodgrassi,0,1.20573,1.34427,0.54602,0
302000,pallidus,snodgrassi,0,9.00206,-0.813406,0.692699,0
303000,pallidus,snodgrassi,0,6.55816,-0.367982,1.73469,0
304000,pallidus,snodgrassi,0,6.1686,-0.586261,1.02029,0
305000,pallidus,snodgrassi,0,6.8668,-0.73141,0.498708,0
306000,pallidus,snodgrassi,0,5.67712,-0.556507,0.296217,0
307000,pallidus,snodgrassi,0,3.23144,-0.319905,0.209965,0
308000,pallidus,snodgrassi,0,3.25247,-0.30434,0.478616,0
309000,pallidus,snodgrassi,0,3.14356,-0.191435,0.670286,0
310000,pallidus,snodgrassi,0,4.14269,-0.460635,0.370702,0
311000,pallidus,snodgrassi,0,4.80427,-0.575163,0.553798,0
312000,pallidus,snodgrassi,0,8.57048,-0.860545,0.392999,0
313000,pallidus,snodgrassi,0,5.38911,-0.499556,0.657787,0
314000,pallidus,snodgrassi,0,4.51017,-0.334435,0.65952,0
315000,pallidus,snodgrassi,0,1.20036,0.296069,0.186442,0
316000,pallidus,snodgrassi,0,5.50375,-0.56045,0.30734,0
317000,pallidus,snodgrassi,0,2.18899,0.13089,0.326871,0
318000,pallidus,snodgrassi,0,10.7286,-0.870436,1.0701,0
319000,pallidus,snodgrassi,0,1.04294,2.39895,0.0234738,0
320000,pallidus,snodgrassi,0,5.04001,-0.498941,0.226349,0
321000,pallidus,snodgrassi,0,2.23009,0.090946,0.390793,0
322000,pallidus,snodgrassi,0,2.30931,0.0295164,0.438365,0
323000,pallidus,snodgrassi,0,4.06538,-0.289489,0.748867,0
324000,pallidus,snodgrassi,0,3.5274,-0.250337,0.378291,0
325000,pallidus,snodgrassi,0,1.47,0.340883,0.319076,0
326000,pallidus,snodgrassi,0,1.27573,2.04393,0.366387,0
327000,pallidus,snodgrassi,0,1.69889,1.20611,1.78179,0
328000,pallidus,snodgrassi,0,1.24973,5.45025,0.57223,0
329000,pallidus,snodgrassi,0,0.988697,7.04196,0.225376,0
330000,pallidus,snodgrassi,0,1.03731,7.68779,0.070299,0
331000,pallidus,snodgrassi,0,1.35451,5.32408,0.0130261,0
332000,pallidus,snodgrassi,0,1.0276,2.62322,0.0159716,0
333000,pallidus,snodgrassi,0,1.34227,0.435342,0.181667,0
334000,pallidus,snodgrassi,0,3.15432,-0.258146,0.127557,0
335000,pallidus,snodgrassi,0,4.71033,-0.484493,1.06627,0
336000,pallidus,snodgrassi,0,2.91991,-0.243693,0.257799,0
337000,pallidus,snodgrassi,0,2.72201,-0.198034,0.141938,0
338000,pallidus,snodgrassi,0,1.45785,2.03028,0.35239,0
339000,pallidus,snodgrassi,0,4.88397,-0.317241,1.30076,0
340000,pallidus,snodgrassi,0,6.77336,-0.607771,1.31752,0
341000,pallidus,snodgrassi,0,5.5701,-0.671632,0.363197,0
342000,pallidus,snodgrassi,0,6.05557,-0.714512,0.807253,0
343000,pallidus,snodgrassi,0,1.8208,0.341614,0.304229,0
344000,pallidus,snodgrassi,0,2.89701,-0.220395,0.0883907,0
345000,pallidus,snodgrassi,0,2.8267,-0.217789,0.0881484,0
346000,pallidus,snodgrassi,0,3.49963,-0.356792,0.371508,0
347000,pallidus,snodgrassi,0,1.69758,1.15847,0.818176,0
348000,pallidus,snodgrassi,0,1.1761,2.35769,0.301743,0
349000,pallidus,snodgrassi,0,3.64788,-0.394094,0.163103,0
350000,pallidus,snodgrassi,0,1.30501,1.88755,0.337778,0
351000,pallidus,snodgrassi,0,1.09078,4.01089,0.195975,0
352000,pallidus,snodgrassi,0,1.16206,5.1778,0.129978,0
353000,pallidus,snodgrassi,0,1.13205,4.54616,0.225501,0
354000,pallidus,snodgrassi,0,1.14343,4.04138,0.0254776,0
355000,pallidus,snodgrassi,0,1.10694,3.94059,0.228496,0
356000,pallidus,snodgrassi,0,1.20751,2.84571,0.214596,0
357000,pallidus,snodgrassi,0,1.52156,5.52922,0.899798,0
358000,pallidus,snodgrassi,0,1.21286,5.30884,0.303179,0
359000,pallidus,snodgrassi,0,1.22867,5.83928,0.354116,0
360000,pallidus,snodgrassi,0,0.940616,9.49094,0.0838187,0
361000,pallidus,snodgrassi,0,1.08473,8.75189,0.172157,0
362000,pallidus,snodgrassi,0,1.07531,11.0849,0.0392726,0
363000,pallidus,snodgrassi,0,1.1567,11.3377,0.400885,0
364000,pallidus,snodgrassi,0,0.942387,11.7803,0.0725372,0
365000,pallidus,snodgrassi,0,1.21202,0.535038,0.441755,0
366000,pallidus,snodgrassi,0,1.69112,0.107105,0.00898063,0
367000,pallidus,snodgrassi,0,1.10237,1.51737,0.0802388,0
368000,pallidus,snodgrassi,0,1.19532,1.40873,0.116992,0
369000,pallidus,snodgrassi,0,1.12533,4.21107,0.171259,0
370000,pallidus,snodgrassi,0,1.07739,3.26241,0.735012,0
371000,pallidus,snodgrassi,0,1.00019,1.92694,0.170248,0
372000,pallidus,snodgrassi,0,1.15862,8.12828,0.205807,0
373000,pallidus,snodgrassi,0,1.09822,8.76125,0.260944,0
374000,pallidus,snodgrassi,0,1.19965,10.9771,0.103611,0
375000,pallidus,snodgrassi,0,1.18369,9.88733,1.07946,0
376000,pallidus,snodgrassi,0,1.17831,8.5525,0.55812,0
377000,pallidus,snodgrassi,0,0.725594,8.80728,0.0580086,0
378000,pallidus,snodgrassi,0,1.20994,9.92874,0.541212,0
379000,pallidus,snodgrassi,0,1.01013,11.5017,0.0223639,0
380000,pallidus,snodgrassi,0,1.1182,11.0809,0.191903,0
381000,pallidus,snodgrassi,0,1.06198,8.38959,0.272043,0
382000,pallidus,snodgrassi,0,1.37797,1.3164,0.352401,0
383000,pallidus,snodgrassi,0,1.22573,3.90307,0.963864,0
384000,pallidus,snodgrassi,0,1.01346,7.27192,0.710634,0
385000,pallidus,snodgrassi,0,1.14106,6.78937,0.739776,0
386000,pallidus,snodgrassi,0,1.01846,7.37808,0.0381516,0
387000,pallidus,snodgrassi,0,1.02085,5.77823,0.058708,0
388000,pallidus,snodgrassi,0,0.974501,5.69083,0.161764,0
389000,pallidus,snodgrassi,0,1.04314,3.4143,0.364715,0
390000,pallidus,snodgrassi,0,1.30588,1.51753,0.599206,0
391000,pallidus,snodgrassi,0,1.3024,3.17035,0.388507,0
392000,pallidus,snodgrassi,0,1.09051,2.41737,0.0720605,0
393000,pallidus,snodgrassi,0,1.17495,1.36051,0.22764,0
394000,pallidus,snodgrassi,0,1.3896,1.05931,0.624485,0
395000,pallidus,snodgrassi,0,1.35308,0.813432,0.299226,0
396000,pallidus,snodgrassi,0,5.04257,-0.440423,0.828707,0
397000,pallidus,snodgrassi,0,2.77983,-0.18782,0.0299443,0
398000,pallidus,snodgrassi,0,2.34934,0.229808,1.21722,0
399000,pallidus,snodgrassi,0,1.22493,1.65159,0.0344584,0
400000,pallidus,snodgrassi,0,1.15532,1.73313,0.617341,0
401000,pallidus,snodgrassi,0,1.02565,2.39282,0.338379,0
402000,pallidus,snodgrassi,0,1.32557,2.28647,0.234979,0
403000,pallidus,snodgrassi,0,1.32834,1.83785,0.0432956,0
404000,pallidus,snodgrassi,0,4.43267,-0.246054,0.949496,0
405000,pallidus,snodgrassi,0,2.02455,0.0842306,0.396467,0
406000,pallidus,snodgrassi,0,5.40765,-0.511083,0.161623,0
407000,pallidus,snodgrassi,0,4.2572,-0.495788,0.120038,0
408000,pallidus,snodgrassi,0,7.03719,-0.725057,0.345473,0
409000,pallidus,snodgrassi,0,5.85729,-0.619493,0.440602,0
410000,pallidus,snodgrassi,0,3.53136,-0.234146,0.728315,0
411000,pallidus,snodgrassi,0,5.36969,-0.578788,0.712437,0
412000,pallidus,snodgrassi,0,3.12649,-0.154459,0.622712,0
413000,pallidus,snodgrassi,0,7.57283,-0.659573,1.1132,0
414000,pallidus,snodgrassi,0,7.14922,-0.707338,0.947998,0
415000,pallidus,snodgrassi,0,8.57569,-0.970003,0.335079,0
416000,pallidus,snodgrassi,0,6.05862,-0.711375,0.233495,0
417000,pallidus,snodgrassi,0,1.90915,0.1047,0.0675324,0
418000,pallidus,snodgrassi,0,2.50413,-0.0347117,0.252664,0
419000,pallidus,snodgrassi,0,1.14954,1.17151,0.161356,0
420000,pallidus,snodgrassi,0,1.43827,1.43627,0.526269,0
421000,pallidus,snodgrassi,0,1.05306,2.91442,0.0465406,0
422000,pallidus,snodgrassi,0,1.69434,0.16234,0.421451,0
423000,pallidus,snodgrassi,0,1.19222,2.97896,0.130889,0
424000,pallidus,snodgrassi,0,0.994861,4.23419,0.561177,0
424000,sculpturatus,NA,1.89817,29.3066,1.84339,13.505,0
425000,pallidus,snodgrassi,0,1.06003,4.75295,0.146939,0
426000,pallidus,snodgrassi,0,1.09977,5.69019,0.61846,0
427000,pallidus,snodgrassi,0,1.06317,8.01783,0.0432113,0
428000,pallidus,snodgrassi,0,0.928578,9.13741,0.528909,0
429000,pallidus,snodgrassi,0,1.20934,9.58339,0.4517,0
430000,pallidus,snodgrassi,0,0.878864,9.96297,0.0372116,0
431000,pallidus,snodgrassi,0,1.21449,6.46481,0.976411,0
432000,pallidus,snodgrassi,0,0.968736,5.95171,0.132101,0
433000,pallidus,snodgrassi,0,0.992438,7.85742,0.109695,0
434000,pallidus,snodgrassi,0,1.16314,8.14614,0.0166484,0
435000,pallidus,snodgrassi,0,1.24085,6.63747,0.0660578,0
436000,pallidus,snodgrassi,0,0.995656,4.84099,0.133096,0
437000,pallidus,snodgrassi,0,1.03193,2.79672,0.0935114,0
438000,pallidus,snodgrassi,0,0.991119,1.58859,0.0342544,0
439000,pallidus,snodgrassi,0,1.60514,0.561209,0.607234,0
440000,pallidus,snodgrassi,0,1.3501,1.22759,0.469056,0
441000,pallidus,snodgrassi,0,1.06721,2.80386,0.0155814,0
442000,pallidus,snodgrassi,0,0.897498,3.7926,0.0247295,0
443000,pallidus,snodgrassi,0,1.12569,2.58222,0.674458,0
444000,pallidus,snodgrassi,0,3.88155,-0.458743,0.0339927,0
445000,pallidus,snodgrassi,0,1.29915,3.35978,0.651243,0
446000,pallidus,snodgrassi,0,3.17004,-0.247567,0.119519,0
447000,pallidus,snodgrassi,0,1.28428,4.81709,0.937522,0
448000,pallidus,snodgrassi,0,0.962758,3.00433,0.0334962,0
449000,pallidus,snodgrassi,0,1.18433,2.3002,0.441559,0
450000,pallidus,snodgrassi,0,1.16455,2.49569,0.464577,0
451000,pallidus,snodgrassi,0,1.34792,3.24643,0.295571,0
452000,pallidus,snodgrassi,0,1.23025,3.17995,0.401688,0
453000,pallidus,snodgrassi,0,0.919122,4.64263,0.122545,0
454000,pallidus,snodgrassi,0,0.965253,5.02163,0.0210839,0
455000,pallidus,snodgrassi,0,1.04809,3.62591,0.516087,0
456000,pallidus,snodgrassi,0,1.11236,2.11476,0.154438,0
457000,pallidus,snodgrassi,0,1.25544,2.91731,0.612169,0
458000,pallidus,snodgrassi,0,0.974809,3.59718,0.149021,0
459000,pallidus,snodgrassi,0,1.2762,2.76841,0.312399,0
460000,pallidus,snodgrassi,0,1.05261,2.30718,0.030291,0
461000,pallidus,snodgrassi,0,1.19341,0.662553,0.224583,0
462000,pallidus,snodgrassi,0,1.36872,1.03117,0.275421,0
463000,pallidus,snodgrassi,0,1.46803,0.94821,0.465706,0
464000,pallidus,snodgrassi,0,1.31356,2.75921,0.425252,0
465000,pallidus,snodgrassi,0,1.13544,4.44814,0.255834,0
466000,pallidus,snodgrassi,0,1.07726,2.85791,0.0791363,0
467000,pallidus,snodgrassi,0,1.07145,3.05922,0.334886,0
467000,caryonis,rugulosus,1.46931,12.6055,-3.68931,1.72614,0
468000,pallidus,snodgrassi,0,4.54314,-0.422588,0.762865,0
469000,pallidus,snodgrassi,0,6.03074,-0.672614,0.70559,0
470000,pallidus,snodgrassi,0,5.41801,-0.623163,0.284682,0
471000,pallidus,snodgrassi,0,1.19737,5.51505,0.143063,0
472000,pallidus,snodgrassi,0,6.818,-0.719379,0.125476,0
473000,pallidus,snodgrassi,0,1.08638,4.23318,0.477101,0
473000,wolfi_2,NA,1.89798,5.25488,-1.58085,1.83815,0
474000,pallidus,snodgrassi,0,4.45619,-0.351493,0.39738,0
475000,pallidus,snodgrassi,0,7.39093,-0.74929,0.334867,0
476000,pallidus,snodgrassi,0,4.00578,-0.404662,0.708994,0
477000,pallidus,snodgrassi,0,2.67074,-0.0601117,0.807995,0
478000,pallidus,snodgrassi,0,1.02482,2.37726,0.296213,0
479000,pallidus,snodgrassi,0,1.19188,0.914619,0.270281,0
480000,pallidus,snodgrassi,0,1.00953,1.32219,0.246796,0
481000,pallidus,snodgrassi,0,1.15614,3.79816,0.0288314,0
482000,pallidus,snodgrassi,0,1.09405,2.85912,0.032628,0
483000,pallidus,snodgrassi,0,1.05828,3.25374,0.210487,0
484000,pallidus,snodgrassi,0,1.12619,3.52775,0.595743,0
485000,pallidus,snodgrassi,0,1.16438,1.79504,0.0325242,0
486000,pallidus,snodgrassi,0,1.25448,1.18713,0.183244,0
486000,wolfi,NA,1.58353,4.88095,-3.05951,5.99231,0
486000,cf-basiplicatus,NA,1.90591,51.9375,-0.935102,46.4501,0
487000,pallidus,snodgrassi,0,1.14962,1.9298,0.180965,0
488000,pallidus,snodgrassi,0,1.29114,0.949554,0.586692,0
489000,pallidus,snodgrassi,0,1.0333,1.73239,0.00055771,0
490000,pallidus,snodgrassi,0,1.26852,2.57377,0.419122,0
491000,pallidus,snodgrassi,0,0.944803,1.62596,0.00507574,0
492000,pallidus,snodgrassi,0,0.936347,1.2245,0.0217791,0
492000,nux,NA,1.99354,0.392801,2.1134,113.292,0
493000,pallidus,snodgrassi,0,1.03476,3.87583,0.358004,0
494000,pallidus,snodgrassi,0,0.972416,3.99485,0.0220868,0
495000,pallidus,snodgrassi,0,0.978335,4.95695,0.0907161,0
496000,pallidus,snodgrassi,0,1.10694,5.81851,0.0200995,0
497000,pallidus,snodgrassi,0,1.31745,8.75975,0.3412,0
498000,pallidus,snodgrassi,0,0.951822,9.91733,0.25826,0
499000,pallidus,snodgrassi,0,1.09533,6.23823,0.0541444,0
499000,rugiferus,NA,1.9373,40.0332,-8.05484,33.1293,0
500000,pallidus,snodgrassi,0,1.06669,7.04919,0.401982,0
501000,pallidus,snodgrassi,0,1.22094,7.74653,0.901771,0
502000,pallidus,snodgrassi,0,1.28172,8.98062,0.268591,0
503000,pallidus,snodgrassi,0,1.12107,10.9954,0.438847,0
504000,pallidus,snodgrassi,0,1.10657,11.2744,0.138992,0
505000,pallidus,snodgrassi,0,0.901024,11.2249,0.262013,0
506000,pallidus,snodgrassi,0,0.914239,9.46732,0.611899,0
507000,pallidus,snodgrassi,0,1.20114,9.76132,1.07575,0
508000,pallidus,snodgrassi,0,1.15885,10.2813,0.328967,0
509000,pallidus,snodgrassi,0,1.46555,8.95301,1.44764,0
510000,pallidus,snodgrassi,0,1.34326,7.3377,0.0700287,0
511000,pallidus,snodgrassi,0,0.968763,7.89473,0.361707,0
512000,pallidus,snodgrassi,0,1.03095,9.34592,0.00926331,0
513000,pallidus,snodgrassi,0,1.04736,10.7615,0.297463,0
514000,pallidus,snodgrassi,0,1.10038,10.1532,0.00850227,0
515000,pallidus,snodgrassi,0,1.20997,10.2374,0.47827,0
516000,pallidus,snodgrassi,0,1.05632,10.8605,0.204175,0
517000,pallidus,snodgrassi,0,0.974475,9.74025,0.053308,0
518000,pallidus,snodgrassi,0,1.19504,10.7602,0.601817,0
519000,pallidus,snodgrassi,0,1.07427,9.20561,0.314736,0
520000,pallidus,snodgrassi,0,0.865784,9.92018,0.166155,0
521000,pallidus,snodgrassi,0,0.968583,10.312,0.227872,0
522000,pallidus,snodgrassi,0,1.30517,10.217,0.229031,0
523000,pallidus,snodgrassi,0,1.11298,9.94603,0.385662,0
524000,pallidus,snodgrassi,0,0.904883,9.49036,0.0355133,0
525000,pallidus,snodgrassi,0,1.0801,9.04388,0.566175,0
526000,pallidus,snodgrassi,0,1.10361,9.2275,0.187848,0
527000,pallidus,snodgrassi,0,0.883556,7.92687,0.190547,0
528000,pallidus,snodgrassi,0,1.14308,5.69936,0.126808,0
529000,pallidus,snodgrassi,0,1.51646,6.61029,0.847045,0
530000,pallidus,snodgrassi,0,1.0119,5.56902,0.0944972,0
531000,pallidus,snodgrassi,0,1.14367,5.5323,0.896852,0
532000,pallidus,snodgrassi,0,1.14319,3.96289,0.916845,0
533000,pallidus,snodgrassi,0,1.05884,5.40869,0.075281,0
534000,pallidus,snodgrassi,0,1.15951,3.01856,0.06251,0
535000,pallidus,snodgrassi,0,1.23151,1.80622,0.0152493,0
536000,pallidus,snodgrassi,0,1.17532,2.65257,0.611174,0
537000,pallidus,snodgrassi,0,1.08512,3.6252,0.488224,0
538000,pallidus,snodgrassi,0,0.975877,6.97218,0.434125,0
539000,pallidus,snodgrassi,0,0.980879,4.55248,0.0306733,0
540000,pallidus,snodgrassi,0,1.26279,2.31229,0.154563,0
541000,pallidus,snodgrassi,0,1.11713,2.24796,0.120627,0
542000,pallidus,snodgrassi,0,1.06684,1.6545,0.0333916,0
543000,pallidus,snodgrassi,0,0.897231,2.65718,0.011037,0
544000,pallidus,snodgrassi,0,1.58503,0.492804,0.462933,0
545000,pallidus,snodgrassi,0,2.33467,-0.032177,0.113271,0
546000,pallidus,snodgrassi,0,1.17169,3.27817,0.109006,0
547000,pallidus,snodgrassi,0,7.35184,-0.878541,0.337373,0
548000,pallidus,snodgrassi,0,3.3617,-0.244264,0.120062,0
549000,pallidus,snodgrassi,0,5.96821,-0.654785,0.244859,0
550000,pallidus,snodgrassi,0,4.65748,-0.436433,0.355528,0
551000,pallidus,snodgrassi,0,1.20408,4.38022,0.451387,0
552000,pallidus,snodgrassi,0,3.36398,-0.309593,0.567217,0
553000,pallidus,snodgrassi,0,1.18762,4.6776,0.106904,0
554000,pallidus,snodgrassi,0,1.16465,4.88686,0.209614,0
555000,pallidus,snodgrassi,0,1.07521,5.16849,0.521893,0
556000,pallidus,snodgrassi,0,1.53125,5.80925,0.952925,0
557000,pallidus,snodgrassi,0,0.999245,5.00804,0.254176,0
558000,pallidus,snodgrassi,0,0.967998,4.91766,0.0184232,0
559000,pallidus,snodgrassi,0,1.05229,5.79335,0.316041,0
560000,pallidus,snodgrassi,0,0.979741,5.48559,0.467129,0
561000,pallidus,snodgrassi,0,1.00295,6.63896,0.476768,0
562000,pallidus,snodgrassi,0,1.13652,5.75257,0.208341,0
563000,pallidus,snodgrassi,0,0.956189,6.88859,0.172489,0
564000,pallidus,snodgrassi,0,1.13383,5.41992,0.0949793,0
564000,basiplicatus,NA,1.95202,18.8574,10.0855,0.533104,0
565000,pallidus,snodgrassi,0,1.05731,5.70439,0.327923,0
566000,pallidus,snodgrassi,0,2.22805,0.226046,0.786435,0
567000,pallidus,snodgrassi,0,1.27449,12.073,0.304372,0
568000,pallidus,snodgrassi,0,0.769708,12.195,0.0299988,0
569000,pallidus,snodgrassi,0,1.00686,14.6133,0.0841587,0
570000,pallidus,snodgrassi,0,1.2807,15.8156,0.195319,0
571000,pallidus,snodgrassi,0,1.04156,15.0102,0.578747,0
572000,pallidus,snodgrassi,0,1.00647,13.5782,0.274503,0
573000,pallidus,snodgrassi,0,1.21666,14.4795,0.252536,0
574000,pallidus,snodgrassi,0,1.55337,13.9401,1.04326,0
575000,pallidus,snodgrassi,0,0.87346,7.08939,0.103943,0
576000,pallidus,snodgrassi,0,1.03599,10.4821,0.0623976,0
577000,pallidus,snodgrassi,0,1.27688,11.2876,0.147579,0
578000,pallidus,snodgrassi,0,1.02307,10.7987,0.335932,0
579000,pallidus,snodgrassi,0,1.05712,11.4842,0.482355,0
580000,pallidus,snodgrassi,0,0.898791,8.94442,0.0446675,0
581000,pallidus,snodgrassi,0,1.31113,10.0811,0.601282,0
582000,pallidus,snodgrassi,0,0.979138,6.74721,0.174192,0
583000,pallidus,snodgrassi,0,0.845192,10.1105,0.084982,0
584000,pallidus,snodgrassi,0,1.16513,8.30651,0.67779,0
585000,pallidus,snodgrassi,0,1.40109,9.45334,0.695008,0
586000,pallidus,snodgrassi,0,1.13945,8.40908,0.0890589,0
587000,pallidus,snodgrassi,0,1.34937,9.80867,0.80245,0
588000,pallidus,snodgrassi,0,1.09812,8.41012,0.526269,0
589000,pallidus,snodgrassi,0,0.984116,6.5224,0.127761,0
590000,pallidus,snodgrassi,0,1.02957,7.30201,0.187193,0
591000,pallidus,snodgrassi,0,1.00424,2.79175,0.072312,0
592000,pallidus,snodgrassi,0,1.1504,4.87317,0.0633336,0
593000,pallidus,snodgrassi,0,1.13655,3.72112,0.0841955,0
594000,pallidus,snodgrassi,0,1.67544,0.551329,0.541362,0
595000,pallidus,snodgrassi,0,6.10671,-0.681419,0.00125931,0
596000,pallidus,snodgrassi,0,4.21019,-0.48242,0.325579,0
597000,pallidus,snodgrassi,0,1.1485,3.55893,0.670556,0
598000,pallidus,snodgrassi,0,6.99663,-0.696914,0.2863,0
599000,pallidus,snodgrassi,0,4.88167,-0.598451,0.081099,0
600000,pallidus,snodgrassi,0,4.25855,-0.508517,0.320944,0
601000,pallidus,snodgrassi,0,3.56993,-0.36466,0.267399,0
602000,pallidus,snodgrassi,0,6.6212,-0.61147,1.06623,0
603000,pallidus,snodgrassi,0,2.88578,-0.139377,0.276253,0
604000,pallidus,snodgrassi,0,1.85867,0.0723599,0.0873781,0
605000,pallidus,snodgrassi,0,1.1211,7.37443,0.45445,0
606000,pallidus,snodgrassi,0,1.14869,2.47157,0.17676,0
607000,pallidus,snodgrassi,0,1.20405,3.36119,0.0182141,0
608000,pallidus,snodgrassi,0,1.0784,4.73354,0.545323,0
609000,pallidus,snodgrassi,0,0.950784,5.02578,0.230722,0
610000,pallidus,snodgrassi,0,1.17397,5.03143,0.125037,0
611000,pallidus,snodgrassi,0,1.18998,5.35581,0.328768,0
612000,pallidus,snodgrassi,0,1.01943,5.7255,0.13557,0
613000,pallidus,snodgrassi,0,1.17032,6.32889,0.0369968,0
614000,pallidus,snodgrassi,0,1.10388,9.58335,0.261772,0
615000,pallidus,snodgrassi,0,1.10762,8.29553,0.126548,0
616000,pallidus,snodgrassi,0,0.962775,5.56002,0.32045,0
617000,pallidus,snodgrassi,0,1.09234,5.40944,0.0450042,0
618000,pallidus,snodgrassi,0,0.904121,2.06631,0.150093,0
619000,pallidus,snodgrassi,0,1.29743,2.36032,0.705042,0
620000,pallidus,snodgrassi,0,1.17643,3.07097,0.0588549,0
621000,pallidus,snodgrassi,0,1.12567,4.74858,0.0045075,0
622000,pallidus,snodgrassi,0,1.14324,2.63415,0.057232,0
623000,pallidus,snodgrassi,0,1.00979,2.00464,0.0940188,0
624000,pallidus,snodgrassi,0,1.23454,1.05829,0.238819,0
625000,pallidus,snodgrassi,0,5.80564,-0.621043,0.206269,0
626000,pallidus,snodgrassi,0,1.18032,1.97802,0.300663,0
627000,pallidus,snodgrassi,0,1.31191,3.2966,0.914081,0
628000,pallidus,snodgrassi,0,0.992392,2.41827,0.193809,0
629000,pallidus,snodgrassi,0,1.24731,2.56005,0.228169,0
630000,pallidus,snodgrassi,0,1.45567,1.87679,0.245326,0
631000,pallidus,snodgrassi,0,1.3002,0.565894,0.273674,0
632000,pallidus,snodgrassi,0,2.57833,0.0680798,0.0244277,0
633000,pallidus,snodgrassi,0,1.06067,3.42676,0.77529,0
634000,pallidus,snodgrassi,0,3.67447,-0.15832,1.02202,0
635000,pallidus,snodgrassi,0,2.80117,-0.103148,0.449068,0
636000,pallidus,snodgrassi,0,8.74613,-0.640952,1.8389,0
637000,pallidus,snodgrassi,0,3.75651,-0.455387,0.324772,0
638000,pallidus,snodgrassi,0,1.3811,1.08341,0.375899,0
639000,pallidus,snodgrassi,0,6.26394,-0.644557,0.449233,0
640000,pallidus,snodgrassi,0,3.55404,-0.343559,0.281089,0
641000,pallidus,snodgrassi,0,4.39382,-0.47666,0.387316,0
642000,pallidus,snodgrassi,0,2.85984,-0.166318,0.407411,0
643000,pallidus,snodgrassi,0,1.17141,1.45763,0.55349,0
644000,pallidus,snodgrassi,0,1.32177,2.72449,0.206681,0
645000,pallidus,snodgrassi,0,1.5722,0.850733,0.752702,0
646000,pallidus,snodgrassi,0,5.61589,-0.562526,0.504738,0
647000,pallidus,snodgrassi,0,4.87506,-0.420681,0.622249,0
648000,pallidus,snodgrassi,0,6.93235,-0.563335,1.73353,0
649000,pallidus,snodgrassi,0,7.03907,-0.8449,0.16455,0
649000,SF15_02_01_01,ventrosus,1.88127,36.9433,-12.7827,38.2027,0
650000,pallidus,snodgrassi,0,2.45357,-0.0796824,0.0789686,0
651000,pallidus,snodgrassi,0,1.53598,0.176372,0.22486,0
652000,pallidus,snodgrassi,0,1.41427,1.59538,0.0504156,0
653000,pallidus,snodgrassi,0,1.16376,0.920823,0.0708623,0
654000,pallidus,snodgrassi,0,1.05421,4.70631,0.202099,0
655000,pallidus,snodgrassi,0,1.01925,4.11242,0.0668029,0
656000,pallidus,snodgrassi,0,6.15445,-0.548753,0.493447,0
657000,pallidus,snodgrassi,0,4.40083,-0.503838,0.213378,0
658000,pallidus,snodgrassi,0,2.85694,-0.192233,0.776859,0
659000,pallidus,snodgrassi,0,6.79648,-0.577981,1.70398,0
660000,pallidus,snodgrassi,0,1.0076,2.62055,0.331152,0
661000,pallidus,snodgrassi,0,1.19385,3.38844,0.192049,0
662000,pallidus,snodgrassi,0,1.10332,2.23998,0.109327,0
663000,pallidus,snodgrassi,0,1.0086,2.65277,0.0206187,0
664000,pallidus,snodgrassi,0,1.38355,1.16799,0.655231,0
665000,pallidus,snodgrassi,0,5.76901,-0.570119,1.1693,0
666000,pallidus,snodgrassi,0,1.31725,0.518536,0.117155,0
667000,pallidus,snodgrassi,0,1.105,3.5825,0.265935,0
668000,pallidus,snodgrassi,0,1.25415,6.76306,0.629366,0
669000,pallidus,snodgrassi,0,1.20521,4.89564,0.629243,0
670000,pallidus,snodgrassi,0,1.33,3.05585,0.0116304,0
671000,pallidus,snodgrassi,0,1.03469,4.15772,0.0548728,0
672000,pallidus,snodgrassi,0,1.08254,3.81226,0.116456,0
673000,pallidus,snodgrassi,0,1.12395,5.49617,0.0852013,0
674000,pallidus,snodgrassi,0,1.29388,5.76551,0.467424,0
675000,pallidus,snodgrassi,0,1.15883,7.22095,0.359912,0
676000,pallidus,snodgrassi,0,0.907308,8.19939,0.286957,0
677000,pallidus,snodgrassi,0,6.17837,-0.637649,0.414172,0
678000,pallidus,snodgrassi,0,7.30115,-0.792627,0.639945,0
679000,pallidus,snodgrassi,0,0.945744,6.56545,0.064458,0
680000,pallidus,snodgrassi,0,1.03205,8.61496,0.60067,0
681000,pallidus,snodgrassi,0,1.14396,6.35248,0.0337135,0
682000,pallidus,snodgrassi,0,1.29786,7.72727,1.04638,0
683000,pallidus,snodgrassi,0,1.40146,8.84022,0.0480439,0
684000,pallidus,snodgrassi,0,1.04599,8.22637,0.063032,0
685000,pallidus,snodgrassi,0,1.05244,9.76655,0.518585,0
686000,pallidus,snodgrassi,0,1.52531,10.9755,0.857933,0
687000,pallidus,snodgrassi,0,1.05725,11.7003,0.134282,0
688000,pallidus,snodgrassi,0,3.22843,-0.266081,0.263724,0
689000,pallidus,snodgrassi,0,1.12108,13.3602,0.0183596,0
690000,pallidus,snodgrassi,0,1.32304,13.619,0.682409,0
691000,pallidus,snodgrassi,0,4.61594,-0.306973,0.527481,0
692000,pallidus,snodgrassi,0,1.11154,14.4006,0.318823,0
693000,pallidus,snodgrassi,0,0.943136,12.2482,0.0387386,0
694000,pallidus,snodgrassi,0,1.09007,9.94959,0.147681,0
695000,pallidus,snodgrassi,0,1.11932,8.93605,0.0658375,0
696000,pallidus,snodgrassi,0,1.16468,0.652499,0.101851,0
697000,pallidus,snodgrassi,0,1.02343,8.1947,0.360033,0
698000,pallidus,snodgrassi,0,1.10467,3.39448,0.245836,0
699000,pallidus,snodgrassi,0,1.42937,9.02507,0.637115,0
700000,pallidus,snodgrassi,0,1.29775,4.26858,0.703704,0
701000,pallidus,snodgrassi,0,1.26326,7.95715,0.139905,0
702000,pallidus,snodgrassi,0,0.930218,5.46733,0.050747,0
703000,pallidus,snodgrassi,0,0.987884,3.66144,0.238665,0
704000,pallidus,snodgrassi,0,1.1265,3.68874,0.0119383,0
705000,pallidus,snodgrassi,0,1.25559,3.31173,0.201311,0
706000,pallidus,snodgrassi,0,1.0576,1.80622,0.186013,0
707000,pallidus,snodgrassi,0,1.12781,2.00701,0.148014,0
708000,pallidus,snodgrassi,0,1.63006,3.43846,1.12036,0
709000,pallidus,snodgrassi,0,1.09485,2.28817,0.501196,0
710000,pallidus,snodgrassi,0,1.72907,0.222684,0.180294,0
711000,pallidus,snodgrassi,0,2.51536,-0.0597501,0.807546,0
712000,pallidus,snodgrassi,0,2.65366,-0.152774,0.0921303,0
713000,pallidus,snodgrassi,0,2.35987,-0.116881,0.132605,0
714000,pallidus,snodgrassi,0,3.45161,-0.343352,0.169264,0
715000,pallidus,snodgrassi,0,8.23432,-0.616653,1.98335,0
716000,pallidus,snodgrassi,0,3.42402,-0.277069,0.175517,0
717000,pallidus,snodgrassi,0,4.83483,-0.520051,0.00859086,0
718000,pallidus,snodgrassi,0,3.19612,-0.246314,0.541372,0
719000,pallidus,snodgrassi,0,6.31448,-0.517915,1.72523,0
720000,pallidus,snodgrassi,0,3.62312,-0.180287,0.726925,0
721000,pallidus,snodgrassi,0,4.12552,-0.31089,0.726983,0
722000,pallidus,snodgrassi,0,1.37788,1.05766,0.429406,0
723000,pallidus,snodgrassi,0,0.941518,1.5679,0.0735244,0
724000,pallidus,snodgrassi,0,1.09038,3.39127,0.0450148,0
725000,pallidus,snodgrassi,0,6.23688,-0.564964,0.809677,0
726000,pallidus,snodgrassi,0,1.22874,2.56738,0.172274,0
727000,pallidus,snodgrassi,0,1.27396,1.03352,0.374097,0
728000,pallidus,snodgrassi,0,4.75542,-0.431521,1.17257,0
729000,pallidus,snodgrassi,0,1.18324,4.24668,0.0264639,0
730000,pallidus,snodgrassi,0,8.58506,-0.693278,1.29102,0
731000,pallidus,snodgrassi,0,4.64164,-0.500013,0.58943,0
732000,pallidus,snodgrassi,0,3.37019,-0.253214,1.11384,0
733000,pallidus,snodgrassi,0,2.93902,-0.191996,0.395135,0
734000,pallidus,snodgrassi,0,1.35642,1.43324,0.236748,0
735000,pallidus,snodgrassi,0,1.13542,1.65489,0.88229,0
736000,pallidus,snodgrassi,0,1.09604,1.82494,0.106103,0
737000,pallidus,snodgrassi,0,1.13188,4.0971,0.380984,0
738000,pallidus,snodgrassi,0,0.872103,1.96551,0.0409656,0
739000,pallidus,snodgrassi,0,1.36648,2.72744,0.69123,0
740000,pallidus,snodgrassi,0,1.17404,1.54912,0.0917289,0
741000,pallidus,snodgrassi,0,1.11226,1.95717,0.846899,0
742000,pallidus,snodgrassi,0,2.34057,-0.21866,0.00977575,0
743000,pallidus,snodgrassi,0,1.39455,2.94721,0.717678,0
744000,pallidus,snodgrassi,0,0.990279,2.16019,0.179713,0
745000,pallidus,snodgrassi,0,1.0795,4.73246,0.168005,0
746000,pallidus,snodgrassi,0,1.12104,3.1187,0.219455,0
747000,pallidus,snodgrassi,0,0.955092,4.65121,0.0567042,0
747000,rabidensis,NA,1.98901,143.605,-8.74241,346.802,0
748000,pallidus,snodgrassi,0,1.24855,5.76706,0.146116,0
749000,pallidus,snodgrassi,0,0.824612,7.3948,0.0518609,0
750000,pallidus,snodgrassi,0,0.996168,8.1561,0.272873,0
751000,pallidus,snodgrassi,0,0.994736,7.96419,0.225903,0
752000,pallidus,snodgrassi,0,1.15971,6.95279,0.639691,0
753000,pallidus,snodgrassi,0,1.14456,8.57761,0.489065,0
754000,pallidus,snodgrassi,0,0.891793,3.90121,0.0840942,0
755000,pallidus,snodgrassi,0,0.999978,3.48291,0.112302,0
756000,pallidus,snodgrassi,0,1.02345,2.00672,0.290064,0
757000,pallidus,snodgrassi,0,1.06264,2.44672,0.0927228,0
758000,pallidus,snodgrassi,0,1.13917,7.16703,0.177433,0
759000,pallidus,snodgrassi,0,1.05504,2.4048,0.119449,0
759000,little_Black_Garrapatero,NA,1.99492,59.2986,-5.93787,71.024,0
760000,pallidus,snodgrassi,0,1.02888,2.25652,0.382819,0
761000,pallidus,snodgrassi,0,1.25898,7.54876,0.0423641,0
762000,pallidus,snodgrassi,0,1.31682,1.18971,0.150093,0
763000,pallidus,snodgrassi,0,0.888369,2.90486,0.607432,0
764000,pallidus,snodgrassi,0,1.39268,0.777771,0.455993,0
765000,pallidus,snodgrassi,0,1.06271,1.79956,0.0485915,0
766000,pallidus,snodgrassi,0,1.32276,3.33242,0.573093,0
766000,achatellinus,NA,1.96595,86.6415,-1.30598,187.401,0
767000,pallidus,snodgrassi,0,4.54586,-0.307454,0.762851,0
768000,pallidus,snodgrassi,0,4.62741,-0.474064,0.842702,0
769000,pallidus,snodgrassi,0,0.971118,3.3568,0.141496,0
770000,pallidus,snodgrassi,0,0.967416,2.78403,0.210388,0
771000,pallidus,snodgrassi,0,1.17213,4.23609,0.251686,0
772000,pallidus,snodgrassi,0,1.15402,3.40823,0.418124,0
773000,pallidus,snodgrassi,0,1.18399,3.30006,0.688525,0
774000,pallidus,snodgrassi,0,1.0907,4.39824,0.103499,0
775000,pallidus,snodgrassi,0,1.08944,2.52358,0.553132,0
776000,pallidus,snodgrassi,0,1.23141,3.53398,0.967287,0
777000,pallidus,snodgrassi,0,1.17543,3.63756,0.443328,0
778000,pallidus,snodgrassi,0,0.808402,3.12783,0.0670565,0
779000,pallidus,snodgrassi,0,3.61345,-0.235916,0.480818,0
780000,pallidus,snodgrassi,0,10.3977,-0.857619,1.47178,0
781000,pallidus,snodgrassi,0,1.12551,0.593939,0.0364943,0
782000,pallidus,snodgrassi,0,1.0182,1.53213,0.0299393,0
783000,pallidus,snodgrassi,0,5.86228,-0.602915,0.211926,0
784000,pallidus,snodgrassi,0,2.10953,0.0423296,0.219792,0
785000,pallidus,snodgrassi,0,1.20279,1.81252,0.445632,0
786000,pallidus,snodgrassi,0,3.19617,-0.119117,0.704045,0
787000,pallidus,snodgrassi,0,2.6554,-0.0600936,0.800057,0
788000,pallidus,snodgrassi,0,4.12098,-0.403081,0.065551,0
789000,pallidus,snodgrassi,0,7.37746,-0.693734,0.684985,0
790000,pallidus,snodgrassi,0,3.41591,-0.263234,0.0410027,0
791000,pallidus,snodgrassi,0,4.19894,-0.243034,0.954554,0
792000,pallidus,snodgrassi,0,2.21893,-0.131398,0.253598,0
793000,pallidus,snodgrassi,0,4.12529,-0.279713,0.702367,0
794000,pallidus,snodgrassi,0,1.16453,0.859657,0.104486,0
795000,pallidus,snodgrassi,0,0.965646,3.77244,0.591625,0
796000,pallidus,snodgrassi,0,5.57557,-0.45235,1.33774,0
797000,pallidus,snodgrassi,0,4.16786,-0.513467,0.339463,0
798000,pallidus,snodgrassi,0,2.46816,-0.0493174,0.128287,0
799000,pallidus,snodgrassi,0,1.20387,4.23728,0.09388,0
800000,pallidus,snodgrassi,0,1.03811,3.56287,0.186205,0
801000,pallidus,snodgrassi,0,1.23493,2.71657,0.169446,0
802000,pallidus,snodgrassi,0,1.2169,5.24295,0.151568,0
803000,pallidus,snodgrassi,0,1.2168,5.18971,0.551978,0
804000,pallidus,snodgrassi,0,6.66198,-0.726751,0.203158,0
805000,pallidus,snodgrassi,0,1.20555,6.77801,0.373111,0
806000,pallidus,snodgrassi,0,0.955444,6.71107,0.122784,0
807000,pallidus,snodgrassi,0,4.92921,-0.550674,0.287823,0
808000,pallidus,snodgrassi,0,5.34692,-0.405068,1.09113,0
809000,pallidus,snodgrassi,0,4.58977,-0.395719,0.713652,0
810000,pallidus,snodgrassi,0,1.00889,4.30319,0.19806,0
811000,pallidus,snodgrassi,0,1.2786,4.54157,0.00115413,0
812000,pallidus,snodgrassi,0,1.33646,6.01389,0.750902,0
813000,pallidus,snodgrassi,0,3.08568,-0.358859,0.346471,0
814000,pallidus,snodgrassi,0,3.55955,-0.243194,0.80214,0
815000,pallidus,snodgrassi,0,3.37171,-0.394486,0.0973395,0
816000,pallidus,snodgrassi,0,1.25314,6.7116,0.0535862,0
817000,pallidus,snodgrassi,0,1.02885,8.8304,0.166881,0
818000,pallidus,snodgrassi,0,1.13122,6.42147,0.258146,0
819000,pallidus,snodgrassi,0,0.903878,9.04366,0.0456022,0
820000,pallidus,snodgrassi,0,1.0375,6.35262,0.4098,0
821000,pallidus,snodgrassi,0,1.5466,1.5432,1.15235,0
822000,pallidus,snodgrassi,0,0.993249,5.9887,0.296056,0
823000,pallidus,snodgrassi,0,0.91937,5.15024,0.0478234,0
824000,pallidus,snodgrassi,0,1.24914,2.05111,0.430795,0
825000,pallidus,snodgrassi,0,1.43952,0.827806,0.432452,0
826000,pallidus,snodgrassi,0,0.927085,1.05049,0.00111751,0
827000,pallidus,snodgrassi,0,3.69815,-0.467268,0.616889,0
828000,pallidus,snodgrassi,0,4.85517,-0.520494,0.672284,0
829000,pallidus,snodgrassi,0,1.15098,1.24044,0.206112,0
830000,pallidus,snodgrassi,0,1.66294,0.395684,0.0658746,0
831000,pallidus,snodgrassi,0,9.54184,-0.824153,1.00513,0
832000,pallidus,snodgrassi,0,4.0125,-0.306731,0.316579,0
833000,pallidus,snodgrassi,0,3.60813,-0.382951,0.807561,0
834000,pallidus,snodgrassi,0,4.33547,-0.478105,0.0171867,0
835000,pallidus,snodgrassi,0,1.89292,-0.0522798,0.306113,0
836000,pallidus,snodgrassi,0,1.26942,0.419935,0.039288,0
837000,pallidus,snodgrassi,0,2.89777,-0.203933,0.720144,0
838000,pallidus,snodgrassi,0,5.19519,-0.512193,0.414497,0
839000,pallidus,snodgrassi,0,5.87636,-0.612876,0.468397,0
840000,pallidus,snodgrassi,0,8.96526,-0.917294,0.450138,0
841000,pallidus,snodgrassi,0,1.26819,2.54261,0.6064,0
842000,pallidus,snodgrassi,0,5.05116,-0.586842,0.176502,0
843000,pallidus,snodgrassi,0,6.35388,-0.613361,0.210839,0
844000,pallidus,snodgrassi,0,6.43024,-0.736332,0.438386,0
845000,pallidus,snodgrassi,0,3.61975,-0.272835,0.513814,0
846000,pallidus,snodgrassi,0,5.77321,-0.605873,0.505784,0
847000,pallidus,snodgrassi,0,1.01628,2.74553,0.720679,0
848000,pallidus,snodgrassi,0,10.1201,-0.947809,0.969239,0
849000,pallidus,snodgrassi,0,7.171,-0.868271,0.302109,0
850000,pallidus,snodgrassi,0,1.74466,-0.0581807,0.323077,0
851000,pallidus,snodgrassi,0,1.67234,0.330887,0.855461,0
852000,pallidus,snodgrassi,0,6.52969,-0.854756,0.209846,0
853000,pallidus,snodgrassi,0,2.54644,-0.18528,0.0727491,0
854000,pallidus,snodgrassi,0,3.06,-0.257204,0.408083,0
855000,pallidus,snodgrassi,0,6.22697,-0.827926,0.399618,0
856000,pallidus,snodgrassi,0,1.33011,2.45492,0.353505,0
857000,pallidus,snodgrassi,0,3.07333,-0.169029,0.00770034,0
858000,pallidus,snodgrassi,0,1.08118,2.96802,0.342081,0
859000,pallidus,snodgrassi,0,1.37011,0.908339,0.315832,0
860000,pallidus,snodgrassi,0,1.24744,2.86032,0.493508,0
861000,pallidus,snodgrassi,0,3.31219,-0.321676,0.0195565,0
862000,pallidus,snodgrassi,0,2.10666,0.0399528,0.268058,0
863000,pallidus,snodgrassi,0,1.48727,0.459019,0.495275,0
864000,pallidus,snodgrassi,0,3.01696,-0.156629,0.0597267,0
865000,pallidus,snodgrassi,0,1.44926,0.423098,0.547896,0
866000,pallidus,snodgrassi,0,1.60539,3.1629,1.68568,0
867000,pallidus,snodgrassi,0,6.42273,-0.558084,0.745869,0
868000,pallidus,snodgrassi,0,1.0584,3.00211,0.0865911,0
869000,pallidus,snodgrassi,0,3.86148,-0.407907,0.388396,0
870000,pallidus,snodgrassi,0,1.84339,0.053415,0.0492164,0
871000,pallidus,snodgrassi,0,3.30973,-0.248514,0.0167765,0
872000,pallidus,snodgrassi,0,3.52299,-0.294533,0.253497,0
873000,pallidus,snodgrassi,0,0.866802,1.25508,0.134617,0
874000,pallidus,snodgrassi,0,1.70089,0.311179,0.334893,0
874000,jacobinus,NA,1.9181,11.5476,-3.75437,0.23052,0
875000,pallidus,snodgrassi,0,3.65367,-0.382806,0.228172,0
876000,pallidus,snodgrassi,0,3.07114,-0.204131,0.078061,0
877000,pallidus,snodgrassi,0,7.0887,-0.628387,0.0847031,0
878000,pallidus,snodgrassi,0,3.59636,-0.304795,0.365743,0
879000,pallidus,snodgrassi,0,5.86604,-0.517466,0.0944908,0
880000,pallidus,snodgrassi,0,1.57776,0.260275,0.0990068,0
881000,pallidus,snodgrassi,0,2.88696,-0.283251,0.318161,0
882000,pallidus,snodgrassi,0,1.66617,0.815089,0.933554,0
883000,pallidus,snodgrassi,0,1.86826,0.154499,0.0451303,0
884000,pallidus,snodgrassi,0,1.26176,0.980161,0.445247,0
885000,pallidus,snodgrassi,0,1.2357,1.35134,0.08799,0
886000,pallidus,snodgrassi,0,1.17125,1.53131,0.061285,0
887000,pallidus,snodgrassi,0,0.922294,4.43114,0.00086939,0
888000,pallidus,snodgrassi,0,1.21166,1.63842,0.427354,0
888000,sp-_nov-_Alcedo_1,NA,1.99354,59.0872,-6.46035,6.17409,0
889000,pallidus,snodgrassi,0,1.48791,0.444816,0.125325,0
890000,pallidus,snodgrassi,0,2.76519,-0.198505,0.513637,0
891000,pallidus,snodgrassi,0,2.07203,-0.0524868,0.101826,0
892000,pallidus,snodgrassi,0,4.70426,-0.40886,0.400154,0
893000,pallidus,snodgrassi,0,4.79829,-0.585875,0.0817677,0
894000,pallidus,snodgrassi,0,3.12305,-0.226714,0.165627,0
895000,pallidus,snodgrassi,0,9.05293,-0.718007,0.745795,0
896000,pallidus,snodgrassi,0,3.76936,-0.415702,0.0878876,0
897000,pallidus,snodgrassi,0,7.3966,-0.484349,2.07395,0
898000,pallidus,snodgrassi,0,1.03319,1.3354,0.365417,0
899000,pallidus,snodgrassi,0,1.19824,1.04106,0.0134792,0
900000,pallidus,snodgrassi,0,0.904636,1.01266,0.15592,0
901000,pallidus,snodgrassi,0,4.35406,-0.367054,1.24246,0
902000,pallidus,snodgrassi,0,5.41088,-0.573796,0.0517347,0
903000,pallidus,snodgrassi,0,4.57274,-0.434104,0.0780097,0
904000,pallidus,snodgrassi,0,4.41644,-0.356072,0.678278,0
905000,pallidus,snodgrassi,0,2.81982,-0.309181,0.045566,0
906000,pallidus,snodgrassi,0,1.21339,1.98901,0.345548,0
907000,pallidus,snodgrassi,0,1.16509,3.54601,0.524029,0
908000,pallidus,snodgrassi,0,0.952151,5.9362,0.0470997,0
909000,pallidus,snodgrassi,0,1.1267,4.45843,0.0906836,0
910000,pallidus,snodgrassi,0,1.3043,4.6703,0.338811,0
911000,pallidus,snodgrassi,0,1.04725,2.48502,0.0572484,0
912000,pallidus,snodgrassi,0,1.15973,1.27129,0.413866,0
913000,pallidus,snodgrassi,0,1.45088,0.287538,0.432026,0
914000,pallidus,snodgrassi,0,1.28462,2.11132,0.0338896,0
915000,pallidus,snodgrassi,0,1.12857,2.39191,0.83665,0
916000,pallidus,snodgrassi,0,7.09817,-0.661887,0.58781,0
917000,pallidus,snodgrassi,0,2.26146,-0.0297466,0.489874,0
918000,pallidus,snodgrassi,0,2.7129,-0.145216,0.0906499,0
919000,pallidus,snodgrassi,0,2.77596,-0.15185,0.285674,0
920000,pallidus,snodgrassi,0,2.42919,-0.234319,0.450689,0
921000,pallidus,snodgrassi,0,4.93233,-0.490072,1.23513,0
922000,pallidus,snodgrassi,0,3.77869,-0.294693,0.215859,0
923000,pallidus,snodgrassi,0,1.03845,2.99481,0.214917,0
924000,pallidus,snodgrassi,0,1.26876,2.47875,0.410329,0
925000,pallidus,snodgrassi,0,1.19717,2.18865,0.33998,0
926000,pallidus,snodgrassi,0,1.02859,3.80262,0.190749,0
927000,pallidus,snodgrassi,0,1.1437,4.11559,0.443011,0
928000,pallidus,snodgrassi,0,9.96088,-0.917521,0.318585,0
929000,pallidus,snodgrassi,0,0.936395,4.26395,0.213768,0
930000,pallidus,snodgrassi,0,5.45293,-0.417415,0.90407,0
931000,pallidus,snodgrassi,0,0.947426,3.06901,0.176733,0
932000,pallidus,snodgrassi,0,1.13204,2.37607,0.552083,0
933000,pallidus,snodgrassi,0,1.07323,0.827332,0.153502,0
934000,pallidus,snodgrassi,0,1.12323,2.27776,0.286855,0
935000,pallidus,snodgrassi,0,1.5679,0.387645,0.120233,0
936000,pallidus,snodgrassi,0,2.18693,0.144794,0.205838,0
937000,pallidus,snodgrassi,0,1.57696,0.675436,0.207719,0
938000,pallidus,snodgrassi,0,1.0787,1.62752,0.0787222,0
939000,pallidus,snodgrassi,0,2.73527,-0.0709271,0.540356,0
940000,pallidus,snodgrassi,0,3.12967,-0.311406,0.513022,0
941000,pallidus,snodgrassi,0,4.19113,-0.510035,0.0543088,0
942000,pallidus,snodgrassi,0,8.02492,-0.714664,0.338148,0
943000,pallidus,snodgrassi,0,4.78445,-0.480132,0.604429,0
944000,pallidus,snodgrassi,0,2.58235,-0.117332,0.671816,0
945000,pallidus,snodgrassi,0,1.16509,1.72907,0.231691,0
946000,pallidus,snodgrassi,0,1.07159,2.24232,0.0316331,0
947000,pallidus,snodgrassi,0,1.60762,0.520636,0.0586675,0
948000,pallidus,snodgrassi,0,1.12421,2.40058,0.186346,0
948000,reibischi,NA,1.98569,67.8756,-1.56798,77.2731,0
949000,pallidus,snodgrassi,0,1.75405,0.390766,0.599087,0
950000,pallidus,snodgrassi,0,4.12388,-0.372746,0.280556,0
951000,pallidus,snodgrassi,0,4.53755,-0.408949,0.218156,0
952000,pallidus,snodgrassi,0,6.38722,-0.805084,0.0632159,0
952000,simrothi,NA,1.99697,30.4498,2.25695,4.75942,0
953000,pallidus,snodgrassi,0,4.46933,-0.398885,0.44349,0
954000,pallidus,snodgrassi,0,7.44572,-0.785068,0.900313,0
955000,pallidus,snodgrassi,0,2.92795,-0.152461,0.57091,0
956000,pallidus,snodgrassi,0,3.61041,-0.252802,0.765955,0
957000,pallidus,snodgrassi,0,1.05751,5.17656,0.55779,0
958000,pallidus,snodgrassi,0,1.02094,5.69757,0.225471,0
959000,pallidus,snodgrassi,0,2.17507,-0.202327,0.0108317,0
960000,pallidus,snodgrassi,0,1.90307,-0.0124786,0.090402,0
961000,pallidus,snodgrassi,0,2.23067,-0.0073401,0.161771,0
962000,pallidus,snodgrassi,0,3.41962,-0.51657,0.331627,0
963000,pallidus,snodgrassi,0,4.25246,-0.388825,0.626845,0
964000,pallidus,snodgrassi,0,6.33513,-0.603874,0.671713,0
965000,pallidus,snodgrassi,0,3.27941,-0.306485,0.0608454,0
966000,pallidus,snodgrassi,0,1.11159,4.23176,0.0640672,0
967000,pallidus,snodgrassi,0,1.30008,3.41959,0.418054,0
968000,pallidus,snodgrassi,0,1.10592,2.20878,0.292493,0
969000,pallidus,snodgrassi,0,1.06596,2.48079,0.144776,0
970000,pallidus,snodgrassi,0,1.95804,0.052181,0.107156,0
971000,pallidus,snodgrassi,0,1.44157,3.07079,0.712056,0
972000,pallidus,snodgrassi,0,1.16586,0.925417,0.111979,0
973000,pallidus,snodgrassi,0,0.929502,0.766646,0.138294,0
974000,pallidus,snodgrassi,0,1.12202,2.66162,0.72404,0
975000,pallidus,snodgrassi,0,1.55094,0.462194,0.904848,0
976000,pallidus,snodgrassi,0,3.96233,-0.265813,1.08588,0
977000,pallidus,snodgrassi,0,1.416,2.20596,0.655992,0
978000,pallidus,snodgrassi,0,2.66625,-0.0547733,0.281079,0
979000,pallidus,snodgrassi,0,1.16702,2.04825,0.238657,0
980000,pallidus,snodgrassi,0,5.10584,-0.431249,0.832718,0
981000,pallidus,snodgrassi,0,0.985839,3.39454,0.238348,0
982000,pallidus,snodgrassi,0,1.51851,1.44432,0.877447,0
983000,pallidus,snodgrassi,0,1.05881,2.1754,0.703242,0
984000,pallidus,snodgrassi,0,1.13104,3.56447,0.361927,0
985000,pallidus,snodgrassi,0,1.22738,1.959,0.128452,0
986000,pallidus,snodgrassi,0,0.96879,2.75332,0.096658,0
987000,pallidus,snodgrassi,0,1.13964,4.78092,0.112876,0
988000,pallidus,snodgrassi,0,1.18266,2.04498,0.0252229,0
989000,pallidus,snodgrassi,0,3.7381,-0.425055,0.37452,0
990000,pallidus,snodgrassi,0,2.68028,-0.147416,0.689453,0
991000,pallidus,snodgrassi,0,1.10591,2.0568,0.128663,0
992000,pallidus,snodgrassi,0,4.05115,-0.405502,0.0967861,0
993000,pallidus,snodgrassi,0,1.36303,2.52527,1.04435,0
994000,pallidus,snodgrassi,0,1.27089,2.37429,0.457302,0
995000,pallidus,snodgrassi,0,1.25824,3.23038,0.652742,0
996000,pallidus,snodgrassi,0,1.1938,1.29143,0.163778,0
997000,pallidus,snodgrassi,0,1.1792,3.01733,0.433271,0
998000,pallidus,snodgrassi,0,1.17113,4.92635,0.156096,0
999000,pallidus,snodgrassi,0,1.00097,2.52958,0.119082,0
